Handle,Title,Body (HTML),Vendor,Product Category,Type,Tags,Published,Option1 Name,Option1 Value,Option1 Linked To,Option2 Name,Option2 Value,Option2 Linked To,Option3 Name,Option3 Value,Option3 Linked To,Variant SKU,Variant Grams,Variant Inventory Tracker,Variant Inventory Qty,Variant Inventory Policy,Variant Fulfillment Service,Variant Price,Variant Compare At Price,Variant Requires Shipping,Variant Taxable,Unit Price Total Measure,Unit Price Total Measure Unit,Unit Price Base Measure,Unit Price Base Measure Unit,Variant Barcode,Image Src,Image Position,Image Alt Text,Gift Card,SEO Title,SEO Description,Variant Image,Variant Weight Unit,Variant Tax Code,Cost per item,Status
aalok-4-pc-bedroom-set,AALOK 4 Pc. Bedroom Set,"<p><span style=""color:#1e73be;""><strong>FREE SHIPPING</strong></span><br>
AALOK 4 Pc. Bedroom Set completes the bedroom with a relaxed, pulled-together look. As a bedroom bedroom set, it is designed to coordinate with matching pieces. The Glam character adds definition without feeling heavy. Crafted with Velvet-like Fabric, Solid Wood, Wood Veneer, then finished in Silver or Warm Gray tones to suit a range of interiors.<br>
Size: Queen</p>

<p>Features<br>
- Silver or Warm Gray<br>
- Padded H or B & F or B w/ Pleated Design<br>
- Cabriole Legs<br>
- USB Charger on Night Stand<br>
- Felt-lined Top Drawer<br>
- Hidden Drawer in Dresser<br>
- Foundation Required Included items and dimensions:<br>
- Nightstand w/ USB: color: Silver; dimensions: 33 3 or 8"" W x 17""D x 27 3 or 4"" H; feature: Glam<br>
- Dresser: color: Silver; dimensions: 62"" W x 17""D x 40"" H; feature: Glam</p>

<p>Materials: Velvet-like Fabric, Solid Wood, Wood Veneer.<br>
Color: Silver or Warm Gray<br>
Weight: 528 lbs</p>",GOODDEGG,Furniture > Furniture Sets > Bedroom Furniture Sets,Bedroom Set,"Furniture of America, Quick Ship Furniture, New Arrival, Indoor Furniture, 2026",TRUE,Size,Queen,,,,,,,,CM7864Q-4PC,239497,shopify,20,deny,manual,2877,,TRUE,FALSE,,,,,,https://cdn.shopify.com/s/files/1/0268/6749/9079/files/CM7864-1-Z.jpg,1,aalok-4-pc-bedroom-set,FALSE,AALOK 4 Pc. Bedroom Set,"Shop AALOK 4 Pc. Bedroom Set. Glam style. Velvet-like Fabric, Solid Wood build. Size: Queen. Free shipping. Buy now at GOODDEGG.",CM7864-1-Z.jpg,lb,,1119,active
aalok-4-pc-bedroom-set,,,,,,,,,,,,,,,,,,,,,,,,,,,,,,,,https://cdn.shopify.com/s/files/1/0268/6749/9079/files/CM7864-2.jpg,2,aalok-4-pc-bedroom-set,,,,,,,,
aalok-4-pc-bedroom-set,,,,,,,,,,,,,,,,,,,,,,,,,,,,,,,,https://cdn.shopify.com/s/files/1/0268/6749/9079/files/CM7864-3.jpg,3,aalok-4-pc-bedroom-set,,,,,,,,
aalok-4-pc-bedroom-set,,,,,,,,,,,,,,,,,,,,,,,,,,,,,,,,https://cdn.shopify.com/s/files/1/0268/6749/9079/files/CM7864-4.jpg,4,aalok-4-pc-bedroom-set,,,,,,,,
aalok-4-pc-bedroom-set,,,,,,,,,,,,,,,,,,,,,,,,,,,,,,,,https://cdn.shopify.com/s/files/1/0268/6749/9079/files/CM7864-5.jpg,5,aalok-4-pc-bedroom-set,,,,,,,,
aalok-4-pc-bedroom-set,,,,,,,,,,,,,,,,,,,,,,,,,,,,,,,,https://cdn.shopify.com/s/files/1/0268/6749/9079/files/CM7864-6.jpg,6,aalok-4-pc-bedroom-set,,,,,,,,
aalok-5-pc-bedroom-set-w-2ns,AALOK 5 Pc. Bedroom Set w/ 2NS,"<p><span style=""color:#1e73be;""><strong>FREE SHIPPING</strong></span><br>
AALOK 5 Pc. Bedroom Set w/ 2NS brings a restful, finished feel to the bedroom. This bedroom bedroom set is made to fit naturally into the room. A Glam profile gives the space a refined, approachable look. With Velvet-like Fabric, Solid Wood, Wood Veneer, construction and Silver or Warm Gray tones, it blends durability with visual warmth.<br>
Size: Queen</p>

<p>Features<br>
- Silver or Warm Gray<br>
- Padded H or B & F or B w/ Pleated Design<br>
- Cabriole Legs<br>
- USB Charger on Night Stand<br>
- Felt-lined Top Drawer<br>
- Hidden Drawer in Dresser<br>
- Foundation Required Included items and dimensions:<br>
- Nightstand w/ USB: color: Silver; dimensions: 33 3 or 8"" W x 17""D x 27 3 or 4"" H; feature: Glam<br>
- Dresser: color: Silver; dimensions: 62"" W x 17""D x 40"" H; feature: Glam</p>

<p>Materials: Velvet-like Fabric, Solid Wood, Wood Veneer.<br>
Color: Silver or Warm Gray<br>
Weight: 602.8 lbs</p>",GOODDEGG,Furniture > Furniture Sets > Bedroom Furniture Sets,Bedroom Set,"Furniture of America, Quick Ship Furniture, New Arrival, Indoor Furniture, 2026",TRUE,Size,Queen,,,,,,,,CM7864Q-5PC-2NS,273425,shopify,20,deny,manual,3327,,TRUE,FALSE,,,,,,https://cdn.shopify.com/s/files/1/0268/6749/9079/files/CM7864-1-Z.jpg,1,aalok-5-pc-bedroom-set-w-2ns,FALSE,AALOK 5 Pc. Bedroom Set w/ 2NS,"Shop AALOK 5 Pc. Bedroom Set w/ 2NS. Glam style. Velvet-like Fabric, Solid Wood build. Size: Queen. Free shipping. Buy now at GOODDEGG.",CM7864-1-Z.jpg,lb,,1289,active
aalok-5-pc-bedroom-set-w-2ns,,,,,,,,,,,,,,,,,,,,,,,,,,,,,,,,https://cdn.shopify.com/s/files/1/0268/6749/9079/files/CM7864-2.jpg,2,aalok-5-pc-bedroom-set-w-2ns,,,,,,,,
aalok-5-pc-bedroom-set-w-2ns,,,,,,,,,,,,,,,,,,,,,,,,,,,,,,,,https://cdn.shopify.com/s/files/1/0268/6749/9079/files/CM7864-3.jpg,3,aalok-5-pc-bedroom-set-w-2ns,,,,,,,,
aalok-5-pc-bedroom-set-w-2ns,,,,,,,,,,,,,,,,,,,,,,,,,,,,,,,,https://cdn.shopify.com/s/files/1/0268/6749/9079/files/CM7864-4.jpg,4,aalok-5-pc-bedroom-set-w-2ns,,,,,,,,
aalok-5-pc-bedroom-set-w-2ns,,,,,,,,,,,,,,,,,,,,,,,,,,,,,,,,https://cdn.shopify.com/s/files/1/0268/6749/9079/files/CM7864-5.jpg,5,aalok-5-pc-bedroom-set-w-2ns,,,,,,,,
aalok-5-pc-bedroom-set-w-2ns,,,,,,,,,,,,,,,,,,,,,,,,,,,,,,,,https://cdn.shopify.com/s/files/1/0268/6749/9079/files/CM7864-6.jpg,6,aalok-5-pc-bedroom-set-w-2ns,,,,,,,,
aalok-5-pc-bedroom-set-w-chest,AALOK 5 Pc. Bedroom Set w/ Chest,"<p><span style=""color:#1e73be;""><strong>FREE SHIPPING</strong></span><br>
Create a calm, coordinated retreat with AALOK 5 Pc. Bedroom Set w/ Chest. Designed as a bedroom bedroom set, it pairs easily with surrounding decor. Its Glam styling keeps the room feeling polished yet comfortable. Finished in Silver or Warm Gray tones, the Velvet-like Fabric, Solid Wood, Wood Veneer, build keeps the look polished and practical.<br>
Size: Queen</p>

<p>Features<br>
- Silver or Warm Gray<br>
- Padded H or B & F or B w/ Pleated Design<br>
- Cabriole Legs<br>
- USB Charger on Night Stand<br>
- Felt-lined Top Drawer<br>
- Hidden Drawer in Dresser<br>
- Foundation Required Included items and dimensions:<br>
- Nightstand w/ USB: color: Silver; dimensions: 33 3 or 8"" W x 17""D x 27 3 or 4"" H; feature: Glam<br>
- Dresser: color: Silver; dimensions: 62"" W x 17""D x 40"" H; feature: Glam<br>
- Chest: color: Silver; dimensions: 38 3 or 8"" W x 17""D x 54"" H; feature: Glam</p>

<p>Materials: Velvet-like Fabric, Solid Wood, Wood Veneer.<br>
Color: Silver or Warm Gray<br>
Weight: 739.2 lbs</p>",GOODDEGG,Furniture > Furniture Sets > Bedroom Furniture Sets,Bedroom Set,"Furniture of America, Quick Ship Furniture, New Arrival, Indoor Furniture, 2026",TRUE,Size,Queen,,,,,,,,CM7864Q-5PC-CHEST,335295,shopify,20,deny,manual,3684,,TRUE,FALSE,,,,,,https://cdn.shopify.com/s/files/1/0268/6749/9079/files/CM7864-1-Z.jpg,1,aalok-5-pc-bedroom-set-w-chest,FALSE,AALOK 5 Pc. Bedroom Set w/ Chest,"Shop AALOK 5 Pc. Bedroom Set w/ Chest. Glam style. Velvet-like Fabric, Solid Wood build. Size: Queen. Free shipping. Buy now at GOODDEGG.",CM7864-1-Z.jpg,lb,,1448,active
aalok-5-pc-bedroom-set-w-chest,,,,,,,,,,,,,,,,,,,,,,,,,,,,,,,,https://cdn.shopify.com/s/files/1/0268/6749/9079/files/CM7864-2.jpg,2,aalok-5-pc-bedroom-set-w-chest,,,,,,,,
aalok-5-pc-bedroom-set-w-chest,,,,,,,,,,,,,,,,,,,,,,,,,,,,,,,,https://cdn.shopify.com/s/files/1/0268/6749/9079/files/CM7864-3.jpg,3,aalok-5-pc-bedroom-set-w-chest,,,,,,,,
aalok-5-pc-bedroom-set-w-chest,,,,,,,,,,,,,,,,,,,,,,,,,,,,,,,,https://cdn.shopify.com/s/files/1/0268/6749/9079/files/CM7864-4.jpg,4,aalok-5-pc-bedroom-set-w-chest,,,,,,,,
aalok-5-pc-bedroom-set-w-chest,,,,,,,,,,,,,,,,,,,,,,,,,,,,,,,,https://cdn.shopify.com/s/files/1/0268/6749/9079/files/CM7864-5.jpg,5,aalok-5-pc-bedroom-set-w-chest,,,,,,,,
aalok-5-pc-bedroom-set-w-chest,,,,,,,,,,,,,,,,,,,,,,,,,,,,,,,,https://cdn.shopify.com/s/files/1/0268/6749/9079/files/CM7864-6.jpg,6,aalok-5-pc-bedroom-set-w-chest,,,,,,,,
alaina-4-pc-bedroom-set,ALAINA 4 Pc. Bedroom Set,"<p><span style=""color:#1e73be;""><strong>FREE SHIPPING</strong></span><br>
Create a calm, coordinated retreat with ALAINA 4 Pc. Bedroom Set. Designed as a bedroom bedroom set, it pairs easily with surrounding decor. Its Transitional styling keeps the room feeling polished yet comfortable. Finished in Walnut tones, the Solid Wood, Wood Veneer, Engineered Wood build keeps the look polished and practical.<br>
Size: Queen</p>

<p>Features<br>
- Curved Headboard<br>
- Paneled Design<br>
- USB Charger in Night Stand<br>
- Nickel Drawer Pulls<br>
- Felt-lined Top Drawers<br>
- Foundation Required Included items and dimensions:<br>
- Dresser: color: Walnut; dimensions: 58"" W x 18""D x 35"" H; feature: Transitional<br>
- Nightstand w/ USB: color: Walnut; dimensions: 22"" W x 15 3 or 4""D x 24"" H; feature: Transitional</p>

<p>Materials: Solid Wood, Wood Veneer, Engineered Wood.<br>
Color: Walnut<br>
Weight: 331.1 lbs</p>",GOODDEGG,Furniture > Furniture Sets > Bedroom Furniture Sets,Bedroom Set,"Furniture of America, Quick Ship Furniture, New Arrival, Indoor Furniture, 2026",TRUE,Size,Queen,,,,,,,,FOA7916Q-4PC,150184,shopify,20,deny,manual,1797,,TRUE,FALSE,,,,,,https://cdn.shopify.com/s/files/1/0268/6749/9079/files/FOA7916-1.jpg,1,alaina-4-pc-bedroom-set,FALSE,ALAINA 4 Pc. Bedroom Set,"Shop ALAINA 4 Pc. Bedroom Set. Transitional style. Solid Wood, Wood Veneer build. Size: Queen. Free shipping. Buy now at GOODDEGG.",FOA7916-1.jpg,lb,,729,active
alaina-4-pc-bedroom-set,,,,,,,,,,,,,,,,,,,,,,,,,,,,,,,,https://cdn.shopify.com/s/files/1/0268/6749/9079/files/FOA7916-2.jpg,2,alaina-4-pc-bedroom-set,,,,,,,,
alaina-4-pc-bedroom-set,,,,,,,,,,,,,,,,,,,,,,,,,,,,,,,,https://cdn.shopify.com/s/files/1/0268/6749/9079/files/FOA7916-3.jpg,3,alaina-4-pc-bedroom-set,,,,,,,,
alaina-4-pc-bedroom-set,,,,,,,,,,,,,,,,,,,,,,,,,,,,,,,,https://cdn.shopify.com/s/files/1/0268/6749/9079/files/FOA7916-4.jpg,4,alaina-4-pc-bedroom-set,,,,,,,,
alaina-5-pc-bedroom-set-w-2ns,ALAINA 5 Pc. Bedroom Set w/ 2NS,"<p><span style=""color:#1e73be;""><strong>FREE SHIPPING</strong></span><br>
ALAINA 5 Pc. Bedroom Set w/ 2NS completes the bedroom with a relaxed, pulled-together look. As a bedroom bedroom set, it is designed to coordinate with matching pieces. The Transitional character adds definition without feeling heavy. Built from Solid Wood, Wood Veneer, Engineered Wood and finished in Walnut tones for a clean, cohesive look.<br>
Size: Queen</p>

<p>Features<br>
- Curved Headboard<br>
- Paneled Design<br>
- USB Charger in Night Stand<br>
- Nickel Drawer Pulls<br>
- Felt-lined Top Drawers<br>
- Foundation Required Included items and dimensions:<br>
- Dresser: color: Walnut; dimensions: 58"" W x 18""D x 35"" H; feature: Transitional<br>
- Nightstand w/ USB: color: Walnut; dimensions: 22"" W x 15 3 or 4""D x 24"" H; feature: Transitional</p>

<p>Materials: Solid Wood, Wood Veneer, Engineered Wood.<br>
Color: Walnut<br>
Weight: 377.3 lbs</p>",GOODDEGG,Furniture > Furniture Sets > Bedroom Furniture Sets,Bedroom Set,"Furniture of America, Quick Ship Furniture, New Arrival, Indoor Furniture, 2026",TRUE,Size,Queen,,,,,,,,FOA7916Q-5PC-2NS,171140,shopify,20,deny,manual,2067,,TRUE,FALSE,,,,,,https://cdn.shopify.com/s/files/1/0268/6749/9079/files/FOA7916-1.jpg,1,alaina-5-pc-bedroom-set-w-2ns,FALSE,ALAINA 5 Pc. Bedroom Set w/ 2NS,"Shop ALAINA 5 Pc. Bedroom Set w/ 2NS. Transitional style. Solid Wood, Wood Veneer build. Size: Queen. Free shipping. Buy now at GOODDEGG.",FOA7916-1.jpg,lb,,839,active
alaina-5-pc-bedroom-set-w-2ns,,,,,,,,,,,,,,,,,,,,,,,,,,,,,,,,https://cdn.shopify.com/s/files/1/0268/6749/9079/files/FOA7916-2.jpg,2,alaina-5-pc-bedroom-set-w-2ns,,,,,,,,
alaina-5-pc-bedroom-set-w-2ns,,,,,,,,,,,,,,,,,,,,,,,,,,,,,,,,https://cdn.shopify.com/s/files/1/0268/6749/9079/files/FOA7916-3.jpg,3,alaina-5-pc-bedroom-set-w-2ns,,,,,,,,
alaina-5-pc-bedroom-set-w-2ns,,,,,,,,,,,,,,,,,,,,,,,,,,,,,,,,https://cdn.shopify.com/s/files/1/0268/6749/9079/files/FOA7916-4.jpg,4,alaina-5-pc-bedroom-set-w-2ns,,,,,,,,
alaina-5-pc-bedroom-set-w-chest,ALAINA 5 Pc. Bedroom Set w/ Chest,"<p><span style=""color:#1e73be;""><strong>FREE SHIPPING</strong></span><br>
ALAINA 5 Pc. Bedroom Set w/ Chest brings a restful, finished feel to the bedroom. This bedroom bedroom set is made to fit naturally into the room. A Transitional profile gives the space a refined, approachable look. Crafted with Solid Wood, Wood Veneer, Engineered Wood, then finished in Walnut tones to suit a range of interiors.<br>
Size: Queen</p>

<p>Features<br>
- Curved Headboard<br>
- Paneled Design<br>
- USB Charger in Night Stand<br>
- Nickel Drawer Pulls<br>
- Felt-lined Top Drawers<br>
- Foundation Required Included items and dimensions:<br>
- Dresser: color: Walnut; dimensions: 58"" W x 18""D x 35"" H; feature: Transitional<br>
- Nightstand w/ USB: color: Walnut; dimensions: 22"" W x 15 3 or 4""D x 24"" H; feature: Transitional<br>
- Chest: color: Walnut; dimensions: 34"" W x 18""D x 48"" H; feature: Transitional</p>

<p>Materials: Solid Wood, Wood Veneer, Engineered Wood.<br>
Color: Walnut<br>
Weight: 453.2 lbs</p>",GOODDEGG,Furniture > Furniture Sets > Bedroom Furniture Sets,Bedroom Set,"Furniture of America, Quick Ship Furniture, New Arrival, Indoor Furniture, 2026",TRUE,Size,Queen,,,,,,,,FOA7916Q-5PC-CHEST,205568,shopify,20,deny,manual,2394,,TRUE,FALSE,,,,,,https://cdn.shopify.com/s/files/1/0268/6749/9079/files/FOA7916-1.jpg,1,alaina-5-pc-bedroom-set-w-chest,FALSE,ALAINA 5 Pc. Bedroom Set w/ Chest,"Shop ALAINA 5 Pc. Bedroom Set w/ Chest. Transitional style. Solid Wood, Wood Veneer build. Size: Queen. Free shipping. Buy now at GOODDEGG.",FOA7916-1.jpg,lb,,978,active
alaina-5-pc-bedroom-set-w-chest,,,,,,,,,,,,,,,,,,,,,,,,,,,,,,,,https://cdn.shopify.com/s/files/1/0268/6749/9079/files/FOA7916-2.jpg,2,alaina-5-pc-bedroom-set-w-chest,,,,,,,,
alaina-5-pc-bedroom-set-w-chest,,,,,,,,,,,,,,,,,,,,,,,,,,,,,,,,https://cdn.shopify.com/s/files/1/0268/6749/9079/files/FOA7916-3.jpg,3,alaina-5-pc-bedroom-set-w-chest,,,,,,,,
alaina-5-pc-bedroom-set-w-chest,,,,,,,,,,,,,,,,,,,,,,,,,,,,,,,,https://cdn.shopify.com/s/files/1/0268/6749/9079/files/FOA7916-4.jpg,4,alaina-5-pc-bedroom-set-w-chest,,,,,,,,
alanis-4-pc-bedroom-set,ALANIS 4 Pc. Bedroom Set,"<p><span style=""color:#1e73be;""><strong>FREE SHIPPING</strong></span><br>
Create a calm, coordinated retreat with ALANIS 4 Pc. Bedroom Set. Designed as a bedroom bedroom set, it pairs easily with surrounding decor. Its Contemporary styling keeps the room feeling polished yet comfortable. With Fabric, Mirror, Solid Wood, Engineered Wood construction and Light Gray tones, it blends durability with visual warmth.<br>
Product Dimensions: 90 1/2""L X 64 3/4""W X 68""H<br>
Size: Queen</p>

<p>Features<br>
- Padded Headboard w/ LED Light Trim<br>
- Felt-lined Top Drawers & English Dovetail Drawer Construction<br>
- Jewelry Drawers in Dresser<br>
- Ball Bearing Metal Glides Included items and dimensions:<br>
- Nightstand: color: Light Gray; dimensions: 30"" L x 17 1 or 2"" W x 29 1 or 2"" H; feature: Contemporary<br>
- Dresser: color: Light Gray; dimensions: 66"" L x 17 1 or 2"" W x 41"" H; feature: Contemporary</p>

<p>Materials: Fabric, Mirror, Solid Wood, Engineered Wood.<br>
Color: Light Gray<br>
Weight: 547.18 lbs</p>",GOODDEGG,Furniture > Furniture Sets > Bedroom Furniture Sets,Bedroom Set,"Furniture of America, Quick Ship Furniture, New Arrival, Indoor Furniture, 2026",TRUE,Size,Queen,,,,,,,,CM7579Q-4PC,248197,shopify,20,deny,manual,3507,,TRUE,FALSE,,,,,,https://cdn.shopify.com/s/files/1/0268/6749/9079/files/CM7579-1.jpg,1,alanis-4-pc-bedroom-set,FALSE,ALANIS 4 Pc. Bedroom Set,"Shop ALANIS 4 Pc. Bedroom Set. Contemporary style. Fabric, Mirror build. Size: Queen. Free shipping. Buy now at GOODDEGG.",CM7579-1.jpg,lb,,1389,active
alanis-4-pc-bedroom-set,,,,,,,,,,,,,,,,,,,,,,,,,,,,,,,,https://cdn.shopify.com/s/files/1/0268/6749/9079/files/CM7579-Z.jpg,2,alanis-4-pc-bedroom-set,,,,,,,,
alanis-4-pc-bedroom-set,,,,,,,,,,,,,,,,,,,,,,,,,,,,,,,,https://cdn.shopify.com/s/files/1/0268/6749/9079/files/CM7579-2.jpg,3,alanis-4-pc-bedroom-set,,,,,,,,
alanis-5-pc-bedroom-set-w-2ns,ALANIS 5 Pc. Bedroom Set w/ 2NS,"<p><span style=""color:#1e73be;""><strong>FREE SHIPPING</strong></span><br>
ALANIS 5 Pc. Bedroom Set w/ 2NS completes the bedroom with a relaxed, pulled-together look. As a bedroom bedroom set, it is designed to coordinate with matching pieces. The Contemporary character adds definition without feeling heavy. Finished in Light Gray tones, the Fabric, Mirror, Solid Wood, Engineered Wood build keeps the look polished and practical.<br>
Product Dimensions: 90 1/2""L X 64 3/4""W X 68""H<br>
Size: Queen</p>

<p>Features<br>
- Padded Headboard w/ LED Light Trim<br>
- Felt-lined Top Drawers & English Dovetail Drawer Construction<br>
- Jewelry Drawers in Dresser<br>
- Ball Bearing Metal Glides Included items and dimensions:<br>
- Nightstand: color: Light Gray; dimensions: 30"" L x 17 1 or 2"" W x 29 1 or 2"" H; feature: Contemporary<br>
- Dresser: color: Light Gray; dimensions: 66"" L x 17 1 or 2"" W x 41"" H; feature: Contemporary</p>

<p>Materials: Fabric, Mirror, Solid Wood, Engineered Wood.<br>
Color: Light Gray<br>
Weight: 631.88 lbs</p>",GOODDEGG,Furniture > Furniture Sets > Bedroom Furniture Sets,Bedroom Set,"Furniture of America, Quick Ship Furniture, New Arrival, Indoor Furniture, 2026",TRUE,Size,Queen,,,,,,,,CM7579Q-5PC-2NS,286616,shopify,20,deny,manual,4017,,TRUE,FALSE,,,,,,https://cdn.shopify.com/s/files/1/0268/6749/9079/files/CM7579-1.jpg,1,alanis-5-pc-bedroom-set-w-2ns,FALSE,ALANIS 5 Pc. Bedroom Set w/ 2NS,"Shop ALANIS 5 Pc. Bedroom Set w/ 2NS. Contemporary style. Fabric, Mirror build. Size: Queen. Free shipping. Buy now at GOODDEGG.",CM7579-1.jpg,lb,,1609,active
alanis-5-pc-bedroom-set-w-2ns,,,,,,,,,,,,,,,,,,,,,,,,,,,,,,,,https://cdn.shopify.com/s/files/1/0268/6749/9079/files/CM7579-Z.jpg,2,alanis-5-pc-bedroom-set-w-2ns,,,,,,,,
alanis-5-pc-bedroom-set-w-2ns,,,,,,,,,,,,,,,,,,,,,,,,,,,,,,,,https://cdn.shopify.com/s/files/1/0268/6749/9079/files/CM7579-2.jpg,3,alanis-5-pc-bedroom-set-w-2ns,,,,,,,,
alanis-5-pc-bedroom-set-w-chest,ALANIS 5 Pc. Bedroom Set w/ Chest,"<p><span style=""color:#1e73be;""><strong>FREE SHIPPING</strong></span><br>
ALANIS 5 Pc. Bedroom Set w/ Chest brings a restful, finished feel to the bedroom. This bedroom bedroom set is made to fit naturally into the room. A Contemporary profile gives the space a refined, approachable look. Built from Fabric, Mirror, Solid Wood, Engineered Wood and finished in Light Gray tones for a clean, cohesive look.<br>
Product Dimensions: 90 1/2""L X 64 3/4""W X 68""H<br>
Size: Queen</p>

<p>Features<br>
- Padded Headboard w/ LED Light Trim<br>
- Felt-lined Top Drawers & English Dovetail Drawer Construction<br>
- Jewelry Drawers in Dresser<br>
- Ball Bearing Metal Glides Included items and dimensions:<br>
- Nightstand: color: Light Gray; dimensions: 30"" L x 17 1 or 2"" W x 29 1 or 2"" H; feature: Contemporary<br>
- Dresser: color: Light Gray; dimensions: 66"" L x 17 1 or 2"" W x 41"" H; feature: Contemporary<br>
- Chest: color: Light Gray; dimensions: 38"" L x 17 1 or 2"" W x 53 5 or 8"" H; feature: Contemporary</p>

<p>Materials: Fabric, Mirror, Solid Wood, Engineered Wood.<br>
Color: Light Gray<br>
Weight: 732.38 lbs</p>",GOODDEGG,Furniture > Furniture Sets > Bedroom Furniture Sets,Bedroom Set,"Furniture of America, Quick Ship Furniture, New Arrival, Indoor Furniture, 2026",TRUE,Size,Queen,,,,,,,,CM7579Q-5PC-CHEST,332202,shopify,20,deny,manual,4524,,TRUE,FALSE,,,,,,https://cdn.shopify.com/s/files/1/0268/6749/9079/files/CM7579-1.jpg,1,alanis-5-pc-bedroom-set-w-chest,FALSE,ALANIS 5 Pc. Bedroom Set w/ Chest,"Shop ALANIS 5 Pc. Bedroom Set w/ Chest. Contemporary style. Fabric, Mirror build. Size: Queen. Free shipping. Buy now at GOODDEGG.",CM7579-1.jpg,lb,,1798,active
alanis-5-pc-bedroom-set-w-chest,,,,,,,,,,,,,,,,,,,,,,,,,,,,,,,,https://cdn.shopify.com/s/files/1/0268/6749/9079/files/CM7579-Z.jpg,2,alanis-5-pc-bedroom-set-w-chest,,,,,,,,
alanis-5-pc-bedroom-set-w-chest,,,,,,,,,,,,,,,,,,,,,,,,,,,,,,,,https://cdn.shopify.com/s/files/1/0268/6749/9079/files/CM7579-2.jpg,3,alanis-5-pc-bedroom-set-w-chest,,,,,,,,
aldgate-4-pc-bedroom-set,ALDGATE 4 Pc. Bedroom Set,"<p><span style=""color:#1e73be;""><strong>FREE SHIPPING</strong></span><br>
ALDGATE 4 Pc. Bedroom Set brings a restful, finished feel to the bedroom. This bedroom bedroom set is made to fit naturally into the room. A Contemporary profile gives the space a refined, approachable look. Finished in Light Gray tones, the Fabric, Solid Rubberwood, Engineered Wood, Other build keeps the look polished and practical.<br>
Product Dimensions: 63""W X 92""D X 61.5""H<br>
Size: Queen</p>

<p>Features<br>
- Vertical Reeded with Silver Line Accent<br>
- Cultured Stone Top on Case Goods<br>
- Felt-Lined Top Drawer<br>
- Metal Side Glide<br>
- Chrome Handles<br>
- Reeded Plinth Base<br>
- French Front & English Back Dovetail Drawers<br>
- Foundation Required Included items and dimensions:<br>
- Nightstand: color: Light Gray; dimensions: 28.5"" W x 15.5""D x 22"" H; feature: Contemporary<br>
- Dresser: color: Light Gray; dimensions: 62.5"" W x 18""D x 34"" H; feature: Contemporary</p>

<p>Materials: Fabric, Solid Rubberwood, Engineered Wood, Other.<br>
Color: Light Gray<br>
Weight: 610.19 lbs</p>",GOODDEGG,Furniture > Furniture Sets > Bedroom Furniture Sets,Bedroom Set,"Furniture of America, Quick Ship Furniture, New Arrival, Indoor Furniture, 2026",TRUE,Size,Queen,,,,,,,,FM7244GY-Q-4PC,276778,shopify,20,deny,manual,3477,,TRUE,FALSE,,,,,,https://cdn.shopify.com/s/files/1/0268/6749/9079/files/FM7244GY-1-Z.jpg,1,aldgate-4-pc-bedroom-set,FALSE,ALDGATE 4 Pc. Bedroom Set,"Shop ALDGATE 4 Pc. Bedroom Set. Contemporary style. Fabric, Solid Rubberwood build. Size: Queen. Free shipping. Buy now at GOODDEGG.",FM7244GY-1-Z.jpg,lb,,1399,active
aldgate-4-pc-bedroom-set,,,,,,,,,,,,,,,,,,,,,,,,,,,,,,,,https://cdn.shopify.com/s/files/1/0268/6749/9079/files/FM7244GY-2.jpg,2,aldgate-4-pc-bedroom-set,,,,,,,,
aldgate-4-pc-bedroom-set,,,,,,,,,,,,,,,,,,,,,,,,,,,,,,,,https://cdn.shopify.com/s/files/1/0268/6749/9079/files/FM7244GY-D-2.jpg,3,aldgate-4-pc-bedroom-set,,,,,,,,
aldgate-5-pc-bedroom-set-w-2ns,ALDGATE 5 Pc. Bedroom Set w/ 2NS,"<p><span style=""color:#1e73be;""><strong>FREE SHIPPING</strong></span><br>
Create a calm, coordinated retreat with ALDGATE 5 Pc. Bedroom Set w/ 2NS. Designed as a bedroom bedroom set, it pairs easily with surrounding decor. Its Contemporary styling keeps the room feeling polished yet comfortable. Built from Fabric, Solid Rubberwood, Engineered Wood, Other and finished in Light Gray tones for a clean, cohesive look.<br>
Product Dimensions: 63""W X 92""D X 61.5""H<br>
Size: Queen</p>

<p>Features<br>
- Vertical Reeded with Silver Line Accent<br>
- Cultured Stone Top on Case Goods<br>
- Felt-Lined Top Drawer<br>
- Metal Side Glide<br>
- Chrome Handles<br>
- Reeded Plinth Base<br>
- French Front & English Back Dovetail Drawers<br>
- Foundation Required Included items and dimensions:<br>
- Nightstand: color: Light Gray; dimensions: 28.5"" W x 15.5""D x 22"" H; feature: Contemporary<br>
- Dresser: color: Light Gray; dimensions: 62.5"" W x 18""D x 34"" H; feature: Contemporary</p>

<p>Materials: Fabric, Solid Rubberwood, Engineered Wood, Other.<br>
Color: Light Gray<br>
Weight: 700.39 lbs</p>",GOODDEGG,Furniture > Furniture Sets > Bedroom Furniture Sets,Bedroom Set,"Furniture of America, Quick Ship Furniture, New Arrival, Indoor Furniture, 2026",TRUE,Size,Queen,,,,,,,,FM7244GY-Q-5PC-2NS,317692,shopify,20,deny,manual,4017,,TRUE,FALSE,,,,,,https://cdn.shopify.com/s/files/1/0268/6749/9079/files/FM7244GY-1-Z.jpg,1,aldgate-5-pc-bedroom-set-w-2ns,FALSE,ALDGATE 5 Pc. Bedroom Set w/ 2NS,"Shop ALDGATE 5 Pc. Bedroom Set w/ 2NS. Contemporary style. Fabric, Solid Rubberwood build. Size: Queen. Free shipping. Buy now at GOODDEGG.",FM7244GY-1-Z.jpg,lb,,1699,active
aldgate-5-pc-bedroom-set-w-2ns,,,,,,,,,,,,,,,,,,,,,,,,,,,,,,,,https://cdn.shopify.com/s/files/1/0268/6749/9079/files/FM7244GY-2.jpg,2,aldgate-5-pc-bedroom-set-w-2ns,,,,,,,,
aldgate-5-pc-bedroom-set-w-2ns,,,,,,,,,,,,,,,,,,,,,,,,,,,,,,,,https://cdn.shopify.com/s/files/1/0268/6749/9079/files/FM7244GY-D-2.jpg,3,aldgate-5-pc-bedroom-set-w-2ns,,,,,,,,
aldgate-5-pc-bedroom-set-w-chest,ALDGATE 5 Pc. Bedroom Set w/ Chest,"<p><span style=""color:#1e73be;""><strong>FREE SHIPPING</strong></span><br>
ALDGATE 5 Pc. Bedroom Set w/ Chest completes the bedroom with a relaxed, pulled-together look. As a bedroom bedroom set, it is designed to coordinate with matching pieces. The Contemporary character adds definition without feeling heavy. Crafted with Fabric, Solid Rubberwood, Engineered Wood, Other, then finished in Light Gray tones to suit a range of interiors.<br>
Product Dimensions: 63""W X 92""D X 61.5""H<br>
Size: Queen</p>

<p>Features<br>
- Vertical Reeded with Silver Line Accent<br>
- Cultured Stone Top on Case Goods<br>
- Felt-Lined Top Drawer<br>
- Metal Side Glide<br>
- Chrome Handles<br>
- Reeded Plinth Base<br>
- French Front & English Back Dovetail Drawers<br>
- Foundation Required Included items and dimensions:<br>
- Nightstand: color: Light Gray; dimensions: 28.5"" W x 15.5""D x 22"" H; feature: Contemporary<br>
- Dresser: color: Light Gray; dimensions: 62.5"" W x 18""D x 34"" H; feature: Contemporary<br>
- Chest: color: Light Gray; dimensions: 39"" W x 18""D x 49"" H; feature: Contemporary</p>

<p>Materials: Fabric, Solid Rubberwood, Engineered Wood, Other.<br>
Color: Light Gray<br>
Weight: 835.06 lbs</p>",GOODDEGG,Furniture > Furniture Sets > Bedroom Furniture Sets,Bedroom Set,"Furniture of America, Quick Ship Furniture, New Arrival, Indoor Furniture, 2026",TRUE,Size,Queen,,,,,,,,FM7244GY-Q-5PC-CHEST,378777,shopify,20,deny,manual,4434,,TRUE,FALSE,,,,,,https://cdn.shopify.com/s/files/1/0268/6749/9079/files/FM7244GY-1-Z.jpg,1,aldgate-5-pc-bedroom-set-w-chest,FALSE,ALDGATE 5 Pc. Bedroom Set w/ Chest,"Shop ALDGATE 5 Pc. Bedroom Set w/ Chest. Contemporary style. Fabric, Solid Rubberwood build. Size: Queen. Free shipping. Buy now at GOODDEGG.",FM7244GY-1-Z.jpg,lb,,1899,active
aldgate-5-pc-bedroom-set-w-chest,,,,,,,,,,,,,,,,,,,,,,,,,,,,,,,,https://cdn.shopify.com/s/files/1/0268/6749/9079/files/FM7244GY-2.jpg,2,aldgate-5-pc-bedroom-set-w-chest,,,,,,,,
aldgate-5-pc-bedroom-set-w-chest,,,,,,,,,,,,,,,,,,,,,,,,,,,,,,,,https://cdn.shopify.com/s/files/1/0268/6749/9079/files/FM7244GY-D-2.jpg,3,aldgate-5-pc-bedroom-set-w-chest,,,,,,,,
aldgate-5-pc-bedroom-set-w-chest,,,,,,,,,,,,,,,,,,,,,,,,,,,,,,,,https://cdn.shopify.com/s/files/1/0268/6749/9079/files/FM7244GY-C-1.jpg,4,aldgate-5-pc-bedroom-set-w-chest,,,,,,,,
aldridge-4-pc-bedroom-set,ALDRIDGE 4 Pc. Bedroom Set,"<p><span style=""color:#1e73be;""><strong>FREE SHIPPING</strong></span><br>
ALDRIDGE 4 Pc. Bedroom Set brings a restful, finished feel to the bedroom. This bedroom bedroom set is made to fit naturally into the room. A Contemporary profile gives the space a refined, approachable look. With Fabric, Solid Rubberwood, Engineered Wood, Other construction and Light Gray tones, it blends durability with visual warmth.<br>
Product Dimensions: 63""W X 92""D X 61.5""H<br>
Size: Queen</p>

<p>Features<br>
- Channel Padded Headboard<br>
- Vertical Reeded with Silver Line Accent<br>
- Cultered Stone Top on Case Goods<br>
- Felt-Lined Top Drawer<br>
- Metal Side Glide<br>
- Chrome Card File Pull<br>
- French Front & English Back Dovetail Drawers<br>
- Foundation Required Included items and dimensions:<br>
- Nightstand: color: Light Gray; dimensions: 28.5"" W x 15.5""D x 23"" H; feature: Contemporary<br>
- Dresser: color: Light Gray; dimensions: 62.5"" W x 17.5""D x 37"" H; feature: Contemporary</p>

<p>Materials: Fabric, Solid Rubberwood, Engineered Wood, Other.<br>
Color: Light Gray<br>
Weight: 588.68 lbs</p>",GOODDEGG,Furniture > Furniture Sets > Bedroom Furniture Sets,Bedroom Set,"Furniture of America, Quick Ship Furniture, New Arrival, Indoor Furniture, 2026",TRUE,Size,Queen,,,,,,,,FM7243GY-Q-4PC,267021,shopify,20,deny,manual,3477,,TRUE,FALSE,,,,,,https://cdn.shopify.com/s/files/1/0268/6749/9079/files/FM7243GY-1-Z.jpg,1,aldridge-4-pc-bedroom-set,FALSE,ALDRIDGE 4 Pc. Bedroom Set,"Shop ALDRIDGE 4 Pc. Bedroom Set. Contemporary style. Fabric, Solid Rubberwood build. Size: Queen. Free shipping. Buy now at GOODDEGG.",FM7243GY-1-Z.jpg,lb,,1399,active
aldridge-4-pc-bedroom-set,,,,,,,,,,,,,,,,,,,,,,,,,,,,,,,,https://cdn.shopify.com/s/files/1/0268/6749/9079/files/FM7243GY-2.jpg,2,aldridge-4-pc-bedroom-set,,,,,,,,
aldridge-4-pc-bedroom-set,,,,,,,,,,,,,,,,,,,,,,,,,,,,,,,,https://cdn.shopify.com/s/files/1/0268/6749/9079/files/FM7243GY-leg.jpg,3,aldridge-4-pc-bedroom-set,,,,,,,,
aldridge-4-pc-bedroom-set,,,,,,,,,,,,,,,,,,,,,,,,,,,,,,,,https://cdn.shopify.com/s/files/1/0268/6749/9079/files/FM7243GY-D-2.jpg,4,aldridge-4-pc-bedroom-set,,,,,,,,
aldridge-5-pc-bedroom-set-w-2ns,ALDRIDGE 5 Pc. Bedroom Set w/ 2NS,"<p><span style=""color:#1e73be;""><strong>FREE SHIPPING</strong></span><br>
Create a calm, coordinated retreat with ALDRIDGE 5 Pc. Bedroom Set w/ 2NS. Designed as a bedroom bedroom set, it pairs easily with surrounding decor. Its Contemporary styling keeps the room feeling polished yet comfortable. Finished in Light Gray tones, the Fabric, Solid Rubberwood, Engineered Wood, Other build keeps the look polished and practical.<br>
Product Dimensions: 63""W X 92""D X 61.5""H<br>
Size: Queen</p>

<p>Features<br>
- Channel Padded Headboard<br>
- Vertical Reeded with Silver Line Accent<br>
- Cultered Stone Top on Case Goods<br>
- Felt-Lined Top Drawer<br>
- Metal Side Glide<br>
- Chrome Card File Pull<br>
- French Front & English Back Dovetail Drawers<br>
- Foundation Required Included items and dimensions:<br>
- Nightstand: color: Light Gray; dimensions: 28.5"" W x 15.5""D x 23"" H; feature: Contemporary<br>
- Dresser: color: Light Gray; dimensions: 62.5"" W x 17.5""D x 37"" H; feature: Contemporary</p>

<p>Materials: Fabric, Solid Rubberwood, Engineered Wood, Other.<br>
Color: Light Gray<br>
Weight: 674.48 lbs</p>",GOODDEGG,Furniture > Furniture Sets > Bedroom Furniture Sets,Bedroom Set,"Furniture of America, Quick Ship Furniture, New Arrival, Indoor Furniture, 2026",TRUE,Size,Queen,,,,,,,,FM7243GY-Q-5PC-2NS,305939,shopify,20,deny,manual,4047,,TRUE,FALSE,,,,,,https://cdn.shopify.com/s/files/1/0268/6749/9079/files/FM7243GY-1-Z.jpg,1,aldridge-5-pc-bedroom-set-w-2ns,FALSE,ALDRIDGE 5 Pc. Bedroom Set w/ 2NS,"Shop ALDRIDGE 5 Pc. Bedroom Set w/ 2NS. Contemporary style. Fabric, Solid Rubberwood build. Size: Queen. Free shipping. Buy now at GOODDEGG.",FM7243GY-1-Z.jpg,lb,,1629,active
aldridge-5-pc-bedroom-set-w-2ns,,,,,,,,,,,,,,,,,,,,,,,,,,,,,,,,https://cdn.shopify.com/s/files/1/0268/6749/9079/files/FM7243GY-2.jpg,2,aldridge-5-pc-bedroom-set-w-2ns,,,,,,,,
aldridge-5-pc-bedroom-set-w-2ns,,,,,,,,,,,,,,,,,,,,,,,,,,,,,,,,https://cdn.shopify.com/s/files/1/0268/6749/9079/files/FM7243GY-leg.jpg,3,aldridge-5-pc-bedroom-set-w-2ns,,,,,,,,
aldridge-5-pc-bedroom-set-w-2ns,,,,,,,,,,,,,,,,,,,,,,,,,,,,,,,,https://cdn.shopify.com/s/files/1/0268/6749/9079/files/FM7243GY-D-2.jpg,4,aldridge-5-pc-bedroom-set-w-2ns,,,,,,,,
aldridge-5-pc-bedroom-set-w-chest,ALDRIDGE 5 Pc. Bedroom Set w/ Chest,"<p><span style=""color:#1e73be;""><strong>FREE SHIPPING</strong></span><br>
ALDRIDGE 5 Pc. Bedroom Set w/ Chest completes the bedroom with a relaxed, pulled-together look. As a bedroom bedroom set, it is designed to coordinate with matching pieces. The Contemporary character adds definition without feeling heavy. Built from Fabric, Solid Rubberwood, Engineered Wood, Other and finished in Light Gray tones for a clean, cohesive look.<br>
Product Dimensions: 63""W X 92""D X 61.5""H<br>
Size: Queen</p>

<p>Features<br>
- Channel Padded Headboard<br>
- Vertical Reeded with Silver Line Accent<br>
- Cultered Stone Top on Case Goods<br>
- Felt-Lined Top Drawer<br>
- Metal Side Glide<br>
- Chrome Card File Pull<br>
- French Front & English Back Dovetail Drawers<br>
- Foundation Required Included items and dimensions:<br>
- Nightstand: color: Light Gray; dimensions: 28.5"" W x 15.5""D x 23"" H; feature: Contemporary<br>
- Dresser: color: Light Gray; dimensions: 62.5"" W x 17.5""D x 37"" H; feature: Contemporary<br>
- Chest: color: Light Gray; dimensions: 39"" W x 17.5""D x 52"" H; feature: Contemporary</p>

<p>Materials: Fabric, Solid Rubberwood, Engineered Wood, Other.<br>
Color: Light Gray<br>
Weight: 814.65 lbs</p>",GOODDEGG,Furniture > Furniture Sets > Bedroom Furniture Sets,Bedroom Set,"Furniture of America, Quick Ship Furniture, New Arrival, Indoor Furniture, 2026",TRUE,Size,Queen,,,,,,,,FM7243GY-Q-5PC-CHEST,369519,shopify,20,deny,manual,4494,,TRUE,FALSE,,,,,,https://cdn.shopify.com/s/files/1/0268/6749/9079/files/FM7243GY-1-Z.jpg,1,aldridge-5-pc-bedroom-set-w-chest,FALSE,ALDRIDGE 5 Pc. Bedroom Set w/ Chest,"Shop ALDRIDGE 5 Pc. Bedroom Set w/ Chest. Contemporary style. Fabric, Solid Rubberwood build. Size: Queen. Free shipping. Buy now at GOODDEGG.",FM7243GY-1-Z.jpg,lb,,1828,active
aldridge-5-pc-bedroom-set-w-chest,,,,,,,,,,,,,,,,,,,,,,,,,,,,,,,,https://cdn.shopify.com/s/files/1/0268/6749/9079/files/FM7243GY-2.jpg,2,aldridge-5-pc-bedroom-set-w-chest,,,,,,,,
aldridge-5-pc-bedroom-set-w-chest,,,,,,,,,,,,,,,,,,,,,,,,,,,,,,,,https://cdn.shopify.com/s/files/1/0268/6749/9079/files/FM7243GY-leg.jpg,3,aldridge-5-pc-bedroom-set-w-chest,,,,,,,,
aldridge-5-pc-bedroom-set-w-chest,,,,,,,,,,,,,,,,,,,,,,,,,,,,,,,,https://cdn.shopify.com/s/files/1/0268/6749/9079/files/FM7243GY-D-2.jpg,4,aldridge-5-pc-bedroom-set-w-chest,,,,,,,,
alison-4-pc-bedroom-set,ALISON 4 Pc. Bedroom Set,"<p><span style=""color:#1e73be;""><strong>FREE SHIPPING</strong></span><br>
Create a calm, coordinated retreat with ALISON 4 Pc. Bedroom Set. Designed as a bedroom bedroom set, it pairs easily with surrounding decor. Its Contemporary styling keeps the room feeling polished yet comfortable. Crafted with Solid Wood, Engineered Wood, then finished in Metallic Gray tones to suit a range of interiors.<br>
Product Dimensions: 83 1/2""L X 63 3/8""W X 51""H<br>
Size: Queen</p>

<p>Features<br>
- Textured Headboard Panel w/ LED Lighting<br>
- Bracket Feet<br>
- Acrylic Hardware on Case Goods<br>
- Mattress Ready Included items and dimensions:<br>
- Nightstand: color: Metallic Gray; dimensions: 22"" W x 16 3 or 8""D x 23"" H; feature: Contemporary<br>
- Dresser: color: Metallic Gray; dimensions: 57 1 or 2"" W x 16 3 or 8""D x 33 7 or 8"" H; feature: Contemporary</p>

<p>Materials: Solid Wood, Engineered Wood.<br>
Color: Metallic Gray<br>
Weight: 308 lbs</p>",GOODDEGG,Furniture > Furniture Sets > Bedroom Furniture Sets,Bedroom Set,"Furniture of America, Quick Ship Furniture, New Arrival, Indoor Furniture, 2026",TRUE,Size,Queen,,,,,,,,CM7416GY-Q-4PC,139706,shopify,20,deny,manual,1617,,TRUE,FALSE,,,,,,https://cdn.shopify.com/s/files/1/0268/6749/9079/files/CM7416GY-1-Z.jpg,1,alison-4-pc-bedroom-set,FALSE,ALISON 4 Pc. Bedroom Set,"Shop ALISON 4 Pc. Bedroom Set. Contemporary style. Solid Wood, Engineered Wood build. Size: Queen. Free shipping. Buy now at GOODDEGG.",CM7416GY-1-Z.jpg,lb,,699,active
alison-4-pc-bedroom-set,,,,,,,,,,,,,,,,,,,,,,,,,,,,,,,,https://cdn.shopify.com/s/files/1/0268/6749/9079/files/CM7416GY-2.jpg,2,alison-4-pc-bedroom-set,,,,,,,,
alison-5-pc-bedroom-set-w-2ns,ALISON 5 Pc. Bedroom Set w/ 2NS,"<p><span style=""color:#1e73be;""><strong>FREE SHIPPING</strong></span><br>
ALISON 5 Pc. Bedroom Set w/ 2NS completes the bedroom with a relaxed, pulled-together look. As a bedroom bedroom set, it is designed to coordinate with matching pieces. The Contemporary character adds definition without feeling heavy. With Solid Wood, Engineered Wood construction and Metallic Gray tones, it blends durability with visual warmth.<br>
Product Dimensions: 83 1/2""L X 63 3/8""W X 51""H<br>
Size: Queen</p>

<p>Features<br>
- Textured Headboard Panel w/ LED Lighting<br>
- Bracket Feet<br>
- Acrylic Hardware on Case Goods<br>
- Mattress Ready Included items and dimensions:<br>
- Nightstand: color: Metallic Gray; dimensions: 22"" W x 16 3 or 8""D x 23"" H; feature: Contemporary<br>
- Dresser: color: Metallic Gray; dimensions: 57 1 or 2"" W x 16 3 or 8""D x 33 7 or 8"" H; feature: Contemporary</p>

<p>Materials: Solid Wood, Engineered Wood.<br>
Color: Metallic Gray<br>
Weight: 348.8 lbs</p>",GOODDEGG,Furniture > Furniture Sets > Bedroom Furniture Sets,Bedroom Set,"Furniture of America, Quick Ship Furniture, New Arrival, Indoor Furniture, 2026",TRUE,Size,Queen,,,,,,,,CM7416GY-Q-5PC-2NS,158213,shopify,20,deny,manual,1857,,TRUE,FALSE,,,,,,https://cdn.shopify.com/s/files/1/0268/6749/9079/files/CM7416GY-1-Z.jpg,1,alison-5-pc-bedroom-set-w-2ns,FALSE,ALISON 5 Pc. Bedroom Set w/ 2NS,"Shop ALISON 5 Pc. Bedroom Set w/ 2NS. Contemporary style. Solid Wood, Engineered Wood build. Size: Queen. Free shipping. Buy now at GOODDEGG.",CM7416GY-1-Z.jpg,lb,,799,active
alison-5-pc-bedroom-set-w-2ns,,,,,,,,,,,,,,,,,,,,,,,,,,,,,,,,https://cdn.shopify.com/s/files/1/0268/6749/9079/files/CM7416GY-2.jpg,2,alison-5-pc-bedroom-set-w-2ns,,,,,,,,
alison-5-pc-bedroom-set-w-chest,ALISON 5 Pc. Bedroom Set w/ Chest,"<p><span style=""color:#1e73be;""><strong>FREE SHIPPING</strong></span><br>
ALISON 5 Pc. Bedroom Set w/ Chest brings a restful, finished feel to the bedroom. This bedroom bedroom set is made to fit naturally into the room. A Contemporary profile gives the space a refined, approachable look. Finished in Metallic Gray tones, the Solid Wood, Engineered Wood build keeps the look polished and practical.<br>
Product Dimensions: 83 1/2""L X 63 3/8""W X 51""H<br>
Size: Queen</p>

<p>Features<br>
- Textured Headboard Panel w/ LED Lighting<br>
- Bracket Feet<br>
- Acrylic Hardware on Case Goods<br>
- Mattress Ready Included items and dimensions:<br>
- Nightstand: color: Metallic Gray; dimensions: 22"" W x 16 3 or 8""D x 23"" H; feature: Contemporary<br>
- Dresser: color: Metallic Gray; dimensions: 57 1 or 2"" W x 16 3 or 8""D x 33 7 or 8"" H; feature: Contemporary<br>
- Chest: color: Metallic Gray; dimensions: 33 7 or 8"" W x 16 3 or 8""D x 46 5 or 8"" H; feature: Contemporary</p>

<p>Materials: Solid Wood, Engineered Wood.<br>
Color: Metallic Gray<br>
Weight: 403.7 lbs</p>",GOODDEGG,Furniture > Furniture Sets > Bedroom Furniture Sets,Bedroom Set,"Furniture of America, Quick Ship Furniture, New Arrival, Indoor Furniture, 2026",TRUE,Size,Queen,,,,,,,,CM7416GY-Q-5PC-CHEST,183115,shopify,20,deny,manual,2154,,TRUE,FALSE,,,,,,https://cdn.shopify.com/s/files/1/0268/6749/9079/files/CM7416GY-1-Z.jpg,1,alison-5-pc-bedroom-set-w-chest,FALSE,ALISON 5 Pc. Bedroom Set w/ Chest,"Shop ALISON 5 Pc. Bedroom Set w/ Chest. Contemporary style. Solid Wood, Engineered Wood build. Size: Queen. Free shipping. Buy now at GOODDEGG.",CM7416GY-1-Z.jpg,lb,,936,active
alison-5-pc-bedroom-set-w-chest,,,,,,,,,,,,,,,,,,,,,,,,,,,,,,,,https://cdn.shopify.com/s/files/1/0268/6749/9079/files/CM7416GY-2.jpg,2,alison-5-pc-bedroom-set-w-chest,,,,,,,,
alyson-4-pc-bedroom-set,ALYSON 4 Pc. Bedroom Set,"<p><span style=""color:#1e73be;""><strong>FREE SHIPPING</strong></span><br>
ALYSON 4 Pc. Bedroom Set completes the bedroom with a relaxed, pulled-together look. As a bedroom bedroom set, it is designed to coordinate with matching pieces. The Transitional character adds definition without feeling heavy. Built from Solid Wood, Wood Veneer, Engineered Wood and finished in Distressed White or Walnut tones for a clean, cohesive look.<br>
Size: Queen</p>

<p>Features<br>
- Distressed White or Walnut<br>
- Plank Design<br>
- Arched Headboard<br>
- Metal Drawer Pulls<br>
- Felt-lined Top Drawer<br>
- Hidden Jewelry Drawer in Night Stand<br>
- USB Charger In Night Stand Included items and dimensions:<br>
- Dresser: color: Distressed White or Walnut; dimensions: 59 3 or 8"" W x 17 1 or 2""D x 37"" H; feature: Transitional<br>
- Nightstand w/ USB: color: Distressed White or Walnut; dimensions: 24"" W x 17 1 or 2""D x 27 3 or 8"" H; feature: Transitional</p>

<p>Materials: Solid Wood, Wood Veneer, Engineered Wood.<br>
Color: Distressed White or Walnut<br>
Weight: 394.5 lbs</p>",GOODDEGG,Furniture > Furniture Sets > Bedroom Furniture Sets,Bedroom Set,"Furniture of America, Quick Ship Furniture, New Arrival, Indoor Furniture, 2026",TRUE,Size,Queen,,,,,,,,CM7962Q-4PC,178942,shopify,20,deny,manual,2727,,TRUE,FALSE,,,,,,https://cdn.shopify.com/s/files/1/0268/6749/9079/files/CM7962-1.jpg,1,alyson-4-pc-bedroom-set,FALSE,ALYSON 4 Pc. Bedroom Set,"Shop ALYSON 4 Pc. Bedroom Set. Transitional style. Solid Wood, Wood Veneer build. Size: Queen. Free shipping. Buy now at GOODDEGG.",CM7962-1.jpg,lb,,1069,active
alyson-4-pc-bedroom-set,,,,,,,,,,,,,,,,,,,,,,,,,,,,,,,,https://cdn.shopify.com/s/files/1/0268/6749/9079/files/CM7962-2.jpg,2,alyson-4-pc-bedroom-set,,,,,,,,
alyson-4-pc-bedroom-set,,,,,,,,,,,,,,,,,,,,,,,,,,,,,,,,https://cdn.shopify.com/s/files/1/0268/6749/9079/files/CM7962-3.jpg,3,alyson-4-pc-bedroom-set,,,,,,,,
alyson-5-pc-bedroom-set-w-2ns,ALYSON 5 Pc. Bedroom Set w/ 2NS,"<p><span style=""color:#1e73be;""><strong>FREE SHIPPING</strong></span><br>
ALYSON 5 Pc. Bedroom Set w/ 2NS brings a restful, finished feel to the bedroom. This bedroom bedroom set is made to fit naturally into the room. A Transitional profile gives the space a refined, approachable look. Crafted with Solid Wood, Wood Veneer, Engineered Wood, then finished in Distressed White or Walnut tones to suit a range of interiors.<br>
Size: Queen</p>

<p>Features<br>
- Distressed White or Walnut<br>
- Plank Design<br>
- Arched Headboard<br>
- Metal Drawer Pulls<br>
- Felt-lined Top Drawer<br>
- Hidden Jewelry Drawer in Night Stand<br>
- USB Charger In Night Stand Included items and dimensions:<br>
- Dresser: color: Distressed White or Walnut; dimensions: 59 3 or 8"" W x 17 1 or 2""D x 37"" H; feature: Transitional<br>
- Nightstand w/ USB: color: Distressed White or Walnut; dimensions: 24"" W x 17 1 or 2""D x 27 3 or 8"" H; feature: Transitional</p>

<p>Materials: Solid Wood, Wood Veneer, Engineered Wood.<br>
Color: Distressed White or Walnut<br>
Weight: 455.4 lbs</p>",GOODDEGG,Furniture > Furniture Sets > Bedroom Furniture Sets,Bedroom Set,"Furniture of America, Quick Ship Furniture, New Arrival, Indoor Furniture, 2026",TRUE,Size,Queen,,,,,,,,CM7962Q-5PC-2NS,206566,shopify,20,deny,manual,3207,,TRUE,FALSE,,,,,,https://cdn.shopify.com/s/files/1/0268/6749/9079/files/CM7962-1.jpg,1,alyson-5-pc-bedroom-set-w-2ns,FALSE,ALYSON 5 Pc. Bedroom Set w/ 2NS,"Shop ALYSON 5 Pc. Bedroom Set w/ 2NS. Transitional style. Solid Wood, Wood Veneer build. Size: Queen. Free shipping. Buy now at GOODDEGG.",CM7962-1.jpg,lb,,1259,active
alyson-5-pc-bedroom-set-w-2ns,,,,,,,,,,,,,,,,,,,,,,,,,,,,,,,,https://cdn.shopify.com/s/files/1/0268/6749/9079/files/CM7962-2.jpg,2,alyson-5-pc-bedroom-set-w-2ns,,,,,,,,
alyson-5-pc-bedroom-set-w-2ns,,,,,,,,,,,,,,,,,,,,,,,,,,,,,,,,https://cdn.shopify.com/s/files/1/0268/6749/9079/files/CM7962-3.jpg,3,alyson-5-pc-bedroom-set-w-2ns,,,,,,,,
alyson-5-pc-bedroom-set-w-chest,ALYSON 5 Pc. Bedroom Set w/ Chest,"<p><span style=""color:#1e73be;""><strong>FREE SHIPPING</strong></span><br>
Create a calm, coordinated retreat with ALYSON 5 Pc. Bedroom Set w/ Chest. Designed as a bedroom bedroom set, it pairs easily with surrounding decor. Its Transitional styling keeps the room feeling polished yet comfortable. With Solid Wood, Wood Veneer, Engineered Wood construction and Distressed White or Walnut tones, it blends durability with visual warmth.<br>
Size: Queen</p>

<p>Features<br>
- Distressed White or Walnut<br>
- Plank Design<br>
- Arched Headboard<br>
- Metal Drawer Pulls<br>
- Felt-lined Top Drawer<br>
- Hidden Jewelry Drawer in Night Stand<br>
- USB Charger In Night Stand Included items and dimensions:<br>
- Dresser: color: Distressed White or Walnut; dimensions: 59 3 or 8"" W x 17 1 or 2""D x 37"" H; feature: Transitional<br>
- Nightstand w/ USB: color: Distressed White or Walnut; dimensions: 24"" W x 17 1 or 2""D x 27 3 or 8"" H; feature: Transitional<br>
- Chest: color: Distressed White or Walnut; dimensions: 38 3 or 4"" W x 17 1 or 2""D x 48"" H; feature: Transitional</p>

<p>Materials: Solid Wood, Wood Veneer, Engineered Wood.<br>
Color: Distressed White or Walnut<br>
Weight: 527.7 lbs</p>",GOODDEGG,Furniture > Furniture Sets > Bedroom Furniture Sets,Bedroom Set,"Furniture of America, Quick Ship Furniture, New Arrival, Indoor Furniture, 2026",TRUE,Size,Queen,,,,,,,,CM7962Q-5PC-CHEST,239361,shopify,20,deny,manual,3684,,TRUE,FALSE,,,,,,https://cdn.shopify.com/s/files/1/0268/6749/9079/files/CM7962-1.jpg,1,alyson-5-pc-bedroom-set-w-chest,FALSE,ALYSON 5 Pc. Bedroom Set w/ Chest,"Shop ALYSON 5 Pc. Bedroom Set w/ Chest. Transitional style. Solid Wood, Wood Veneer build. Size: Queen. Free shipping. Buy now at GOODDEGG.",CM7962-1.jpg,lb,,1448,active
alyson-5-pc-bedroom-set-w-chest,,,,,,,,,,,,,,,,,,,,,,,,,,,,,,,,https://cdn.shopify.com/s/files/1/0268/6749/9079/files/CM7962-2.jpg,2,alyson-5-pc-bedroom-set-w-chest,,,,,,,,
alyson-5-pc-bedroom-set-w-chest,,,,,,,,,,,,,,,,,,,,,,,,,,,,,,,,https://cdn.shopify.com/s/files/1/0268/6749/9079/files/CM7962-3.jpg,3,alyson-5-pc-bedroom-set-w-chest,,,,,,,,
alzir-4-pc-bedroom-set,ALZIR 4 Pc. Bedroom Set,"<p><span style=""color:#1e73be;""><strong>FREE SHIPPING</strong></span><br>
Elevate your space with ALZIR, styled in Glam and designed for everyday comfort.<br>
This bedroom bedroom set is made to fit naturally into the room. With Velvet-like Fabric, Solid Wood, Others and Black or Gray tones, it blends structure and softness in one clean profile.<br>
Product Dimensions: Varies by variant (see Variant Details below).<br>
Size: Queen</p>

<p>Features<br>
- Velvet-like Fabric<br>
- Solid Wood<br>
- Others<br>
- Fully Upholstered Frame<br>
- Wingback Headboard<br>
- Button Tufted H/B and F/B<br>
- Crystal-Like Acrylic Buttons<br>
- Nailhead Trim<br>
- Cabriole Legs<br>
- Slat Kit Included<br>
<strong>Variant Details</strong><br>
- <strong>Size: Queen | Color: Black | Dimensions: 88 1/8&quot;L X 86&quot;W X 66&quot;H | Weight: 538.16 lbs | Volume: 74.7 cuft</strong><br>
- <strong>Size: Queen | Color: Gray | Dimensions: 88 1/8&quot;L X 87 1/2&quot;W X 66&quot;H | Weight: 601.7 lbs | Volume: 77 cuft</strong><br>
</p>

<p>Materials: Velvet-like Fabric, Solid Wood, Others.<br>
Color: Black or Gray<br>
Weight: 538.16 - 601.7 lbs</p>",GOODDEGG,Furniture > Furniture Sets > Bedroom Furniture Sets,Bedroom Set,"Furniture of America, Quick Ship Furniture, New Arrival, Indoor Furniture, 2026",TRUE,Color,Black,,,,,,,,CM7150BK-Q-4PC,244105,shopify,20,deny,manual,2577,,TRUE,FALSE,,,,,,https://cdn.shopify.com/s/files/1/0268/6749/9079/files/CM7150BK-1.jpg,1,alzir-4-pc-bedroom-set,FALSE,ALZIR 4 Pc. Bedroom Set,"Shop ALZIR 4 Pc. Bedroom Set. Glam style. Velvet-like Fabric, Solid Wood build. Multiple colors available. Free shipping. Buy now at GOODDEGG.",CM7150BK-1.jpg,lb,,1069,active
alzir-4-pc-bedroom-set,,,,,,,,,Gray,,,,,,,,CM7150Q-4PC,272927,shopify,20,deny,manual,2577,,TRUE,FALSE,,,,,,https://cdn.shopify.com/s/files/1/0268/6749/9079/files/CM7150BK-Z.jpg,2,alzir-4-pc-bedroom-set,,,,CM7150-1.jpg,lb,,1069,
alzir-4-pc-bedroom-set,,,,,,,,,,,,,,,,,,,,,,,,,,,,,,,,https://cdn.shopify.com/s/files/1/0268/6749/9079/files/CM7150-1.jpg,3,alzir-4-pc-bedroom-set,,,,,,,,
alzir-4-pc-bedroom-set,,,,,,,,,,,,,,,,,,,,,,,,,,,,,,,,https://cdn.shopify.com/s/files/1/0268/6749/9079/files/CM7150-2.jpg,4,alzir-4-pc-bedroom-set,,,,,,,,
alzir-4-pc-bedroom-set,,,,,,,,,,,,,,,,,,,,,,,,,,,,,,,,https://cdn.shopify.com/s/files/1/0268/6749/9079/files/CM7150-3.jpg,5,alzir-4-pc-bedroom-set,,,,,,,,
alzir-4-pc-bedroom-set,,,,,,,,,,,,,,,,,,,,,,,,,,,,,,,,https://cdn.shopify.com/s/files/1/0268/6749/9079/files/CM7150-4.jpg,6,alzir-4-pc-bedroom-set,,,,,,,,
alzir-4-pc-bedroom-set,,,,,,,,,,,,,,,,,,,,,,,,,,,,,,,,https://cdn.shopify.com/s/files/1/0268/6749/9079/files/CM7150-2-Z.jpg,7,alzir-4-pc-bedroom-set,,,,,,,,
alzir-4-pc-bedroom-set,,,,,,,,,,,,,,,,,,,,,,,,,,,,,,,,https://cdn.shopify.com/s/files/1/0268/6749/9079/files/CM7150-1-Z.jpg,8,alzir-4-pc-bedroom-set,,,,,,,,
alzir-5-pc-bedroom-set-w-2ns,ALZIR 5 Pc. Bedroom Set w/2NS,"<p><span style=""color:#1e73be;""><strong>FREE SHIPPING</strong></span><br>
Elevate your space with ALZIR, styled in Glam and designed for everyday comfort.<br>
This bedroom bedroom set is made to fit naturally into the room. With Velvet-like Fabric, Solid Wood, Others and Black or Gray tones, it blends structure and softness in one clean profile.<br>
Product Dimensions: Varies by variant (see Variant Details below).<br>
Size: Queen</p>

<p>Features<br>
- Velvet-like Fabric<br>
- Solid Wood<br>
- Others<br>
- Fully Upholstered Frame<br>
- Wingback Headboard<br>
- Button Tufted H/B and F/B<br>
- Crystal-Like Acrylic Buttons<br>
- Nailhead Trim<br>
- Cabriole Legs<br>
- Slat Kit Included<br>
<strong>Variant Details</strong><br>
- <strong>Size: Queen | Color: Black | Dimensions: 88 1/8&quot;L X 86&quot;W X 66&quot;H | Weight: 602.98 lbs | Volume: 83.9 cuft</strong><br>
- <strong>Size: Queen | Color: Gray | Dimensions: 88 1/8&quot;L X 87 1/2&quot;W X 66&quot;H | Weight: 667.7 lbs | Volume: 86.3 cuft</strong><br>
</p>

<p>Materials: Velvet-like Fabric, Solid Wood, Others.<br>
Color: Black or Gray<br>
Weight: 602.98 - 667.7 lbs</p>",GOODDEGG,Furniture > Furniture Sets > Bedroom Furniture Sets,Bedroom Set,"Furniture of America, Quick Ship Furniture, New Arrival, Indoor Furniture, 2026",TRUE,Color,Black,,,,,,,,CM7150BK-Q-5PC-2NS,273507,shopify,20,deny,manual,2877,,TRUE,FALSE,,,,,,https://cdn.shopify.com/s/files/1/0268/6749/9079/files/CM7150BK-1.jpg,1,alzir-5-pc-bedroom-set-w-2ns,FALSE,ALZIR 5 Pc. Bedroom Set w/2NS,"Shop ALZIR 5 Pc. Bedroom Set w/2NS. Glam style. Velvet-like Fabric, Solid Wood build. Multiple colors available. Free shipping. Buy now at GOODDEGG.",CM7150BK-1.jpg,lb,,1189,active
alzir-5-pc-bedroom-set-w-2ns,,,,,,,,,Gray,,,,,,,,CM7150Q-5PC-2NS,302864,shopify,20,deny,manual,2877,,TRUE,FALSE,,,,,,https://cdn.shopify.com/s/files/1/0268/6749/9079/files/CM7150BK-Z.jpg,2,alzir-5-pc-bedroom-set-w-2ns,,,,CM7150-1.jpg,lb,,1189,
alzir-5-pc-bedroom-set-w-2ns,,,,,,,,,,,,,,,,,,,,,,,,,,,,,,,,https://cdn.shopify.com/s/files/1/0268/6749/9079/files/CM7150-1.jpg,3,alzir-5-pc-bedroom-set-w-2ns,,,,,,,,
alzir-5-pc-bedroom-set-w-2ns,,,,,,,,,,,,,,,,,,,,,,,,,,,,,,,,https://cdn.shopify.com/s/files/1/0268/6749/9079/files/CM7150-2.jpg,4,alzir-5-pc-bedroom-set-w-2ns,,,,,,,,
alzir-5-pc-bedroom-set-w-2ns,,,,,,,,,,,,,,,,,,,,,,,,,,,,,,,,https://cdn.shopify.com/s/files/1/0268/6749/9079/files/CM7150-3.jpg,5,alzir-5-pc-bedroom-set-w-2ns,,,,,,,,
alzir-5-pc-bedroom-set-w-2ns,,,,,,,,,,,,,,,,,,,,,,,,,,,,,,,,https://cdn.shopify.com/s/files/1/0268/6749/9079/files/CM7150-4.jpg,6,alzir-5-pc-bedroom-set-w-2ns,,,,,,,,
alzir-5-pc-bedroom-set-w-2ns,,,,,,,,,,,,,,,,,,,,,,,,,,,,,,,,https://cdn.shopify.com/s/files/1/0268/6749/9079/files/CM7150-2-Z.jpg,7,alzir-5-pc-bedroom-set-w-2ns,,,,,,,,
alzir-5-pc-bedroom-set-w-2ns,,,,,,,,,,,,,,,,,,,,,,,,,,,,,,,,https://cdn.shopify.com/s/files/1/0268/6749/9079/files/CM7150-1-Z.jpg,8,alzir-5-pc-bedroom-set-w-2ns,,,,,,,,
alzir-5-pc-bedroom-set-w-chest,ALZIR 5 Pc. Bedroom Set w/Chest,"<p><span style=""color:#1e73be;""><strong>FREE SHIPPING</strong></span><br>
Elevate your space with ALZIR, styled in Glam and designed for everyday comfort.<br>
This bedroom bedroom set is made to fit naturally into the room. With Velvet-like Fabric, Solid Wood, Others and Black or Gray tones, it blends structure and softness in one clean profile.<br>
Product Dimensions: Varies by variant (see Variant Details below).<br>
Size: Queen</p>

<p>Features<br>
- Velvet-like Fabric<br>
- Solid Wood<br>
- Others<br>
- Fully Upholstered Frame<br>
- Wingback Headboard<br>
- Button Tufted H/B and F/B<br>
- Crystal-Like Acrylic Buttons<br>
- Nailhead Trim<br>
- Cabriole Legs<br>
- Slat Kit Included<br>
<strong>Variant Details</strong><br>
- <strong>Size: Queen | Color: Black | Dimensions: 88 1/8&quot;L X 86&quot;W X 66&quot;H | Weight: 710.11 lbs | Volume: 101 cuft</strong><br>
- <strong>Size: Queen | Color: Gray | Dimensions: 88 1/8&quot;L X 87 1/2&quot;W X 66&quot;H | Weight: 773.3 lbs | Volume: 102 cuft</strong><br>
</p>

<p>Materials: Velvet-like Fabric, Solid Wood, Others.<br>
Color: Black or Gray<br>
Weight: 710.11 - 773.3 lbs</p>",GOODDEGG,Furniture > Furniture Sets > Bedroom Furniture Sets,Bedroom Set,"Furniture of America, Quick Ship Furniture, New Arrival, Indoor Furniture, 2026",TRUE,Color,Black,,,,,,,,CM7150BK-Q-5PC-CHEST,322100,shopify,20,deny,manual,3294,,TRUE,FALSE,,,,,,https://cdn.shopify.com/s/files/1/0268/6749/9079/files/CM7150BK-1.jpg,1,alzir-5-pc-bedroom-set-w-chest,FALSE,ALZIR 5 Pc. Bedroom Set w/Chest,"Shop ALZIR 5 Pc. Bedroom Set w/Chest. Glam style. Velvet-like Fabric, Solid Wood build. Multiple colors available. Free shipping. Buy now at GOODDEGG.",CM7150BK-1.jpg,lb,,1368,active
alzir-5-pc-bedroom-set-w-chest,,,,,,,,,Gray,,,,,,,,CM7150Q-5PC-CHEST,350763,shopify,20,deny,manual,3294,,TRUE,FALSE,,,,,,https://cdn.shopify.com/s/files/1/0268/6749/9079/files/CM7150BK-Z.jpg,2,alzir-5-pc-bedroom-set-w-chest,,,,CM7150-1.jpg,lb,,1368,
alzir-5-pc-bedroom-set-w-chest,,,,,,,,,,,,,,,,,,,,,,,,,,,,,,,,https://cdn.shopify.com/s/files/1/0268/6749/9079/files/CM7150-1.jpg,3,alzir-5-pc-bedroom-set-w-chest,,,,,,,,
alzir-5-pc-bedroom-set-w-chest,,,,,,,,,,,,,,,,,,,,,,,,,,,,,,,,https://cdn.shopify.com/s/files/1/0268/6749/9079/files/CM7150-2.jpg,4,alzir-5-pc-bedroom-set-w-chest,,,,,,,,
alzir-5-pc-bedroom-set-w-chest,,,,,,,,,,,,,,,,,,,,,,,,,,,,,,,,https://cdn.shopify.com/s/files/1/0268/6749/9079/files/CM7150-3.jpg,5,alzir-5-pc-bedroom-set-w-chest,,,,,,,,
alzir-5-pc-bedroom-set-w-chest,,,,,,,,,,,,,,,,,,,,,,,,,,,,,,,,https://cdn.shopify.com/s/files/1/0268/6749/9079/files/CM7150-4.jpg,6,alzir-5-pc-bedroom-set-w-chest,,,,,,,,
alzir-5-pc-bedroom-set-w-chest,,,,,,,,,,,,,,,,,,,,,,,,,,,,,,,,https://cdn.shopify.com/s/files/1/0268/6749/9079/files/CM7150-2-Z.jpg,7,alzir-5-pc-bedroom-set-w-chest,,,,,,,,
alzir-5-pc-bedroom-set-w-chest,,,,,,,,,,,,,,,,,,,,,,,,,,,,,,,,https://cdn.shopify.com/s/files/1/0268/6749/9079/files/CM7150-1-Z.jpg,8,alzir-5-pc-bedroom-set-w-chest,,,,,,,,
aquilina-4-pc-bedroom-set,AQUILINA 4 Pc. Bedroom Set,"<p><span style=""color:#1e73be;""><strong>FREE SHIPPING</strong></span><br>
Create a calm, coordinated retreat with AQUILINA 4 Pc. Bedroom Set. Designed as a bedroom bedroom set, it pairs easily with surrounding decor. Its Traditional styling keeps the room feeling polished yet comfortable. With Leatherette, Stone, Solid Wood, Wood Veneer, Engineered Wood construction and Cherry or Oak tones, it blends durability with visual warmth.<br>
Product Dimensions: 89.33""L X 67.25""W X 72""H<br>
Size: Queen</p>

<p>Features<br>
- Traditional<br>
- Cherry or Oak<br>
- Diamond Tufted Leatherette<br>
- Sintered Stone Top on Nightstand & Dresser<br>
- Gold Carved Details<br>
- English Dovetail Drawer<br>
- Felt-lined Top Drawer Included items and dimensions:<br>
- Nightstand: color: Dark Cherry or Oak; dimensions: 32.5"" W x 19""D x 26.5"" H; feature: Traditional<br>
- Dresser: color: Dark Cherry or Oak; dimensions: 64.5"" W x 19""D x 26.5"" H; feature: Traditional</p>

<p>Materials: Leatherette, Stone, Solid Wood, Wood Veneer, Engineered Wood.<br>
Color: Cherry or Oak<br>
Weight: 661.1 lbs</p>",GOODDEGG,Furniture > Furniture Sets > Bedroom Furniture Sets,Bedroom Set,"Furniture of America, Quick Ship Furniture, New Arrival, Indoor Furniture, 2026",TRUE,Size,Queen,,,,,,,,FM7422CH-Q-4PC,299870,shopify,20,deny,manual,4107,,TRUE,FALSE,,,,,,https://cdn.shopify.com/s/files/1/0268/6749/9079/files/FM7422CH-1-Z.jpg,1,aquilina-4-pc-bedroom-set,FALSE,AQUILINA 4 Pc. Bedroom Set,"Shop AQUILINA 4 Pc. Bedroom Set. Traditional style. Leatherette, Stone build. Size: Queen. Free shipping. Buy now at GOODDEGG.",FM7422CH-1-Z.jpg,lb,,1699,active
aquilina-4-pc-bedroom-set,,,,,,,,,,,,,,,,,,,,,,,,,,,,,,,,FM7422CH-2.jpg,2,aquilina-4-pc-bedroom-set,,,,,,,,
aquilina-5-pc-bedroom-set-w-2ns,AQUILINA 5 Pc. Bedroom Set w/ 2NS,"<p><span style=""color:#1e73be;""><strong>FREE SHIPPING</strong></span><br>
AQUILINA 5 Pc. Bedroom Set w/ 2NS completes the bedroom with a relaxed, pulled-together look. As a bedroom bedroom set, it is designed to coordinate with matching pieces. The Traditional character adds definition without feeling heavy. Finished in Cherry or Oak tones, the Leatherette, Stone, Solid Wood, Wood Veneer, Engineered Wood build keeps the look polished and practical.<br>
Product Dimensions:.<br>
Size: Queen</p>

<p>Features<br>
- Traditional<br>
- Cherry or Oak<br>
- Diamond Tufted Leatherette<br>
- Sintered Stone Top on Nightstand & Dresser<br>
- Gold Carved Details<br>
- English Dovetail Drawer<br>
- Felt-lined Top Drawer Included items and dimensions:<br>
- Nightstand: color: Dark Cherry or Oak; dimensions: 32.5"" W x 19""D x 26.5"" H; feature: Traditional<br>
- Dresser: color: Dark Cherry or Oak; dimensions: 64.5"" W x 19""D x 26.5"" H; feature: Traditional</p>

<p>Materials: Leatherette, Stone, Solid Wood, Wood Veneer, Engineered Wood.<br>
Color: Cherry or Oak<br>
Weight: 766.7 lbs</p>",GOODDEGG,Furniture > Furniture Sets > Bedroom Furniture Sets,Bedroom Set,"Furniture of America, Quick Ship Furniture, New Arrival, Indoor Furniture, 2026",TRUE,Size,Queen,,,,,,,,FM7422CH-Q-5PC-2NS,347769,shopify,20,deny,manual,4647,,TRUE,FALSE,,,,,,https://cdn.shopify.com/s/files/1/0268/6749/9079/files/FM7422CH-1-Z.jpg,1,aquilina-5-pc-bedroom-set-w-2ns,FALSE,AQUILINA 5 Pc. Bedroom Set w/ 2NS,"Shop AQUILINA 5 Pc. Bedroom Set w/ 2NS. Traditional style. Leatherette, Stone build. Size: Queen. Free shipping. Buy now at GOODDEGG.",FM7422CH-1-Z.jpg,lb,,1899,active
aquilina-5-pc-bedroom-set-w-2ns,,,,,,,,,,,,,,,,,,,,,,,,,,,,,,,,FM7422CH-2.jpg,2,aquilina-5-pc-bedroom-set-w-2ns,,,,,,,,
aquilina-5-pc-bedroom-set-w-chest,AQUILINA 5 Pc. Bedroom Set w/ Chest,"<p><span style=""color:#1e73be;""><strong>FREE SHIPPING</strong></span><br>
AQUILINA 5 Pc. Bedroom Set w/ Chest brings a restful, finished feel to the bedroom. This bedroom bedroom set is made to fit naturally into the room. A Traditional profile gives the space a refined, approachable look. Built from Leatherette, Stone, Solid Wood, Wood Veneer, Engineered Wood and finished in Cherry or Oak tones for a clean, cohesive look.<br>
Product Dimensions:.<br>
Size: Queen</p>

<p>Features<br>
- Traditional<br>
- Cherry or Oak<br>
- Diamond Tufted Leatherette<br>
- Sintered Stone Top on Nightstand & Dresser<br>
- Gold Carved Details<br>
- English Dovetail Drawer<br>
- Felt-lined Top Drawer Included items and dimensions:<br>
- Nightstand: color: Dark Cherry or Oak; dimensions: 32.5"" W x 19""D x 26.5"" H; feature: Traditional<br>
- Dresser: color: Dark Cherry or Oak; dimensions: 64.5"" W x 19""D x 26.5"" H; feature: Traditional<br>
- Chest: color: Dark Cherry or Oak; dimensions: 44.5"" W x 20""D x 56"" H; feature: Traditional</p>

<p>Materials: Leatherette, Stone, Solid Wood, Wood Veneer, Engineered Wood.<br>
Color: Cherry or Oak<br>
Weight: 920.7 lbs</p>",GOODDEGG,Furniture > Furniture Sets > Bedroom Furniture Sets,Bedroom Set,"Furniture of America, Quick Ship Furniture, New Arrival, Indoor Furniture, 2026",TRUE,Size,Queen,,,,,,,,FM7422CH-Q-5PC-CHEST,417622,shopify,20,deny,manual,5124,,TRUE,FALSE,,,,,,https://cdn.shopify.com/s/files/1/0268/6749/9079/files/FM7422CH-1-Z.jpg,1,aquilina-5-pc-bedroom-set-w-chest,FALSE,AQUILINA 5 Pc. Bedroom Set w/ Chest,"Shop AQUILINA 5 Pc. Bedroom Set w/ Chest. Traditional style. Leatherette, Stone build. Size: Queen. Free shipping. Buy now at GOODDEGG.",FM7422CH-1-Z.jpg,lb,,2178,active
aquilina-5-pc-bedroom-set-w-chest,,,,,,,,,,,,,,,,,,,,,,,,,,,,,,,,FM7422CH-2.jpg,2,aquilina-5-pc-bedroom-set-w-chest,,,,,,,,
argyros-4-pc-bedroom-set,ARGYROS 4 Pc. Bedroom Set,"<p><span style=""color:#1e73be;""><strong>FREE SHIPPING</strong></span><br>
ARGYROS 4 Pc. Bedroom Set brings a restful, finished feel to the bedroom. This bedroom bedroom set is made to fit naturally into the room. A Transitional profile gives the space a refined, approachable look. Crafted with Solid Wood, Wood Veneer, then finished in Espresso tones to suit a range of interiors.<br>
Product Dimensions: 87 1/2""L X 64 3/4""W X 64""H<br>
Size: Queen</p>

<p>Features<br>
- High Panel Headboard<br>
- V-Shape Plank Design<br>
- USB Chargers on both sides of H or B<br>
- Footboard Drawers<br>
- Mattress Ready Included items and dimensions:<br>
- Nightstand: color: Espresso; dimensions: 28"" W x 17""D x 29"" H; feature: Transitional<br>
- Dresser: color: Espresso; dimensions: 66"" W x 18""D x 38 1 or 2"" H; feature: Transitional</p>

<p>Materials: Solid Wood, Wood Veneer.<br>
Color: Espresso<br>
Weight: 517.23 lbs</p>",GOODDEGG,Furniture > Furniture Sets > Bedroom Furniture Sets,Bedroom Set,"Furniture of America, Quick Ship Furniture, New Arrival, Indoor Furniture, 2026",TRUE,Size,Queen,,,,,,,,CM7315Q-4PC,234612,shopify,20,deny,manual,3207,,TRUE,FALSE,,,,,,https://cdn.shopify.com/s/files/1/0268/6749/9079/files/CM7315-2.jpg,1,argyros-4-pc-bedroom-set,FALSE,ARGYROS 4 Pc. Bedroom Set,"Shop ARGYROS 4 Pc. Bedroom Set. Transitional style. Solid Wood, Wood Veneer build. Size: Queen. Free shipping. Buy now at GOODDEGG.",CM7315-2.jpg,lb,,1279,active
argyros-4-pc-bedroom-set,,,,,,,,,,,,,,,,,,,,,,,,,,,,,,,,https://cdn.shopify.com/s/files/1/0268/6749/9079/files/CM7315-4.jpg,2,argyros-4-pc-bedroom-set,,,,,,,,
argyros-4-pc-bedroom-set,,,,,,,,,,,,,,,,,,,,,,,,,,,,,,,,https://cdn.shopify.com/s/files/1/0268/6749/9079/files/CM7315-5.jpg,3,argyros-4-pc-bedroom-set,,,,,,,,
argyros-4-pc-bedroom-set,,,,,,,,,,,,,,,,,,,,,,,,,,,,,,,,https://cdn.shopify.com/s/files/1/0268/6749/9079/files/CM7315-6.jpg,4,argyros-4-pc-bedroom-set,,,,,,,,
argyros-5-pc-bedroom-set-w-2ns,ARGYROS 5 Pc. Bedroom Set w/ 2NS,"<p><span style=""color:#1e73be;""><strong>FREE SHIPPING</strong></span><br>
Create a calm, coordinated retreat with ARGYROS 5 Pc. Bedroom Set w/ 2NS. Designed as a bedroom bedroom set, it pairs easily with surrounding decor. Its Transitional styling keeps the room feeling polished yet comfortable. With Solid Wood, Wood Veneer, construction and Espresso tones, it blends durability with visual warmth.<br>
Product Dimensions: 87 1/2""L X 64 3/4""W X 64""H<br>
Size: Queen</p>

<p>Features<br>
- High Panel Headboard<br>
- V-Shape Plank Design<br>
- USB Chargers on both sides of H or B<br>
- Footboard Drawers<br>
- Mattress Ready Included items and dimensions:<br>
- Nightstand: color: Espresso; dimensions: 28"" W x 17""D x 29"" H; feature: Transitional<br>
- Dresser: color: Espresso; dimensions: 66"" W x 18""D x 38 1 or 2"" H; feature: Transitional</p>

<p>Materials: Solid Wood, Wood Veneer.<br>
Color: Espresso<br>
Weight: 585.43 lbs</p>",GOODDEGG,Furniture > Furniture Sets > Bedroom Furniture Sets,Bedroom Set,"Furniture of America, Quick Ship Furniture, New Arrival, Indoor Furniture, 2026",TRUE,Size,Queen,,,,,,,,CM7315Q-5PC-2NS,265547,shopify,20,deny,manual,3687,,TRUE,FALSE,,,,,,https://cdn.shopify.com/s/files/1/0268/6749/9079/files/CM7315-2.jpg,1,argyros-5-pc-bedroom-set-w-2ns,FALSE,ARGYROS 5 Pc. Bedroom Set w/ 2NS,"Shop ARGYROS 5 Pc. Bedroom Set w/ 2NS. Transitional style. Solid Wood, Wood Veneer build. Size: Queen. Free shipping. Buy now at GOODDEGG.",CM7315-2.jpg,lb,,1469,active
argyros-5-pc-bedroom-set-w-2ns,,,,,,,,,,,,,,,,,,,,,,,,,,,,,,,,https://cdn.shopify.com/s/files/1/0268/6749/9079/files/CM7315-4.jpg,2,argyros-5-pc-bedroom-set-w-2ns,,,,,,,,
argyros-5-pc-bedroom-set-w-2ns,,,,,,,,,,,,,,,,,,,,,,,,,,,,,,,,https://cdn.shopify.com/s/files/1/0268/6749/9079/files/CM7315-5.jpg,3,argyros-5-pc-bedroom-set-w-2ns,,,,,,,,
argyros-5-pc-bedroom-set-w-2ns,,,,,,,,,,,,,,,,,,,,,,,,,,,,,,,,https://cdn.shopify.com/s/files/1/0268/6749/9079/files/CM7315-6.jpg,4,argyros-5-pc-bedroom-set-w-2ns,,,,,,,,
argyros-5-pc-bedroom-set-w-chest,ARGYROS 5 Pc. Bedroom Set w/ Chest,"<p><span style=""color:#1e73be;""><strong>FREE SHIPPING</strong></span><br>
ARGYROS 5 Pc. Bedroom Set w/ Chest completes the bedroom with a relaxed, pulled-together look. As a bedroom bedroom set, it is designed to coordinate with matching pieces. The Transitional character adds definition without feeling heavy. Finished in Espresso tones, the Solid Wood, Wood Veneer, build keeps the look polished and practical.<br>
Product Dimensions: 87 1/2""L X 64 3/4""W X 64""H<br>
Size: Queen</p>

<p>Features<br>
- High Panel Headboard<br>
- V-Shape Plank Design<br>
- USB Chargers on both sides of H or B<br>
- Footboard Drawers<br>
- Mattress Ready Included items and dimensions:<br>
- Nightstand: color: Espresso; dimensions: 28"" W x 17""D x 29"" H; feature: Transitional<br>
- Dresser: color: Espresso; dimensions: 66"" W x 18""D x 38 1 or 2"" H; feature: Transitional<br>
- Chest: color: Espresso; dimensions: 42"" W x 18""D x 57 5 or 8"" H; feature: Transitional</p>

<p>Materials: Solid Wood, Wood Veneer.<br>
Color: Espresso<br>
Weight: 691.03 lbs</p>",GOODDEGG,Furniture > Furniture Sets > Bedroom Furniture Sets,Bedroom Set,"Furniture of America, Quick Ship Furniture, New Arrival, Indoor Furniture, 2026",TRUE,Size,Queen,,,,,,,,CM7315Q-5PC-CHEST,313446,shopify,20,deny,manual,4164,,TRUE,FALSE,,,,,,https://cdn.shopify.com/s/files/1/0268/6749/9079/files/CM7315-2.jpg,1,argyros-5-pc-bedroom-set-w-chest,FALSE,ARGYROS 5 Pc. Bedroom Set w/ Chest,"Shop ARGYROS 5 Pc. Bedroom Set w/ Chest. Transitional style. Solid Wood, Wood Veneer build. Size: Queen. Free shipping. Buy now at GOODDEGG.",CM7315-2.jpg,lb,,1668,active
argyros-5-pc-bedroom-set-w-chest,,,,,,,,,,,,,,,,,,,,,,,,,,,,,,,,https://cdn.shopify.com/s/files/1/0268/6749/9079/files/CM7315-4.jpg,2,argyros-5-pc-bedroom-set-w-chest,,,,,,,,
argyros-5-pc-bedroom-set-w-chest,,,,,,,,,,,,,,,,,,,,,,,,,,,,,,,,https://cdn.shopify.com/s/files/1/0268/6749/9079/files/CM7315-5.jpg,3,argyros-5-pc-bedroom-set-w-chest,,,,,,,,
argyros-5-pc-bedroom-set-w-chest,,,,,,,,,,,,,,,,,,,,,,,,,,,,,,,,https://cdn.shopify.com/s/files/1/0268/6749/9079/files/CM7315-6.jpg,4,argyros-5-pc-bedroom-set-w-chest,,,,,,,,
ashbourne-4-pc-bedroom-set,ASHBOURNE 4 Pc. Bedroom Set,"<p><span style=""color:#1e73be;""><strong>FREE SHIPPING</strong></span><br>
ASHBOURNE 4 Pc. Bedroom Set brings a restful, finished feel to the bedroom. This bedroom bedroom set is made to fit naturally into the room. A Contemporary profile gives the space a refined, approachable look. Built from Metal, Solid Wood, Wood Veneer, and finished in Black tones for a clean, cohesive look.<br>
Product Dimensions: 63.5""L X 85.625""W X 67""H<br>
Size: Queen</p>

<p>Features<br>
- LED on Headboard<br>
- Full-extension Soft Closing Drawer<br>
- English Dovetail Drawer<br>
- Chrome Legs<br>
- USB-A & USB-C on Nightstand Included items and dimensions:<br>
- Nightstand: color: Black; dimensions: 26"" W x 16""D x 26"" H; feature: Contemporary<br>
- Dresser: color: Black; dimensions: 58"" W x 17""D x 34"" H; feature: Contemporary</p>

<p>Materials: Metal, Solid Wood, Wood Veneer.<br>
Color: Black<br>
Weight: 438.1 lbs</p>",GOODDEGG,Furniture > Furniture Sets > Bedroom Furniture Sets,Bedroom Set,"Furniture of America, Quick Ship Furniture, New Arrival, Indoor Furniture, 2026",TRUE,Size,Queen,,,,,,,,FM7415BK-Q-4PC,198719,shopify,20,deny,manual,2217,,TRUE,FALSE,,,,,,https://cdn.shopify.com/s/files/1/0268/6749/9079/files/FM7415BK-1-Z.jpg,1,ashbourne-4-pc-bedroom-set,FALSE,ASHBOURNE 4 Pc. Bedroom Set,"Shop ASHBOURNE 4 Pc. Bedroom Set. Contemporary style. Metal, Solid Wood build. Size: Queen. Free shipping. Buy now at GOODDEGG.",FM7415BK-1-Z.jpg,lb,,999,active
ashbourne-4-pc-bedroom-set,,,,,,,,,,,,,,,,,,,,,,,,,,,,,,,,https://cdn.shopify.com/s/files/1/0268/6749/9079/files/FM7415BK-2.jpg,2,ashbourne-4-pc-bedroom-set,,,,,,,,
ashbourne-4-pc-bedroom-set,,,,,,,,,,,,,,,,,,,,,,,,,,,,,,,,https://cdn.shopify.com/s/files/1/0268/6749/9079/files/FM7415BK-3.jpg,3,ashbourne-4-pc-bedroom-set,,,,,,,,
ashbourne-4-pc-bedroom-set,,,,,,,,,,,,,,,,,,,,,,,,,,,,,,,,https://cdn.shopify.com/s/files/1/0268/6749/9079/files/FM7415BK-4.jpg,4,ashbourne-4-pc-bedroom-set,,,,,,,,
ashbourne-4-pc-bedroom-set,,,,,,,,,,,,,,,,,,,,,,,,,,,,,,,,https://cdn.shopify.com/s/files/1/0268/6749/9079/files/FM7415BK-5.jpg,5,ashbourne-4-pc-bedroom-set,,,,,,,,
ashbourne-4-pc-bedroom-set,,,,,,,,,,,,,,,,,,,,,,,,,,,,,,,,FM7415BK-6.jpg,6,ashbourne-4-pc-bedroom-set,,,,,,,,
ashbourne-4-pc-bedroom-set,,,,,,,,,,,,,,,,,,,,,,,,,,,,,,,,https://cdn.shopify.com/s/files/1/0268/6749/9079/files/FM7415BK-N-USB.jpg,7,ashbourne-4-pc-bedroom-set,,,,,,,,
ashbourne-5-pc-bedroom-set-w-2ns,ASHBOURNE 5 Pc. Bedroom Set w/ 2NS,"<p><span style=""color:#1e73be;""><strong>FREE SHIPPING</strong></span><br>
Create a calm, coordinated retreat with ASHBOURNE 5 Pc. Bedroom Set w/ 2NS. Designed as a bedroom bedroom set, it pairs easily with surrounding decor. Its Contemporary styling keeps the room feeling polished yet comfortable. Crafted with Metal, Solid Wood, Wood Veneer, then finished in Black tones to suit a range of interiors.<br>
Product Dimensions:.<br>
Size: Queen</p>

<p>Features<br>
- LED on Headboard<br>
- Full-extension Soft Closing Drawer<br>
- English Dovetail Drawer<br>
- Chrome Legs<br>
- USB-A & USB-C on Nightstand Included items and dimensions:<br>
- Nightstand: color: Black; dimensions: 26"" W x 16""D x 26"" H; feature: Contemporary<br>
- Dresser: color: Black; dimensions: 58"" W x 17""D x 34"" H; feature: Contemporary</p>

<p>Materials: Metal, Solid Wood, Wood Veneer.<br>
Color: Black<br>
Weight: 500 lbs</p>",GOODDEGG,Furniture > Furniture Sets > Bedroom Furniture Sets,Bedroom Set,"Furniture of America, Quick Ship Furniture, New Arrival, Indoor Furniture, 2026",TRUE,Size,Queen,,,,,,,,FM7415BK-Q-5PC-2NS,226796,shopify,20,deny,manual,2577,,TRUE,FALSE,,,,,,https://cdn.shopify.com/s/files/1/0268/6749/9079/files/FM7415BK-1-Z.jpg,1,ashbourne-5-pc-bedroom-set-w-2ns,FALSE,ASHBOURNE 5 Pc. Bedroom Set w/ 2NS,"Shop ASHBOURNE 5 Pc. Bedroom Set w/ 2NS. Contemporary style. Metal, Solid Wood build. Size: Queen. Free shipping. Buy now at GOODDEGG.",FM7415BK-1-Z.jpg,lb,,1099,active
ashbourne-5-pc-bedroom-set-w-2ns,,,,,,,,,,,,,,,,,,,,,,,,,,,,,,,,https://cdn.shopify.com/s/files/1/0268/6749/9079/files/FM7415BK-2.jpg,2,ashbourne-5-pc-bedroom-set-w-2ns,,,,,,,,
ashbourne-5-pc-bedroom-set-w-2ns,,,,,,,,,,,,,,,,,,,,,,,,,,,,,,,,https://cdn.shopify.com/s/files/1/0268/6749/9079/files/FM7415BK-3.jpg,3,ashbourne-5-pc-bedroom-set-w-2ns,,,,,,,,
ashbourne-5-pc-bedroom-set-w-2ns,,,,,,,,,,,,,,,,,,,,,,,,,,,,,,,,https://cdn.shopify.com/s/files/1/0268/6749/9079/files/FM7415BK-4.jpg,4,ashbourne-5-pc-bedroom-set-w-2ns,,,,,,,,
ashbourne-5-pc-bedroom-set-w-2ns,,,,,,,,,,,,,,,,,,,,,,,,,,,,,,,,https://cdn.shopify.com/s/files/1/0268/6749/9079/files/FM7415BK-5.jpg,5,ashbourne-5-pc-bedroom-set-w-2ns,,,,,,,,
ashbourne-5-pc-bedroom-set-w-2ns,,,,,,,,,,,,,,,,,,,,,,,,,,,,,,,,FM7415BK-6.jpg,6,ashbourne-5-pc-bedroom-set-w-2ns,,,,,,,,
ashbourne-5-pc-bedroom-set-w-2ns,,,,,,,,,,,,,,,,,,,,,,,,,,,,,,,,https://cdn.shopify.com/s/files/1/0268/6749/9079/files/FM7415BK-N-USB.jpg,7,ashbourne-5-pc-bedroom-set-w-2ns,,,,,,,,
ashbourne-5-pc-bedroom-set-w-chest,ASHBOURNE 5 Pc. Bedroom Set w/ Chest,"<p><span style=""color:#1e73be;""><strong>FREE SHIPPING</strong></span><br>
ASHBOURNE 5 Pc. Bedroom Set w/ Chest completes the bedroom with a relaxed, pulled-together look. As a bedroom bedroom set, it is designed to coordinate with matching pieces. The Contemporary character adds definition without feeling heavy. With Metal, Solid Wood, Wood Veneer, construction and Black tones, it blends durability with visual warmth.<br>
Product Dimensions:.<br>
Size: Queen</p>

<p>Features<br>
- LED on Headboard<br>
- Full-extension Soft Closing Drawer<br>
- English Dovetail Drawer<br>
- Chrome Legs<br>
- USB-A & USB-C on Nightstand Included items and dimensions:<br>
- Nightstand: color: Black; dimensions: 26"" W x 16""D x 26"" H; feature: Contemporary<br>
- Dresser: color: Black; dimensions: 58"" W x 17""D x 34"" H; feature: Contemporary<br>
- Chest: color: Black; dimensions: 36"" W x 17""D x 51"" H; feature: Contemporary</p>

<p>Materials: Metal, Solid Wood, Wood Veneer.<br>
Color: Black<br>
Weight: 607.5 lbs</p>",GOODDEGG,Furniture > Furniture Sets > Bedroom Furniture Sets,Bedroom Set,"Furniture of America, Quick Ship Furniture, New Arrival, Indoor Furniture, 2026",TRUE,Size,Queen,,,,,,,,FM7415BK-Q-5PC-CHEST,275557,shopify,20,deny,manual,2934,,TRUE,FALSE,,,,,,https://cdn.shopify.com/s/files/1/0268/6749/9079/files/FM7415BK-1-Z.jpg,1,ashbourne-5-pc-bedroom-set-w-chest,FALSE,ASHBOURNE 5 Pc. Bedroom Set w/ Chest,"Shop ASHBOURNE 5 Pc. Bedroom Set w/ Chest. Contemporary style. Metal, Solid Wood build. Size: Queen. Free shipping. Buy now at GOODDEGG.",FM7415BK-1-Z.jpg,lb,,1338,active
ashbourne-5-pc-bedroom-set-w-chest,,,,,,,,,,,,,,,,,,,,,,,,,,,,,,,,https://cdn.shopify.com/s/files/1/0268/6749/9079/files/FM7415BK-2.jpg,2,ashbourne-5-pc-bedroom-set-w-chest,,,,,,,,
ashbourne-5-pc-bedroom-set-w-chest,,,,,,,,,,,,,,,,,,,,,,,,,,,,,,,,https://cdn.shopify.com/s/files/1/0268/6749/9079/files/FM7415BK-3.jpg,3,ashbourne-5-pc-bedroom-set-w-chest,,,,,,,,
ashbourne-5-pc-bedroom-set-w-chest,,,,,,,,,,,,,,,,,,,,,,,,,,,,,,,,https://cdn.shopify.com/s/files/1/0268/6749/9079/files/FM7415BK-4.jpg,4,ashbourne-5-pc-bedroom-set-w-chest,,,,,,,,
ashbourne-5-pc-bedroom-set-w-chest,,,,,,,,,,,,,,,,,,,,,,,,,,,,,,,,https://cdn.shopify.com/s/files/1/0268/6749/9079/files/FM7415BK-5.jpg,5,ashbourne-5-pc-bedroom-set-w-chest,,,,,,,,
ashbourne-5-pc-bedroom-set-w-chest,,,,,,,,,,,,,,,,,,,,,,,,,,,,,,,,FM7415BK-6.jpg,6,ashbourne-5-pc-bedroom-set-w-chest,,,,,,,,
ashbourne-5-pc-bedroom-set-w-chest,,,,,,,,,,,,,,,,,,,,,,,,,,,,,,,,https://cdn.shopify.com/s/files/1/0268/6749/9079/files/FM7415BK-N-USB.jpg,7,ashbourne-5-pc-bedroom-set-w-chest,,,,,,,,
basildon-4-pc-bedroom-set,BASILDON 4 Pc. Bedroom Set,"<p><span style=""color:#1e73be;""><strong>FREE SHIPPING</strong></span><br>
BASILDON 4 Pc. Bedroom Set completes the bedroom with a relaxed, pulled-together look. As a bedroom bedroom set, it is designed to coordinate with matching pieces. The Contemporary character adds definition without feeling heavy. With Engineered Wood, Fabric, Foam, Metal, Melamine construction and White or Gold tones, it blends durability with visual warmth.<br>
Product Dimensions: 65.5""W X 87.5""D X 62""H<br>
Size: Queen</p>

<p>Features<br>
- White or Gold<br>
- Metal Gold Legs<br>
- Posts & Handles<br>
- English Dovetail<br>
- Center Metal Glide<br>
- Metal Hardware Included items and dimensions:<br>
- Nightstand: color: White or Gold; dimensions: 25"" W x 16""D x 24"" H; feature: Contemporary<br>
- Dresser: color: White or Gold; dimensions: 61"" W x 16""D x 33.5"" H; feature: Contemporary</p>

<p>Materials: Engineered Wood, Fabric, Foam, Metal, Melamine.<br>
Color: White or Gold<br>
Weight: 381.46 lbs</p>",GOODDEGG,Furniture > Furniture Sets > Bedroom Furniture Sets,Bedroom Set,"Furniture of America, Quick Ship Furniture, New Arrival, Indoor Furniture, 2026",TRUE,Size,Queen,,,,,,,,FM7271WH-Q-4PC,173027,shopify,20,deny,manual,1917,,TRUE,FALSE,,,,,,https://cdn.shopify.com/s/files/1/0268/6749/9079/files/FM7271WH-1-Z.jpg,1,basildon-4-pc-bedroom-set,FALSE,BASILDON 4 Pc. Bedroom Set,"Shop BASILDON 4 Pc. Bedroom Set. Contemporary style. Engineered Wood, Fabric build. Size: Queen. Free shipping. Buy now at GOODDEGG.",FM7271WH-1-Z.jpg,lb,,849,active
basildon-4-pc-bedroom-set,,,,,,,,,,,,,,,,,,,,,,,,,,,,,,,,https://cdn.shopify.com/s/files/1/0268/6749/9079/files/FM7271WH-2.jpg,2,basildon-4-pc-bedroom-set,,,,,,,,
basildon-4-pc-bedroom-set,,,,,,,,,,,,,,,,,,,,,,,,,,,,,,,,https://cdn.shopify.com/s/files/1/0268/6749/9079/files/FM7271WH-3.jpg,3,basildon-4-pc-bedroom-set,,,,,,,,
basildon-4-pc-bedroom-set,,,,,,,,,,,,,,,,,,,,,,,,,,,,,,,,https://cdn.shopify.com/s/files/1/0268/6749/9079/files/FM7271WH-D-2.jpg,4,basildon-4-pc-bedroom-set,,,,,,,,
basildon-5-pc-bedroom-set-w-2ns,BASILDON 5 Pc. Bedroom Set w/ 2NS,"<p><span style=""color:#1e73be;""><strong>FREE SHIPPING</strong></span><br>
BASILDON 5 Pc. Bedroom Set w/ 2NS brings a restful, finished feel to the bedroom. This bedroom bedroom set is made to fit naturally into the room. A Contemporary profile gives the space a refined, approachable look. Finished in White or Gold tones, the Engineered Wood, Fabric, Foam, Metal, Melamine build keeps the look polished and practical.<br>
Product Dimensions: 65.5""W X 87.5""D X 62""H<br>
Size: Queen</p>

<p>Features<br>
- White or Gold<br>
- Metal Gold Legs<br>
- Posts & Handles<br>
- English Dovetail<br>
- Center Metal Glide<br>
- Metal Hardware Included items and dimensions:<br>
- Nightstand: color: White or Gold; dimensions: 25"" W x 16""D x 24"" H; feature: Contemporary<br>
- Dresser: color: White or Gold; dimensions: 61"" W x 16""D x 33.5"" H; feature: Contemporary</p>

<p>Materials: Engineered Wood, Fabric, Foam, Metal, Melamine.<br>
Color: White or Gold<br>
Weight: 430.73 lbs</p>",GOODDEGG,Furniture > Furniture Sets > Bedroom Furniture Sets,Bedroom Set,"Furniture of America, Quick Ship Furniture, New Arrival, Indoor Furniture, 2026",TRUE,Size,Queen,,,,,,,,FM7271WH-Q-5PC-2NS,195376,shopify,20,deny,manual,2157,,TRUE,FALSE,,,,,,https://cdn.shopify.com/s/files/1/0268/6749/9079/files/FM7271WH-1-Z.jpg,1,basildon-5-pc-bedroom-set-w-2ns,FALSE,BASILDON 5 Pc. Bedroom Set w/ 2NS,"Shop BASILDON 5 Pc. Bedroom Set w/ 2NS. Contemporary style. Engineered Wood, Fabric build. Size: Queen. Free shipping. Buy now at GOODDEGG.",FM7271WH-1-Z.jpg,lb,,969,active
basildon-5-pc-bedroom-set-w-2ns,,,,,,,,,,,,,,,,,,,,,,,,,,,,,,,,https://cdn.shopify.com/s/files/1/0268/6749/9079/files/FM7271WH-2.jpg,2,basildon-5-pc-bedroom-set-w-2ns,,,,,,,,
basildon-5-pc-bedroom-set-w-2ns,,,,,,,,,,,,,,,,,,,,,,,,,,,,,,,,https://cdn.shopify.com/s/files/1/0268/6749/9079/files/FM7271WH-3.jpg,3,basildon-5-pc-bedroom-set-w-2ns,,,,,,,,
basildon-5-pc-bedroom-set-w-2ns,,,,,,,,,,,,,,,,,,,,,,,,,,,,,,,,https://cdn.shopify.com/s/files/1/0268/6749/9079/files/FM7271WH-D-2.jpg,4,basildon-5-pc-bedroom-set-w-2ns,,,,,,,,
basildon-5-pc-bedroom-set-w-chest,BASILDON 5 Pc. Bedroom Set w/ Chest,"<p><span style=""color:#1e73be;""><strong>FREE SHIPPING</strong></span><br>
Create a calm, coordinated retreat with BASILDON 5 Pc. Bedroom Set w/ Chest. Designed as a bedroom bedroom set, it pairs easily with surrounding decor. Its Contemporary styling keeps the room feeling polished yet comfortable. Built from Engineered Wood, Fabric, Foam, Metal, Melamine and finished in White or Gold tones for a clean, cohesive look.<br>
Product Dimensions: 65.5""W X 87.5""D X 62""H<br>
Size: Queen</p>

<p>Features<br>
- White or Gold<br>
- Metal Gold Legs<br>
- Posts & Handles<br>
- English Dovetail<br>
- Center Metal Glide<br>
- Metal Hardware Included items and dimensions:<br>
- Nightstand: color: White or Gold; dimensions: 25"" W x 16""D x 24"" H; feature: Contemporary<br>
- Dresser: color: White or Gold; dimensions: 61"" W x 16""D x 33.5"" H; feature: Contemporary<br>
- Chest: color: White or Gold; dimensions: 35.5"" W x 16""D x 53"" H; feature: Contemporary</p>

<p>Materials: Engineered Wood, Fabric, Foam, Metal, Melamine.<br>
Color: White or Gold<br>
Weight: 563.23 lbs</p>",GOODDEGG,Furniture > Furniture Sets > Bedroom Furniture Sets,Bedroom Set,"Furniture of America, Quick Ship Furniture, New Arrival, Indoor Furniture, 2026",TRUE,Size,Queen,,,,,,,,FM7271WH-Q-5PC-CHEST,255477,shopify,20,deny,manual,2544,,TRUE,FALSE,,,,,,https://cdn.shopify.com/s/files/1/0268/6749/9079/files/FM7271WH-1-Z.jpg,1,basildon-5-pc-bedroom-set-w-chest,FALSE,BASILDON 5 Pc. Bedroom Set w/ Chest,"Shop BASILDON 5 Pc. Bedroom Set w/ Chest. Contemporary style. Engineered Wood, Fabric build. Size: Queen. Free shipping. Buy now at GOODDEGG.",FM7271WH-1-Z.jpg,lb,,1138,active
basildon-5-pc-bedroom-set-w-chest,,,,,,,,,,,,,,,,,,,,,,,,,,,,,,,,https://cdn.shopify.com/s/files/1/0268/6749/9079/files/FM7271WH-2.jpg,2,basildon-5-pc-bedroom-set-w-chest,,,,,,,,
basildon-5-pc-bedroom-set-w-chest,,,,,,,,,,,,,,,,,,,,,,,,,,,,,,,,https://cdn.shopify.com/s/files/1/0268/6749/9079/files/FM7271WH-3.jpg,3,basildon-5-pc-bedroom-set-w-chest,,,,,,,,
basildon-5-pc-bedroom-set-w-chest,,,,,,,,,,,,,,,,,,,,,,,,,,,,,,,,https://cdn.shopify.com/s/files/1/0268/6749/9079/files/FM7271WH-D-2.jpg,4,basildon-5-pc-bedroom-set-w-chest,,,,,,,,
basildon-5-pc-bedroom-set-w-chest,,,,,,,,,,,,,,,,,,,,,,,,,,,,,,,,https://cdn.shopify.com/s/files/1/0268/6749/9079/files/FM7271WH-C-1.jpg,5,basildon-5-pc-bedroom-set-w-chest,,,,,,,,
basilone-4-pc-bedroom-set,BASILONE 4 Pc. Bedroom Set,"<p><span style=""color:#1e73be;""><strong>FREE SHIPPING</strong></span><br>
BASILONE 4 Pc. Bedroom Set brings a restful, finished feel to the bedroom. This bedroom bedroom set is made to fit naturally into the room. A Transitional profile gives the space a refined, approachable look. Crafted with Solid Wood, Wood Veneer, Metal, Other, then finished in Rustic White tones to suit a range of interiors.<br>
Product Dimensions: 63.5""W X 86.5""D X 58""H<br>
Size: Queen</p>

<p>Features<br>
- French Front & English Back Dovetail Drawers<br>
- Metal Handles<br>
- Ball-Bearing Glides<br>
- Felt-Lined Top Drawer<br>
- Cedarwood-Lined Bottom Drawers<br>
- USB-A & USB-C on Nightstand<br>
- Foundation Required<br>
- Framed Edges Included items and dimensions:<br>
- Nightstand: color: Rustic White; dimensions: 29"" W x 18""D x 27.5"" H; feature: Transitional<br>
- Dresser: color: Rustic White; dimensions: 62"" W x 19""D x 38.5"" H; feature: Transitional</p>

<p>Materials: Solid Wood, Wood Veneer, Metal, Other.<br>
Color: Rustic White<br>
Weight: 424.6 lbs</p>",GOODDEGG,Furniture > Furniture Sets > Bedroom Furniture Sets,Bedroom Set,"Furniture of America, Quick Ship Furniture, New Arrival, Indoor Furniture, 2026",TRUE,Size,Queen,,,,,,,,FM7440WH-Q-4PC,192595,shopify,20,deny,manual,3177,,TRUE,FALSE,,,,,,https://cdn.shopify.com/s/files/1/0268/6749/9079/files/FM7440WH-1-Z.jpg,1,basilone-4-pc-bedroom-set,FALSE,BASILONE 4 Pc. Bedroom Set,"Shop BASILONE 4 Pc. Bedroom Set. Transitional style. Solid Wood, Wood Veneer build. Size: Queen. Free shipping. Buy now at GOODDEGG.",FM7440WH-1-Z.jpg,lb,,1319,active
basilone-4-pc-bedroom-set,,,,,,,,,,,,,,,,,,,,,,,,,,,,,,,,https://cdn.shopify.com/s/files/1/0268/6749/9079/files/FM7440WH-2.jpg,2,basilone-4-pc-bedroom-set,,,,,,,,
basilone-4-pc-bedroom-set,,,,,,,,,,,,,,,,,,,,,,,,,,,,,,,,https://cdn.shopify.com/s/files/1/0268/6749/9079/files/FM7440WH-3.jpg,3,basilone-4-pc-bedroom-set,,,,,,,,
basilone-4-pc-bedroom-set,,,,,,,,,,,,,,,,,,,,,,,,,,,,,,,,https://cdn.shopify.com/s/files/1/0268/6749/9079/files/FM7440WH-N-WB-1.jpg,4,basilone-4-pc-bedroom-set,,,,,,,,
basilone-4-pc-bedroom-set,,,,,,,,,,,,,,,,,,,,,,,,,,,,,,,,https://cdn.shopify.com/s/files/1/0268/6749/9079/files/FM7440WH-D-WB-1.jpg,5,basilone-4-pc-bedroom-set,,,,,,,,
basilone-4-pc-bedroom-set,,,,,,,,,,,,,,,,,,,,,,,,,,,,,,,,https://cdn.shopify.com/s/files/1/0268/6749/9079/files/FM7440WH-N-WB-4.jpg,6,basilone-4-pc-bedroom-set,,,,,,,,
basilone-4-pc-bedroom-set,,,,,,,,,,,,,,,,,,,,,,,,,,,,,,,,FM7440WH-WB-1.jpg,7,basilone-4-pc-bedroom-set,,,,,,,,
basilone-4-pc-bedroom-set,,,,,,,,,,,,,,,,,,,,,,,,,,,,,,,,FM7440WH-WB-2.jpg,8,basilone-4-pc-bedroom-set,,,,,,,,
basilone-4-pc-bedroom-set,,,,,,,,,,,,,,,,,,,,,,,,,,,,,,,,FM7440WH-WB-3.jpg,9,basilone-4-pc-bedroom-set,,,,,,,,
basilone-4-pc-bedroom-set,,,,,,,,,,,,,,,,,,,,,,,,,,,,,,,,FM7440WH-WB-4.jpg,10,basilone-4-pc-bedroom-set,,,,,,,,
basilone-5-pc-bedroom-set-w-2ns,BASILONE 5 Pc. Bedroom Set w/ 2NS,"<p><span style=""color:#1e73be;""><strong>FREE SHIPPING</strong></span><br>
Create a calm, coordinated retreat with BASILONE 5 Pc. Bedroom Set w/ 2NS. Designed as a bedroom bedroom set, it pairs easily with surrounding decor. Its Transitional styling keeps the room feeling polished yet comfortable. With Solid Wood, Wood Veneer, Metal, Other construction and Rustic White tones, it blends durability with visual warmth.<br>
Product Dimensions: 63.5""W X 86.5""D X 58""H<br>
Size: Queen</p>

<p>Features<br>
- French Front & English Back Dovetail Drawers<br>
- Metal Handles<br>
- Ball-Bearing Glides<br>
- Felt-Lined Top Drawer<br>
- Cedarwood-Lined Bottom Drawers<br>
- USB-A & USB-C on Nightstand<br>
- Foundation Required<br>
- Framed Edges Included items and dimensions:<br>
- Nightstand: color: Rustic White; dimensions: 29"" W x 18""D x 27.5"" H; feature: Transitional<br>
- Dresser: color: Rustic White; dimensions: 62"" W x 19""D x 38.5"" H; feature: Transitional</p>

<p>Materials: Solid Wood, Wood Veneer, Metal, Other.<br>
Color: Rustic White<br>
Weight: 490.6 lbs</p>",GOODDEGG,Furniture > Furniture Sets > Bedroom Furniture Sets,Bedroom Set,"Furniture of America, Quick Ship Furniture, New Arrival, Indoor Furniture, 2026",TRUE,Size,Queen,,,,,,,,FM7440WH-Q-5PC-2NS,222532,shopify,20,deny,manual,3747,,TRUE,FALSE,,,,,,https://cdn.shopify.com/s/files/1/0268/6749/9079/files/FM7440WH-1-Z.jpg,1,basilone-5-pc-bedroom-set-w-2ns,FALSE,BASILONE 5 Pc. Bedroom Set w/ 2NS,"Shop BASILONE 5 Pc. Bedroom Set w/ 2NS. Transitional style. Solid Wood, Wood Veneer build. Size: Queen. Free shipping. Buy now at GOODDEGG.",FM7440WH-1-Z.jpg,lb,,1549,active
basilone-5-pc-bedroom-set-w-2ns,,,,,,,,,,,,,,,,,,,,,,,,,,,,,,,,https://cdn.shopify.com/s/files/1/0268/6749/9079/files/FM7440WH-2.jpg,2,basilone-5-pc-bedroom-set-w-2ns,,,,,,,,
basilone-5-pc-bedroom-set-w-2ns,,,,,,,,,,,,,,,,,,,,,,,,,,,,,,,,https://cdn.shopify.com/s/files/1/0268/6749/9079/files/FM7440WH-3.jpg,3,basilone-5-pc-bedroom-set-w-2ns,,,,,,,,
basilone-5-pc-bedroom-set-w-2ns,,,,,,,,,,,,,,,,,,,,,,,,,,,,,,,,https://cdn.shopify.com/s/files/1/0268/6749/9079/files/FM7440WH-N-WB-1.jpg,4,basilone-5-pc-bedroom-set-w-2ns,,,,,,,,
basilone-5-pc-bedroom-set-w-2ns,,,,,,,,,,,,,,,,,,,,,,,,,,,,,,,,https://cdn.shopify.com/s/files/1/0268/6749/9079/files/FM7440WH-D-WB-1.jpg,5,basilone-5-pc-bedroom-set-w-2ns,,,,,,,,
basilone-5-pc-bedroom-set-w-2ns,,,,,,,,,,,,,,,,,,,,,,,,,,,,,,,,https://cdn.shopify.com/s/files/1/0268/6749/9079/files/FM7440WH-N-WB-4.jpg,6,basilone-5-pc-bedroom-set-w-2ns,,,,,,,,
basilone-5-pc-bedroom-set-w-2ns,,,,,,,,,,,,,,,,,,,,,,,,,,,,,,,,FM7440WH-WB-1.jpg,7,basilone-5-pc-bedroom-set-w-2ns,,,,,,,,
basilone-5-pc-bedroom-set-w-2ns,,,,,,,,,,,,,,,,,,,,,,,,,,,,,,,,FM7440WH-WB-2.jpg,8,basilone-5-pc-bedroom-set-w-2ns,,,,,,,,
basilone-5-pc-bedroom-set-w-2ns,,,,,,,,,,,,,,,,,,,,,,,,,,,,,,,,FM7440WH-WB-3.jpg,9,basilone-5-pc-bedroom-set-w-2ns,,,,,,,,
basilone-5-pc-bedroom-set-w-2ns,,,,,,,,,,,,,,,,,,,,,,,,,,,,,,,,FM7440WH-WB-4.jpg,10,basilone-5-pc-bedroom-set-w-2ns,,,,,,,,
basilone-5-pc-bedroom-set-w-chest,BASILONE 5 Pc. Bedroom Set w/ Chest,"<p><span style=""color:#1e73be;""><strong>FREE SHIPPING</strong></span><br>
BASILONE 5 Pc. Bedroom Set w/ Chest completes the bedroom with a relaxed, pulled-together look. As a bedroom bedroom set, it is designed to coordinate with matching pieces. The Transitional character adds definition without feeling heavy. Finished in Rustic White tones, the Solid Wood, Wood Veneer, Metal, Other build keeps the look polished and practical.<br>
Product Dimensions: 63.5""W X 86.5""D X 58""H<br>
Size: Queen</p>

<p>Features<br>
- French Front & English Back Dovetail Drawers<br>
- Metal Handles<br>
- Ball-Bearing Glides<br>
- Felt-Lined Top Drawer<br>
- Cedarwood-Lined Bottom Drawers<br>
- USB-A & USB-C on Nightstand<br>
- Foundation Required<br>
- Framed Edges Included items and dimensions:<br>
- Nightstand: color: Rustic White; dimensions: 29"" W x 18""D x 27.5"" H; feature: Transitional<br>
- Dresser: color: Rustic White; dimensions: 62"" W x 19""D x 38.5"" H; feature: Transitional<br>
- Chest: color: Rustic White; dimensions: 40"" W x 19""D x 52"" H; feature: Transitional</p>

<p>Materials: Solid Wood, Wood Veneer, Metal, Other.<br>
Color: Rustic White<br>
Weight: 598.4 lbs</p>",GOODDEGG,Furniture > Furniture Sets > Bedroom Furniture Sets,Bedroom Set,"Furniture of America, Quick Ship Furniture, New Arrival, Indoor Furniture, 2026",TRUE,Size,Queen,,,,,,,,FM7440WH-Q-5PC-CHEST,271430,shopify,20,deny,manual,4344,,TRUE,FALSE,,,,,,https://cdn.shopify.com/s/files/1/0268/6749/9079/files/FM7440WH-1-Z.jpg,1,basilone-5-pc-bedroom-set-w-chest,FALSE,BASILONE 5 Pc. Bedroom Set w/ Chest,"Shop BASILONE 5 Pc. Bedroom Set w/ Chest. Transitional style. Solid Wood, Wood Veneer build. Size: Queen. Free shipping. Buy now at GOODDEGG.",FM7440WH-1-Z.jpg,lb,,1818,active
basilone-5-pc-bedroom-set-w-chest,,,,,,,,,,,,,,,,,,,,,,,,,,,,,,,,https://cdn.shopify.com/s/files/1/0268/6749/9079/files/FM7440WH-2.jpg,2,basilone-5-pc-bedroom-set-w-chest,,,,,,,,
basilone-5-pc-bedroom-set-w-chest,,,,,,,,,,,,,,,,,,,,,,,,,,,,,,,,https://cdn.shopify.com/s/files/1/0268/6749/9079/files/FM7440WH-3.jpg,3,basilone-5-pc-bedroom-set-w-chest,,,,,,,,
basilone-5-pc-bedroom-set-w-chest,,,,,,,,,,,,,,,,,,,,,,,,,,,,,,,,https://cdn.shopify.com/s/files/1/0268/6749/9079/files/FM7440WH-N-WB-1.jpg,4,basilone-5-pc-bedroom-set-w-chest,,,,,,,,
basilone-5-pc-bedroom-set-w-chest,,,,,,,,,,,,,,,,,,,,,,,,,,,,,,,,https://cdn.shopify.com/s/files/1/0268/6749/9079/files/FM7440WH-D-WB-1.jpg,5,basilone-5-pc-bedroom-set-w-chest,,,,,,,,
basilone-5-pc-bedroom-set-w-chest,,,,,,,,,,,,,,,,,,,,,,,,,,,,,,,,https://cdn.shopify.com/s/files/1/0268/6749/9079/files/FM7440WH-N-WB-4.jpg,6,basilone-5-pc-bedroom-set-w-chest,,,,,,,,
basilone-5-pc-bedroom-set-w-chest,,,,,,,,,,,,,,,,,,,,,,,,,,,,,,,,FM7440WH-WB-1.jpg,7,basilone-5-pc-bedroom-set-w-chest,,,,,,,,
basilone-5-pc-bedroom-set-w-chest,,,,,,,,,,,,,,,,,,,,,,,,,,,,,,,,FM7440WH-WB-2.jpg,8,basilone-5-pc-bedroom-set-w-chest,,,,,,,,
basilone-5-pc-bedroom-set-w-chest,,,,,,,,,,,,,,,,,,,,,,,,,,,,,,,,FM7440WH-WB-3.jpg,9,basilone-5-pc-bedroom-set-w-chest,,,,,,,,
basilone-5-pc-bedroom-set-w-chest,,,,,,,,,,,,,,,,,,,,,,,,,,,,,,,,FM7440WH-WB-4.jpg,10,basilone-5-pc-bedroom-set-w-chest,,,,,,,,
belgrade-4-pc-bedroom-set,BELGRADE 4 Pc. Bedroom Set,"<p><span style=""color:#1e73be;""><strong>FREE SHIPPING</strong></span><br>
Elevate your space with BELGRADE, styled in Rustic and designed for everyday comfort.<br>
This bedroom bedroom set is made to fit naturally into the room. With Solid Wood, Wood Veneer, Others, Fabric, Solid Wood, Wood Veneer &amp; Others and Rustic Natural or Rustic Natural Tone/Ivory tones, it blends structure and softness in one clean profile.<br>
Product Dimensions: Varies by variant (see Variant Details below).<br>
Size: Queen</p>

<p>Features<br>
- Solid Wood<br>
- Wood Veneer<br>
- Others<br>
- Camel-back Design Headboard<br>
- Rustic Natural Tone Finish<br>
<strong>Variant Details</strong><br>
- <strong>Size: Queen | Color: Rustic Natural | Dimensions: 91 1/2&quot;L X 66 3/4&quot;W X 64&quot;H | Weight: 456.5 lbs | Volume: 92.9 cuft</strong><br>
- <strong>Size: Queen | Color: Rustic Natural Tone/Ivory | Dimensions: 89 1/2&quot;L X 66 3/4&quot;W X 64&quot;H | Weight: 463.1 lbs | Volume: 95.3 cuft</strong><br>
</p>

<p>Materials: Solid Wood, Wood Veneer, Others, Fabric, Solid Wood, Wood Veneer &amp; Others.<br>
Color: Rustic Natural or Rustic Natural Tone/Ivory<br>
Weight: 456.5 - 463.1 lbs</p>",GOODDEGG,Furniture > Furniture Sets > Bedroom Furniture Sets,Bedroom Set,"Furniture of America, Quick Ship Furniture, New Arrival, Indoor Furniture, 2026",TRUE,Color,Rustic Natural,,,,,,,,CM7613Q-4PC,207065,shopify,20,deny,manual,3417,,TRUE,FALSE,,,,,,https://cdn.shopify.com/s/files/1/0268/6749/9079/files/CM7613-1.jpg,1,belgrade-4-pc-bedroom-set,FALSE,BELGRADE 4 Pc. Bedroom Set,"Shop BELGRADE 4 Pc. Bedroom Set. Rustic style. Solid Wood, Wood Veneer build. Multiple colors available. Free shipping. Buy now at GOODDEGG.",CM7613-1.jpg,lb,,1445,active
belgrade-4-pc-bedroom-set,,,,,,,,,Rustic Natural Tone/Ivory,,,,,,,,CM7614Q-4PC,210059,shopify,20,deny,manual,3717,,TRUE,FALSE,,,,,,https://cdn.shopify.com/s/files/1/0268/6749/9079/files/CM7613-2.jpg,2,belgrade-4-pc-bedroom-set,,,,CM7614-1.jpg,lb,,1572,
belgrade-4-pc-bedroom-set,,,,,,,,,,,,,,,,,,,,,,,,,,,,,,,,https://cdn.shopify.com/s/files/1/0268/6749/9079/files/CM7613-3.jpg,3,belgrade-4-pc-bedroom-set,,,,,,,,
belgrade-4-pc-bedroom-set,,,,,,,,,,,,,,,,,,,,,,,,,,,,,,,,https://cdn.shopify.com/s/files/1/0268/6749/9079/files/CM7613-FB.jpg,4,belgrade-4-pc-bedroom-set,,,,,,,,
belgrade-4-pc-bedroom-set,,,,,,,,,,,,,,,,,,,,,,,,,,,,,,,,https://cdn.shopify.com/s/files/1/0268/6749/9079/files/CM7613-4.jpg,5,belgrade-4-pc-bedroom-set,,,,,,,,
belgrade-4-pc-bedroom-set,,,,,,,,,,,,,,,,,,,,,,,,,,,,,,,,https://cdn.shopify.com/s/files/1/0268/6749/9079/files/CM7614-1.jpg,6,belgrade-4-pc-bedroom-set,,,,,,,,
belgrade-5-pc-bedroom-set-w-2ns,BELGRADE 5 Pc. Bedroom Set w/2NS,"<p><span style=""color:#1e73be;""><strong>FREE SHIPPING</strong></span><br>
Elevate your space with BELGRADE, styled in Rustic and designed for everyday comfort.<br>
This bedroom bedroom set is made to fit naturally into the room. With Solid Wood, Wood Veneer, Others, Fabric, Solid Wood, Wood Veneer &amp; Others and Rustic Natural or Rustic Natural Tone/Ivory tones, it blends structure and softness in one clean profile.<br>
Product Dimensions: Varies by variant (see Variant Details below).<br>
Size: Queen</p>

<p>Features<br>
- Solid Wood<br>
- Wood Veneer<br>
- Others<br>
- Camel-back Design Headboard<br>
- Rustic Natural Tone Finish<br>
<strong>Variant Details</strong><br>
- <strong>Size: Queen | Color: Rustic Natural | Dimensions: 91 1/2&quot;L X 66 3/4&quot;W X 64&quot;H | Weight: 513.7 lbs | Volume: 103.7 cuft</strong><br>
- <strong>Size: Queen | Color: Rustic Natural Tone/Ivory | Dimensions: 89 1/2&quot;L X 66 3/4&quot;W X 64&quot;H | Weight: 520.3 lbs | Volume: 106.1 cuft</strong><br>
</p>

<p>Materials: Solid Wood, Wood Veneer, Others, Fabric, Solid Wood, Wood Veneer &amp; Others.<br>
Color: Rustic Natural or Rustic Natural Tone/Ivory<br>
Weight: 513.7 - 520.3 lbs</p>",GOODDEGG,Furniture > Furniture Sets > Bedroom Furniture Sets,Bedroom Set,"Furniture of America, Quick Ship Furniture, New Arrival, Indoor Furniture, 2026",TRUE,Color,Rustic Natural,,,,,,,,CM7613Q-5PC-2NS,233010,shopify,20,deny,manual,3855,,TRUE,FALSE,,,,,,https://cdn.shopify.com/s/files/1/0268/6749/9079/files/CM7613-1.jpg,1,belgrade-5-pc-bedroom-set-w-2ns,FALSE,BELGRADE 5 Pc. Bedroom Set w/2NS,"Shop BELGRADE 5 Pc. Bedroom Set w/2NS. Rustic style. Solid Wood, Wood Veneer build. Multiple colors available. Free shipping. Buy now at GOODDEGG.",CM7613-1.jpg,lb,,1629,active
belgrade-5-pc-bedroom-set-w-2ns,,,,,,,,,Rustic Natural Tone/Ivory,,,,,,,,CM7614Q-5PC-2NS,236004,shopify,20,deny,manual,4155,,TRUE,FALSE,,,,,,https://cdn.shopify.com/s/files/1/0268/6749/9079/files/CM7613-2.jpg,2,belgrade-5-pc-bedroom-set-w-2ns,,,,CM7614-1.jpg,lb,,1756,
belgrade-5-pc-bedroom-set-w-2ns,,,,,,,,,,,,,,,,,,,,,,,,,,,,,,,,https://cdn.shopify.com/s/files/1/0268/6749/9079/files/CM7613-3.jpg,3,belgrade-5-pc-bedroom-set-w-2ns,,,,,,,,
belgrade-5-pc-bedroom-set-w-2ns,,,,,,,,,,,,,,,,,,,,,,,,,,,,,,,,https://cdn.shopify.com/s/files/1/0268/6749/9079/files/CM7613-FB.jpg,4,belgrade-5-pc-bedroom-set-w-2ns,,,,,,,,
belgrade-5-pc-bedroom-set-w-2ns,,,,,,,,,,,,,,,,,,,,,,,,,,,,,,,,https://cdn.shopify.com/s/files/1/0268/6749/9079/files/CM7613-4.jpg,5,belgrade-5-pc-bedroom-set-w-2ns,,,,,,,,
belgrade-5-pc-bedroom-set-w-2ns,,,,,,,,,,,,,,,,,,,,,,,,,,,,,,,,https://cdn.shopify.com/s/files/1/0268/6749/9079/files/CM7614-1.jpg,6,belgrade-5-pc-bedroom-set-w-2ns,,,,,,,,
belgrade-5-pc-bedroom-set-w-chest,BELGRADE 5 Pc. Bedroom Set w/Chest,"<p><span style=""color:#1e73be;""><strong>FREE SHIPPING</strong></span><br>
Elevate your space with BELGRADE, styled in Rustic and designed for everyday comfort.<br>
This bedroom bedroom set is made to fit naturally into the room. With Solid Wood, Wood Veneer, Others, Fabric, Solid Wood, Wood Veneer &amp; Others and Rustic Natural or Rustic Natural Tone/Ivory tones, it blends structure and softness in one clean profile.<br>
Product Dimensions: Varies by variant (see Variant Details below).<br>
Size: Queen</p>

<p>Features<br>
- Solid Wood<br>
- Wood Veneer<br>
- Others<br>
- Camel-back Design Headboard<br>
- Rustic Natural Tone Finish<br>
<strong>Variant Details</strong><br>
- <strong>Size: Queen | Color: Rustic Natural | Dimensions: 91 1/2&quot;L X 66 3/4&quot;W X 64&quot;H | Weight: 577.5 lbs | Volume: 123.8 cuft</strong><br>
- <strong>Size: Queen | Color: Rustic Natural Tone/Ivory | Dimensions: 89 1/2&quot;L X 66 3/4&quot;W X 64&quot;H | Weight: 584.1 lbs | Volume: 126.2 cuft</strong><br>
</p>

<p>Materials: Solid Wood, Wood Veneer, Others, Fabric, Solid Wood, Wood Veneer &amp; Others.<br>
Color: Rustic Natural or Rustic Natural Tone/Ivory<br>
Weight: 577.5 - 584.1 lbs</p>",GOODDEGG,Furniture > Furniture Sets > Bedroom Furniture Sets,Bedroom Set,"Furniture of America, Quick Ship Furniture, New Arrival, Indoor Furniture, 2026",TRUE,Color,Rustic Natural,,,,,,,,CM7613Q-5PC-CHEST,261950,shopify,20,deny,manual,4434,,TRUE,FALSE,,,,,,https://cdn.shopify.com/s/files/1/0268/6749/9079/files/CM7613-1.jpg,1,belgrade-5-pc-bedroom-set-w-chest,FALSE,BELGRADE 5 Pc. Bedroom Set w/Chest,"Shop BELGRADE 5 Pc. Bedroom Set w/Chest. Rustic style. Solid Wood, Wood Veneer build. Multiple colors available. Free shipping. Buy now at GOODDEGG.",CM7613-1.jpg,lb,,1874,active
belgrade-5-pc-bedroom-set-w-chest,,,,,,,,,Rustic Natural Tone/Ivory,,,,,,,,CM7614Q-5PC-CHEST,264943,shopify,20,deny,manual,4734,,TRUE,FALSE,,,,,,https://cdn.shopify.com/s/files/1/0268/6749/9079/files/CM7613-2.jpg,2,belgrade-5-pc-bedroom-set-w-chest,,,,CM7614-1.jpg,lb,,2001,
belgrade-5-pc-bedroom-set-w-chest,,,,,,,,,,,,,,,,,,,,,,,,,,,,,,,,https://cdn.shopify.com/s/files/1/0268/6749/9079/files/CM7613-3.jpg,3,belgrade-5-pc-bedroom-set-w-chest,,,,,,,,
belgrade-5-pc-bedroom-set-w-chest,,,,,,,,,,,,,,,,,,,,,,,,,,,,,,,,https://cdn.shopify.com/s/files/1/0268/6749/9079/files/CM7613-FB.jpg,4,belgrade-5-pc-bedroom-set-w-chest,,,,,,,,
belgrade-5-pc-bedroom-set-w-chest,,,,,,,,,,,,,,,,,,,,,,,,,,,,,,,,https://cdn.shopify.com/s/files/1/0268/6749/9079/files/CM7613-4.jpg,5,belgrade-5-pc-bedroom-set-w-chest,,,,,,,,
belgrade-5-pc-bedroom-set-w-chest,,,,,,,,,,,,,,,,,,,,,,,,,,,,,,,,https://cdn.shopify.com/s/files/1/0268/6749/9079/files/CM7614-1.jpg,6,belgrade-5-pc-bedroom-set-w-chest,,,,,,,,
belladonna-4-pc-bedroom-set,BELLADONNA 4 Pc. Bedroom Set,"<p><span style=""color:#1e73be;""><strong>FREE SHIPPING</strong></span><br>
BELLADONNA 4 Pc. Bedroom Set completes the bedroom with a relaxed, pulled-together look. As a bedroom bedroom set, it is designed to coordinate with matching pieces. The Glam character adds definition without feeling heavy. Built from Fabric, Mirror, Solid Wood, and finished in Silver tones for a clean, cohesive look.<br>
Product Dimensions: 87 3/4""L X 62 3/4""W X 61""H<br>
Size: Queen</p>

<p>Features<br>
- LED Lights on Bottom of Footboard and Case Goods<br>
- Felt-lined Top Drawer<br>
- Full-extension<br>
- Mattress Ready Included items and dimensions:<br>
- Nightstand w/ LED & USB: color: Silver; dimensions: 26"" W x 17""D x 26"" H; feature: Glam<br>
- Dresser w/ LED: color: Silver; dimensions: 63 7 or 8"" W x 17""D x 38 3 or 8"" H; feature: Glam</p>

<p>Materials: Fabric, Mirror, Solid Wood.<br>
Color: Silver<br>
Weight: 551.1 lbs</p>",GOODDEGG,Furniture > Furniture Sets > Bedroom Furniture Sets,Bedroom Set,"Furniture of America, Quick Ship Furniture, New Arrival, Indoor Furniture, 2026",TRUE,Size,Queen,,,,,,,,CM7417SV-Q-4PC,249975,shopify,20,deny,manual,4137,,TRUE,FALSE,,,,,,https://cdn.shopify.com/s/files/1/0268/6749/9079/files/CM7417SV-1-Z.jpg,1,belladonna-4-pc-bedroom-set,FALSE,BELLADONNA 4 Pc. Bedroom Set,"Shop BELLADONNA 4 Pc. Bedroom Set. Glam style. Fabric, Mirror build. Size: Queen. Free shipping. Buy now at GOODDEGG.",CM7417SV-1-Z.jpg,lb,,1599,active
belladonna-4-pc-bedroom-set,,,,,,,,,,,,,,,,,,,,,,,,,,,,,,,,https://cdn.shopify.com/s/files/1/0268/6749/9079/files/CM7417SV-1.jpg,2,belladonna-4-pc-bedroom-set,,,,,,,,
belladonna-4-pc-bedroom-set,,,,,,,,,,,,,,,,,,,,,,,,,,,,,,,,https://cdn.shopify.com/s/files/1/0268/6749/9079/files/CM7417SV-2.jpg,3,belladonna-4-pc-bedroom-set,,,,,,,,
belladonna-5-pc-bedroom-set-w-2ns,BELLADONNA 5 Pc. Bedroom Set w/ 2NS,"<p><span style=""color:#1e73be;""><strong>FREE SHIPPING</strong></span><br>
BELLADONNA 5 Pc. Bedroom Set w/ 2NS brings a restful, finished feel to the bedroom. This bedroom bedroom set is made to fit naturally into the room. A Glam profile gives the space a refined, approachable look. Crafted with Fabric, Mirror, Solid Wood, then finished in Silver tones to suit a range of interiors.<br>
Product Dimensions: 87 3/4""L X 62 3/4""W X 61""H<br>
Size: Queen</p>

<p>Features<br>
- LED Lights on Bottom of Footboard and Case Goods<br>
- Felt-lined Top Drawer<br>
- Full-extension<br>
- Mattress Ready Included items and dimensions:<br>
- Nightstand w/ LED & USB: color: Silver; dimensions: 26"" W x 17""D x 26"" H; feature: Glam<br>
- Dresser w/ LED: color: Silver; dimensions: 63 7 or 8"" W x 17""D x 38 3 or 8"" H; feature: Glam</p>

<p>Materials: Fabric, Mirror, Solid Wood.<br>
Color: Silver<br>
Weight: 614.9 lbs</p>",GOODDEGG,Furniture > Furniture Sets > Bedroom Furniture Sets,Bedroom Set,"Furniture of America, Quick Ship Furniture, New Arrival, Indoor Furniture, 2026",TRUE,Size,Queen,,,,,,,,CM7417SV-Q-5PC-2NS,278914,shopify,20,deny,manual,4737,,TRUE,FALSE,,,,,,https://cdn.shopify.com/s/files/1/0268/6749/9079/files/CM7417SV-1-Z.jpg,1,belladonna-5-pc-bedroom-set-w-2ns,FALSE,BELLADONNA 5 Pc. Bedroom Set w/ 2NS,"Shop BELLADONNA 5 Pc. Bedroom Set w/ 2NS. Glam style. Fabric, Mirror build. Size: Queen. Free shipping. Buy now at GOODDEGG.",CM7417SV-1-Z.jpg,lb,,1839,active
belladonna-5-pc-bedroom-set-w-2ns,,,,,,,,,,,,,,,,,,,,,,,,,,,,,,,,https://cdn.shopify.com/s/files/1/0268/6749/9079/files/CM7417SV-1.jpg,2,belladonna-5-pc-bedroom-set-w-2ns,,,,,,,,
belladonna-5-pc-bedroom-set-w-2ns,,,,,,,,,,,,,,,,,,,,,,,,,,,,,,,,https://cdn.shopify.com/s/files/1/0268/6749/9079/files/CM7417SV-2.jpg,3,belladonna-5-pc-bedroom-set-w-2ns,,,,,,,,
belladonna-5-pc-bedroom-set-w-chest,BELLADONNA 5 Pc. Bedroom Set w/ Chest,"<p><span style=""color:#1e73be;""><strong>FREE SHIPPING</strong></span><br>
Create a calm, coordinated retreat with BELLADONNA 5 Pc. Bedroom Set w/ Chest. Designed as a bedroom bedroom set, it pairs easily with surrounding decor. Its Glam styling keeps the room feeling polished yet comfortable. With Fabric, Mirror, Solid Wood, construction and Silver tones, it blends durability with visual warmth.<br>
Product Dimensions: 87 3/4""L X 62 3/4""W X 61""H<br>
Size: Queen</p>

<p>Features<br>
- LED Lights on Bottom of Footboard and Case Goods<br>
- Felt-lined Top Drawer<br>
- Full-extension<br>
- Mattress Ready Included items and dimensions:<br>
- Nightstand w/ LED & USB: color: Silver; dimensions: 26"" W x 17""D x 26"" H; feature: Glam<br>
- Dresser w/ LED: color: Silver; dimensions: 63 7 or 8"" W x 17""D x 38 3 or 8"" H; feature: Glam<br>
- Chest w/ LED: color: Silver; dimensions: 38"" W x 17""D x 50"" H; feature: Glam</p>

<p>Materials: Fabric, Mirror, Solid Wood.<br>
Color: Silver<br>
Weight: 700.7 lbs</p>",GOODDEGG,Furniture > Furniture Sets > Bedroom Furniture Sets,Bedroom Set,"Furniture of America, Quick Ship Furniture, New Arrival, Indoor Furniture, 2026",TRUE,Size,Queen,,,,,,,,CM7417SV-Q-5PC-CHEST,317832,shopify,20,deny,manual,5214,,TRUE,FALSE,,,,,,https://cdn.shopify.com/s/files/1/0268/6749/9079/files/CM7417SV-1-Z.jpg,1,belladonna-5-pc-bedroom-set-w-chest,FALSE,BELLADONNA 5 Pc. Bedroom Set w/ Chest,"Shop BELLADONNA 5 Pc. Bedroom Set w/ Chest. Glam style. Fabric, Mirror build. Size: Queen. Free shipping. Buy now at GOODDEGG.",CM7417SV-1-Z.jpg,lb,,2018,active
belladonna-5-pc-bedroom-set-w-chest,,,,,,,,,,,,,,,,,,,,,,,,,,,,,,,,https://cdn.shopify.com/s/files/1/0268/6749/9079/files/CM7417SV-1.jpg,2,belladonna-5-pc-bedroom-set-w-chest,,,,,,,,
belladonna-5-pc-bedroom-set-w-chest,,,,,,,,,,,,,,,,,,,,,,,,,,,,,,,,https://cdn.shopify.com/s/files/1/0268/6749/9079/files/CM7417SV-2.jpg,3,belladonna-5-pc-bedroom-set-w-chest,,,,,,,,
bellanova-4-pc-bedroom-set,BELLANOVA 4 Pc. Bedroom Set,"<p><span style=""color:#1e73be;""><strong>FREE SHIPPING</strong></span><br>
Elevate your space with BELLANOVA, styled in Contemporary and designed for everyday comfort.<br>
This bedroom bedroom set is made to fit naturally into the room. With Leatherette, Mirror, Solid Wood, Wood Veneer, Engineered Wood and Black or Silver tones, it blends structure and softness in one clean profile.<br>
Product Dimensions: 88 1/8&quot;L X 63 3/4&quot;W X 65&quot;H<br>
Size: Queen</p>

<p>Features<br>
- Leatherette<br>
- Mirror<br>
- Solid Wood<br>
- Wood Veneer<br>
- Engineered Wood<br>
- Crocodile-Textured Detail w/ 3mm Mirror Inserts<br>
- Button Tufted Padded Headboard<br>
- Diamond Crusted Bar Pull Handles<br>
- LED Light on Headboard<br>
- Night Stand<br>
- English Dovetail Drawer Construction<br>
- Felt-lined Top Drawers<br>
<strong>Variant Details</strong><br>
- <strong>Size: Queen | Color: Black | Dimensions: 88 1/8&quot;L X 63 3/4&quot;W X 65&quot;H | Weight: 541.07 lbs | Volume: 67.4 cuft</strong><br>
- <strong>Size: Queen | Color: Silver | Dimensions: 88 1/8&quot;L X 63 3/4&quot;W X 65&quot;H | Weight: 552.13 lbs | Volume: 66 cuft</strong><br>
</p>

<p>Materials: Leatherette, Mirror, Solid Wood, Wood Veneer, Engineered Wood.<br>
Color: Black or Silver<br>
Weight: 541.07 - 552.13 lbs</p>",GOODDEGG,Furniture > Furniture Sets > Bedroom Furniture Sets,Bedroom Set,"Furniture of America, Quick Ship Furniture, New Arrival, Indoor Furniture, 2026",TRUE,Color,Black,,,,,,,,CM7979BK-Q-4PC,245425,shopify,20,deny,manual,3177,,TRUE,FALSE,,,,,,https://cdn.shopify.com/s/files/1/0268/6749/9079/files/CM7979BK-Z.jpg,1,bellanova-4-pc-bedroom-set,FALSE,BELLANOVA 4 Pc. Bedroom Set,"Shop BELLANOVA 4 Pc. Bedroom Set. Contemporary style. Leatherette, Mirror build. Multiple colors available. Free shipping. Buy now at GOODDEGG.",CM7979BK-Z.jpg,lb,,1269,active
bellanova-4-pc-bedroom-set,,,,,,,,,Silver,,,,,,,,CM7979SV-Q-4PC,250442,shopify,20,deny,manual,3177,,TRUE,FALSE,,,,,,https://cdn.shopify.com/s/files/1/0268/6749/9079/files/CM7979BK-M-CLOSEUP-Z.jpg,2,bellanova-4-pc-bedroom-set,,,,CM7979SV-Z.jpg,lb,,1269,
bellanova-4-pc-bedroom-set,,,,,,,,,,,,,,,,,,,,,,,,,,,,,,,,https://cdn.shopify.com/s/files/1/0268/6749/9079/files/CM7979BK-CLOSEUP-Z.jpg,3,bellanova-4-pc-bedroom-set,,,,,,,,
bellanova-4-pc-bedroom-set,,,,,,,,,,,,,,,,,,,,,,,,,,,,,,,,https://cdn.shopify.com/s/files/1/0268/6749/9079/files/CM7979BK.jpg,4,bellanova-4-pc-bedroom-set,,,,,,,,
bellanova-4-pc-bedroom-set,,,,,,,,,,,,,,,,,,,,,,,,,,,,,,,,https://cdn.shopify.com/s/files/1/0268/6749/9079/files/CM7979SV-Z.jpg,5,bellanova-4-pc-bedroom-set,,,,,,,,
bellanova-4-pc-bedroom-set,,,,,,,,,,,,,,,,,,,,,,,,,,,,,,,,https://cdn.shopify.com/s/files/1/0268/6749/9079/files/CM7979SV-SWITCH-Z.jpg,6,bellanova-4-pc-bedroom-set,,,,,,,,
bellanova-4-pc-bedroom-set,,,,,,,,,,,,,,,,,,,,,,,,,,,,,,,,https://cdn.shopify.com/s/files/1/0268/6749/9079/files/CM7979SV-N-DRAWER-Z.jpg,7,bellanova-4-pc-bedroom-set,,,,,,,,
bellanova-4-pc-bedroom-set,,,,,,,,,,,,,,,,,,,,,,,,,,,,,,,,https://cdn.shopify.com/s/files/1/0268/6749/9079/files/CM7979SV-D-DETAIL-Z.jpg,8,bellanova-4-pc-bedroom-set,,,,,,,,
bellanova-5-pc-bedroom-set-w-2ns,BELLANOVA 5 Pc. Bedroom Set w/2NS,"<p><span style=""color:#1e73be;""><strong>FREE SHIPPING</strong></span><br>
Elevate your space with BELLANOVA, styled in Contemporary and designed for everyday comfort.<br>
This bedroom bedroom set is made to fit naturally into the room. With Leatherette, Mirror, Solid Wood, Wood Veneer, Engineered Wood and Black or Silver tones, it blends structure and softness in one clean profile.<br>
Product Dimensions: 88 1/8&quot;L X 63 3/4&quot;W X 65&quot;H<br>
Size: Queen</p>

<p>Features<br>
- Leatherette<br>
- Mirror<br>
- Solid Wood<br>
- Wood Veneer<br>
- Engineered Wood<br>
- Crocodile-Textured Detail w/ 3mm Mirror Inserts<br>
- Button Tufted Padded Headboard<br>
- Diamond Crusted Bar Pull Handles<br>
- LED Light on Headboard<br>
- Night Stand<br>
- English Dovetail Drawer Construction<br>
- Felt-lined Top Drawers<br>
<strong>Variant Details</strong><br>
- <strong>Size: Queen | Color: Black | Dimensions: 88 1/8&quot;L X 63 3/4&quot;W X 65&quot;H | Weight: 621.36 lbs | Volume: 80.4 cuft</strong><br>
- <strong>Size: Queen | Color: Silver | Dimensions: 88 1/8&quot;L X 63 3/4&quot;W X 65&quot;H | Weight: 631.69 lbs | Volume: 79 cuft</strong><br>
</p>

<p>Materials: Leatherette, Mirror, Solid Wood, Wood Veneer, Engineered Wood.<br>
Color: Black or Silver<br>
Weight: 621.36 - 631.69 lbs</p>",GOODDEGG,Furniture > Furniture Sets > Bedroom Furniture Sets,Bedroom Set,"Furniture of America, Quick Ship Furniture, New Arrival, Indoor Furniture, 2026",TRUE,Color,Black,,,,,,,,CM7979BK-Q-5PC-2NS,281844,shopify,20,deny,manual,3657,,TRUE,FALSE,,,,,,https://cdn.shopify.com/s/files/1/0268/6749/9079/files/CM7979BK-Z.jpg,1,bellanova-5-pc-bedroom-set-w-2ns,FALSE,BELLANOVA 5 Pc. Bedroom Set w/2NS,"Shop BELLANOVA 5 Pc. Bedroom Set w/2NS. Contemporary style. Leatherette, Mirror build. Multiple colors available. Free shipping. Buy now at GOODDEGG.",CM7979BK-Z.jpg,lb,,1469,active
bellanova-5-pc-bedroom-set-w-2ns,,,,,,,,,Silver,,,,,,,,CM7979SV-Q-5PC-2NS,286530,shopify,20,deny,manual,3657,,TRUE,FALSE,,,,,,https://cdn.shopify.com/s/files/1/0268/6749/9079/files/CM7979BK-M-CLOSEUP-Z.jpg,2,bellanova-5-pc-bedroom-set-w-2ns,,,,CM7979SV-Z.jpg,lb,,1469,
bellanova-5-pc-bedroom-set-w-2ns,,,,,,,,,,,,,,,,,,,,,,,,,,,,,,,,https://cdn.shopify.com/s/files/1/0268/6749/9079/files/CM7979BK-CLOSEUP-Z.jpg,3,bellanova-5-pc-bedroom-set-w-2ns,,,,,,,,
bellanova-5-pc-bedroom-set-w-2ns,,,,,,,,,,,,,,,,,,,,,,,,,,,,,,,,https://cdn.shopify.com/s/files/1/0268/6749/9079/files/CM7979BK.jpg,4,bellanova-5-pc-bedroom-set-w-2ns,,,,,,,,
bellanova-5-pc-bedroom-set-w-2ns,,,,,,,,,,,,,,,,,,,,,,,,,,,,,,,,https://cdn.shopify.com/s/files/1/0268/6749/9079/files/CM7979SV-Z.jpg,5,bellanova-5-pc-bedroom-set-w-2ns,,,,,,,,
bellanova-5-pc-bedroom-set-w-2ns,,,,,,,,,,,,,,,,,,,,,,,,,,,,,,,,https://cdn.shopify.com/s/files/1/0268/6749/9079/files/CM7979SV-SWITCH-Z.jpg,6,bellanova-5-pc-bedroom-set-w-2ns,,,,,,,,
bellanova-5-pc-bedroom-set-w-2ns,,,,,,,,,,,,,,,,,,,,,,,,,,,,,,,,https://cdn.shopify.com/s/files/1/0268/6749/9079/files/CM7979SV-N-DRAWER-Z.jpg,7,bellanova-5-pc-bedroom-set-w-2ns,,,,,,,,
bellanova-5-pc-bedroom-set-w-2ns,,,,,,,,,,,,,,,,,,,,,,,,,,,,,,,,https://cdn.shopify.com/s/files/1/0268/6749/9079/files/CM7979SV-D-DETAIL-Z.jpg,8,bellanova-5-pc-bedroom-set-w-2ns,,,,,,,,
bellanova-5-pc-bedroom-set-w-chest,BELLANOVA 5 Pc. Bedroom Set w/Chest,"<p><span style=""color:#1e73be;""><strong>FREE SHIPPING</strong></span><br>
Elevate your space with BELLANOVA, styled in Contemporary and designed for everyday comfort.<br>
This bedroom bedroom set is made to fit naturally into the room. With Leatherette, Mirror, Solid Wood, Wood Veneer, Engineered Wood and Black or Silver tones, it blends structure and softness in one clean profile.<br>
Product Dimensions: 88 1/8&quot;L X 63 3/4&quot;W X 65&quot;H<br>
Size: Queen</p>

<p>Features<br>
- Leatherette<br>
- Mirror<br>
- Solid Wood<br>
- Wood Veneer<br>
- Engineered Wood<br>
- Crocodile-Textured Detail w/ 3mm Mirror Inserts<br>
- Button Tufted Padded Headboard<br>
- Diamond Crusted Bar Pull Handles<br>
- LED Light on Headboard<br>
- Night Stand<br>
- English Dovetail Drawer Construction<br>
- Felt-lined Top Drawers<br>
<strong>Variant Details</strong><br>
- <strong>Size: Queen | Color: Black | Dimensions: 88 1/8&quot;L X 63 3/4&quot;W X 65&quot;H | Weight: 750.6 lbs | Volume: 97.8 cuft</strong><br>
- <strong>Size: Queen | Color: Silver | Dimensions: 88 1/8&quot;L X 63 3/4&quot;W X 65&quot;H | Weight: 748.16 lbs | Volume: 96.8 cuft</strong><br>
</p>

<p>Materials: Leatherette, Mirror, Solid Wood, Wood Veneer, Engineered Wood.<br>
Color: Black or Silver<br>
Weight: 748.16 - 750.6 lbs</p>",GOODDEGG,Furniture > Furniture Sets > Bedroom Furniture Sets,Bedroom Set,"Furniture of America, Quick Ship Furniture, New Arrival, Indoor Furniture, 2026",TRUE,Color,Black,,,,,,,,CM7979BK-Q-5PC-CHEST,340466,shopify,20,deny,manual,4134,,TRUE,FALSE,,,,,,https://cdn.shopify.com/s/files/1/0268/6749/9079/files/CM7979BK-Z.jpg,1,bellanova-5-pc-bedroom-set-w-chest,FALSE,BELLANOVA 5 Pc. Bedroom Set w/Chest,"Shop BELLANOVA 5 Pc. Bedroom Set w/Chest. Contemporary style. Leatherette, Mirror build. Multiple colors available. Free shipping. Buy now at GOODDEGG.",CM7979BK-Z.jpg,lb,,1658,active
bellanova-5-pc-bedroom-set-w-chest,,,,,,,,,Silver,,,,,,,,CM7979SV-Q-5PC-CHEST,339360,shopify,20,deny,manual,4134,,TRUE,FALSE,,,,,,https://cdn.shopify.com/s/files/1/0268/6749/9079/files/CM7979BK-M-CLOSEUP-Z.jpg,2,bellanova-5-pc-bedroom-set-w-chest,,,,CM7979SV-Z.jpg,lb,,1658,
bellanova-5-pc-bedroom-set-w-chest,,,,,,,,,,,,,,,,,,,,,,,,,,,,,,,,https://cdn.shopify.com/s/files/1/0268/6749/9079/files/CM7979BK-CLOSEUP-Z.jpg,3,bellanova-5-pc-bedroom-set-w-chest,,,,,,,,
bellanova-5-pc-bedroom-set-w-chest,,,,,,,,,,,,,,,,,,,,,,,,,,,,,,,,https://cdn.shopify.com/s/files/1/0268/6749/9079/files/CM7979BK.jpg,4,bellanova-5-pc-bedroom-set-w-chest,,,,,,,,
bellanova-5-pc-bedroom-set-w-chest,,,,,,,,,,,,,,,,,,,,,,,,,,,,,,,,https://cdn.shopify.com/s/files/1/0268/6749/9079/files/CM7979SV-Z.jpg,5,bellanova-5-pc-bedroom-set-w-chest,,,,,,,,
bellanova-5-pc-bedroom-set-w-chest,,,,,,,,,,,,,,,,,,,,,,,,,,,,,,,,https://cdn.shopify.com/s/files/1/0268/6749/9079/files/CM7979SV-SWITCH-Z.jpg,6,bellanova-5-pc-bedroom-set-w-chest,,,,,,,,
bellanova-5-pc-bedroom-set-w-chest,,,,,,,,,,,,,,,,,,,,,,,,,,,,,,,,https://cdn.shopify.com/s/files/1/0268/6749/9079/files/CM7979SV-N-DRAWER-Z.jpg,7,bellanova-5-pc-bedroom-set-w-chest,,,,,,,,
bellanova-5-pc-bedroom-set-w-chest,,,,,,,,,,,,,,,,,,,,,,,,,,,,,,,,https://cdn.shopify.com/s/files/1/0268/6749/9079/files/CM7979SV-D-DETAIL-Z.jpg,8,bellanova-5-pc-bedroom-set-w-chest,,,,,,,,
bianca-4-pc-bedroom-set,BIANCA 4 Pc. Bedroom Set,"<p><span style=""color:#1e73be;""><strong>FREE SHIPPING</strong></span><br>
Create a calm, coordinated retreat with BIANCA 4 Pc. Bedroom Set. Designed as a bedroom bedroom set, it pairs easily with surrounding decor. Its Rustic styling keeps the room feeling polished yet comfortable. Crafted with Solid Wood, Wood Veneer, Engineered Wood, then finished in Dark Walnut tones to suit a range of interiors.<br>
Product Dimensions: 86 1/4""L X 65 1/2""W X 64""H<br>
Size: Queen</p>

<p>Features<br>
- Rustic<br>
- Plank Style Headboard & Footboard<br>
- Sliding Cabinet Doors on Dresser<br>
- Felt-lined Top Drawers<br>
- Ball Bearing Metal Glides<br>
- Foundation Required Included items and dimensions:<br>
- Nightstand: color: Dark Walnut; dimensions: 28"" W x 16 3 or 4""D x 28"" H; feature: Rustic<br>
- Dresser: color: Dark Walnut; dimensions: 63"" W x 18""D x 40 3 or 4"" H; feature: Rustic</p>

<p>Materials: Solid Wood, Wood Veneer, Engineered Wood.<br>
Color: Dark Walnut<br>
Weight: 454.8 lbs</p>",GOODDEGG,Furniture > Furniture Sets > Bedroom Furniture Sets,Bedroom Set,"Furniture of America, Quick Ship Furniture, New Arrival, Indoor Furniture, 2026",TRUE,Size,Queen,,,,,,,,CM7734Q-4PC,206294,shopify,20,deny,manual,2757,,TRUE,FALSE,,,,,,CM7734-1.jpg,1,bianca-4-pc-bedroom-set,FALSE,BIANCA 4 Pc. Bedroom Set,"Shop BIANCA 4 Pc. Bedroom Set. Rustic style. Solid Wood, Wood Veneer build. Size: Queen. Free shipping. Buy now at GOODDEGG.",CM7734-1.jpg,lb,,1179,active
bianca-4-pc-bedroom-set,,,,,,,,,,,,,,,,,,,,,,,,,,,,,,,,https://cdn.shopify.com/s/files/1/0268/6749/9079/files/CM7734-4.jpg,2,bianca-4-pc-bedroom-set,,,,,,,,
bianca-4-pc-bedroom-set,,,,,,,,,,,,,,,,,,,,,,,,,,,,,,,,https://cdn.shopify.com/s/files/1/0268/6749/9079/files/CM7734-3.jpg,3,bianca-4-pc-bedroom-set,,,,,,,,
bianca-4-pc-bedroom-set,,,,,,,,,,,,,,,,,,,,,,,,,,,,,,,,https://cdn.shopify.com/s/files/1/0268/6749/9079/files/CM7734-2.jpg,4,bianca-4-pc-bedroom-set,,,,,,,,
bianca-4-pc-bedroom-set,,,,,,,,,,,,,,,,,,,,,,,,,,,,,,,,https://cdn.shopify.com/s/files/1/0268/6749/9079/files/CM7734-3-Z.jpg,5,bianca-4-pc-bedroom-set,,,,,,,,
bianca-5-pc-bedroom-set-w-2ns,BIANCA 5 Pc. Bedroom Set w/ 2NS,"<p><span style=""color:#1e73be;""><strong>FREE SHIPPING</strong></span><br>
BIANCA 5 Pc. Bedroom Set w/ 2NS completes the bedroom with a relaxed, pulled-together look. As a bedroom bedroom set, it is designed to coordinate with matching pieces. The Rustic character adds definition without feeling heavy. With Solid Wood, Wood Veneer, Engineered Wood construction and Dark Walnut tones, it blends durability with visual warmth.<br>
Product Dimensions: 86 1/4""L X 65 1/2""W X 64""H<br>
Size: Queen</p>

<p>Features<br>
- Rustic<br>
- Plank Style Headboard & Footboard<br>
- Sliding Cabinet Doors on Dresser<br>
- Felt-lined Top Drawers<br>
- Ball Bearing Metal Glides<br>
- Foundation Required Included items and dimensions:<br>
- Nightstand: color: Dark Walnut; dimensions: 28"" W x 16 3 or 4""D x 28"" H; feature: Rustic<br>
- Dresser: color: Dark Walnut; dimensions: 63"" W x 18""D x 40 3 or 4"" H; feature: Rustic</p>

<p>Materials: Solid Wood, Wood Veneer, Engineered Wood.<br>
Color: Dark Walnut<br>
Weight: 527.3 lbs</p>",GOODDEGG,Furniture > Furniture Sets > Bedroom Furniture Sets,Bedroom Set,"Furniture of America, Quick Ship Furniture, New Arrival, Indoor Furniture, 2026",TRUE,Size,Queen,,,,,,,,CM7734Q-5PC-2NS,239179,shopify,20,deny,manual,3207,,TRUE,FALSE,,,,,,CM7734-1.jpg,1,bianca-5-pc-bedroom-set-w-2ns,FALSE,BIANCA 5 Pc. Bedroom Set w/ 2NS,"Shop BIANCA 5 Pc. Bedroom Set w/ 2NS. Rustic style. Solid Wood, Wood Veneer build. Size: Queen. Free shipping. Buy now at GOODDEGG.",CM7734-1.jpg,lb,,1359,active
bianca-5-pc-bedroom-set-w-2ns,,,,,,,,,,,,,,,,,,,,,,,,,,,,,,,,https://cdn.shopify.com/s/files/1/0268/6749/9079/files/CM7734-4.jpg,2,bianca-5-pc-bedroom-set-w-2ns,,,,,,,,
bianca-5-pc-bedroom-set-w-2ns,,,,,,,,,,,,,,,,,,,,,,,,,,,,,,,,https://cdn.shopify.com/s/files/1/0268/6749/9079/files/CM7734-3.jpg,3,bianca-5-pc-bedroom-set-w-2ns,,,,,,,,
bianca-5-pc-bedroom-set-w-2ns,,,,,,,,,,,,,,,,,,,,,,,,,,,,,,,,https://cdn.shopify.com/s/files/1/0268/6749/9079/files/CM7734-2.jpg,4,bianca-5-pc-bedroom-set-w-2ns,,,,,,,,
bianca-5-pc-bedroom-set-w-2ns,,,,,,,,,,,,,,,,,,,,,,,,,,,,,,,,https://cdn.shopify.com/s/files/1/0268/6749/9079/files/CM7734-3-Z.jpg,5,bianca-5-pc-bedroom-set-w-2ns,,,,,,,,
bianca-5-pc-bedroom-set-w-chest,BIANCA 5 Pc. Bedroom Set w/ Chest,"<p><span style=""color:#1e73be;""><strong>FREE SHIPPING</strong></span><br>
BIANCA 5 Pc. Bedroom Set w/ Chest brings a restful, finished feel to the bedroom. This bedroom bedroom set is made to fit naturally into the room. A Rustic profile gives the space a refined, approachable look. Finished in Dark Walnut tones, the Solid Wood, Wood Veneer, Engineered Wood build keeps the look polished and practical.<br>
Product Dimensions: 86 1/4""L X 65 1/2""W X 64""H<br>
Size: Queen</p>

<p>Features<br>
- Rustic<br>
- Plank Style Headboard & Footboard<br>
- Sliding Cabinet Doors on Dresser<br>
- Felt-lined Top Drawers<br>
- Ball Bearing Metal Glides<br>
- Foundation Required Included items and dimensions:<br>
- Nightstand: color: Dark Walnut; dimensions: 28"" W x 16 3 or 4""D x 28"" H; feature: Rustic<br>
- Dresser: color: Dark Walnut; dimensions: 63"" W x 18""D x 40 3 or 4"" H; feature: Rustic<br>
- Chest: color: Dark Walnut; dimensions: 38"" W x 16 3 or 4""D x 51 3 or 4"" H; feature: Rustic</p>

<p>Materials: Solid Wood, Wood Veneer, Engineered Wood.<br>
Color: Dark Walnut<br>
Weight: 602.3 lbs</p>",GOODDEGG,Furniture > Furniture Sets > Bedroom Furniture Sets,Bedroom Set,"Furniture of America, Quick Ship Furniture, New Arrival, Indoor Furniture, 2026",TRUE,Size,Queen,,,,,,,,CM7734Q-5PC-CHEST,273199,shopify,20,deny,manual,3624,,TRUE,FALSE,,,,,,CM7734-1.jpg,1,bianca-5-pc-bedroom-set-w-chest,FALSE,BIANCA 5 Pc. Bedroom Set w/ Chest,"Shop BIANCA 5 Pc. Bedroom Set w/ Chest. Rustic style. Solid Wood, Wood Veneer build. Size: Queen. Free shipping. Buy now at GOODDEGG.",CM7734-1.jpg,lb,,1418,active
bianca-5-pc-bedroom-set-w-chest,,,,,,,,,,,,,,,,,,,,,,,,,,,,,,,,https://cdn.shopify.com/s/files/1/0268/6749/9079/files/CM7734-4.jpg,2,bianca-5-pc-bedroom-set-w-chest,,,,,,,,
bianca-5-pc-bedroom-set-w-chest,,,,,,,,,,,,,,,,,,,,,,,,,,,,,,,,https://cdn.shopify.com/s/files/1/0268/6749/9079/files/CM7734-3.jpg,3,bianca-5-pc-bedroom-set-w-chest,,,,,,,,
bianca-5-pc-bedroom-set-w-chest,,,,,,,,,,,,,,,,,,,,,,,,,,,,,,,,https://cdn.shopify.com/s/files/1/0268/6749/9079/files/CM7734-2.jpg,4,bianca-5-pc-bedroom-set-w-chest,,,,,,,,
bianca-5-pc-bedroom-set-w-chest,,,,,,,,,,,,,,,,,,,,,,,,,,,,,,,,https://cdn.shopify.com/s/files/1/0268/6749/9079/files/CM7734-3-Z.jpg,5,bianca-5-pc-bedroom-set-w-chest,,,,,,,,
birsfelden-4-pc-bedroom-set,BIRSFELDEN 4 Pc. Bedroom Set,"<p><span style=""color:#1e73be;""><strong>FREE SHIPPING</strong></span><br>
Elevate your space with BIRSFELDEN, styled in Contemporary and designed for everyday comfort.<br>
This bedroom bedroom set is made to fit naturally into the room. With Solid Wood, Wood Veneer, Others and White/Metallic Gray tones, it blends structure and softness in one clean profile.<br>
Product Dimensions: 83 7/8&quot;L X 65 1/4&quot;W X 44 1/4&quot;H<br>
Size: Queen</p>

<p>Features<br>
- Solid Wood<br>
- Wood Veneer<br>
- Others<br>
- Asymmetrical Two-tone Design<br>
- USB Port Behind Night Stand<br>
- Concealed Drawer Pulls<br>
- High Gloss Finish w/ Metallic Accents<br>
- Ball Bearing Glides w/ Felt-lined Top Drawer<br>
- Drawer Footboard<br>
- Mattress Ready<br>
<strong>Variant Details</strong><br>
- <strong>Size: Queen | Color: White/Metallic Gray | Dimensions: 83 7/8&quot;L X 65 1/4&quot;W X 44 1/4&quot;H | Weight: 461.46 lbs | Volume: 53 cuft</strong><br>
- <strong>Size: Queen | Color: White/Metallic Gray | Dimensions: 83 7/8&quot;L X 65 1/4&quot;W X 44 1/4&quot;H | Weight: 420.1 lbs | Volume: 45.9 cuft</strong><br>
</p>

<p>Materials: Solid Wood, Wood Veneer, Others.<br>
Color: White/Metallic Gray<br>
Weight: 420.1 - 461.46 lbs</p>",GOODDEGG,Furniture > Furniture Sets > Bedroom Furniture Sets,Bedroom Set,"Furniture of America, Quick Ship Furniture, New Arrival, Indoor Furniture, 2026",TRUE,Size,Queen,,,,,,,,FOA7225WH-DR-Q-4PC,209315,shopify,20,deny,manual,2277,,TRUE,FALSE,,,,,,https://cdn.shopify.com/s/files/1/0268/6749/9079/files/FOA7225WH-DR-1-Z.jpg,1,birsfelden-4-pc-bedroom-set,FALSE,BIRSFELDEN 4 Pc. Bedroom Set,"Shop BIRSFELDEN 4 Pc. Bedroom Set. Contemporary style. Solid Wood, Wood Veneer build. Size: Queen. Free shipping. Buy now at GOODDEGG.",FOA7225WH-DR-1-Z.jpg,lb,,899,active
birsfelden-4-pc-bedroom-set,,,,,,,,,Queen,,,,,,,,FOA7225WH-Q-4PC,190554,shopify,20,deny,manual,2127,,TRUE,FALSE,,,,,,https://cdn.shopify.com/s/files/1/0268/6749/9079/files/FOA7225WH-N-3.jpg,2,birsfelden-4-pc-bedroom-set,,,,FOA7225WH-1-Z.jpg,lb,,859,
birsfelden-4-pc-bedroom-set,,,,,,,,,,,,,,,,,,,,,,,,,,,,,,,,https://cdn.shopify.com/s/files/1/0268/6749/9079/files/FOA7225WH-C-3.jpg,3,birsfelden-4-pc-bedroom-set,,,,,,,,
birsfelden-4-pc-bedroom-set,,,,,,,,,,,,,,,,,,,,,,,,,,,,,,,,https://cdn.shopify.com/s/files/1/0268/6749/9079/files/FOA7225WH-1-Z.jpg,4,birsfelden-4-pc-bedroom-set,,,,,,,,
birsfelden-4-pc-bedroom-set,,,,,,,,,,,,,,,,,,,,,,,,,,,,,,,,https://cdn.shopify.com/s/files/1/0268/6749/9079/files/FOA7225WH-2.jpg,5,birsfelden-4-pc-bedroom-set,,,,,,,,
birsfelden-5-pc-bedroom-set-w-2ns,BIRSFELDEN 5 Pc. Bedroom Set w/2NS,"<p><span style=""color:#1e73be;""><strong>FREE SHIPPING</strong></span><br>
Elevate your space with BIRSFELDEN, styled in Contemporary and designed for everyday comfort.<br>
This bedroom bedroom set is made to fit naturally into the room. With Solid Wood, Wood Veneer, Others and White/Metallic Gray tones, it blends structure and softness in one clean profile.<br>
Product Dimensions: 83 7/8&quot;L X 65 1/4&quot;W X 44 1/4&quot;H<br>
Size: Queen</p>

<p>Features<br>
- Solid Wood<br>
- Wood Veneer<br>
- Others<br>
- Asymmetrical Two-tone Design<br>
- USB Port Behind Night Stand<br>
- Concealed Drawer Pulls<br>
- High Gloss Finish w/ Metallic Accents<br>
- Ball Bearing Glides w/ Felt-lined Top Drawer<br>
- Drawer Footboard<br>
- Mattress Ready<br>
<strong>Variant Details</strong><br>
- <strong>Size: Queen | Color: White/Metallic Gray | Dimensions: 83 7/8&quot;L X 65 1/4&quot;W X 44 1/4&quot;H | Weight: 515.46 lbs | Volume: 59.8 cuft</strong><br>
- <strong>Size: Queen | Color: White/Metallic Gray | Dimensions: 83 7/8&quot;L X 65 1/4&quot;W X 44 1/4&quot;H | Weight: 474.1 lbs | Volume: 52.7 cuft</strong><br>
</p>

<p>Materials: Solid Wood, Wood Veneer, Others.<br>
Color: White/Metallic Gray<br>
Weight: 474.1 - 515.46 lbs</p>",GOODDEGG,Furniture > Furniture Sets > Bedroom Furniture Sets,Bedroom Set,"Furniture of America, Quick Ship Furniture, New Arrival, Indoor Furniture, 2026",TRUE,Size,Queen,,,,,,,,FOA7225WH-DR-Q-5P-2N,233809,shopify,20,deny,manual,2607,,TRUE,FALSE,,,,,,https://cdn.shopify.com/s/files/1/0268/6749/9079/files/FOA7225WH-DR-1-Z.jpg,1,birsfelden-5-pc-bedroom-set-w-2ns,FALSE,BIRSFELDEN 5 Pc. Bedroom Set w/2NS,"Shop BIRSFELDEN 5 Pc. Bedroom Set w/2NS. Contemporary style. Solid Wood, Wood Veneer build. Size: Queen. Free shipping. Buy now at GOODDEGG.",FOA7225WH-DR-1-Z.jpg,lb,,999,active
birsfelden-5-pc-bedroom-set-w-2ns,,,,,,,,,Queen,,,,,,,,FOA7225WH-Q-5PC-2NS,215048,shopify,20,deny,manual,2457,,TRUE,FALSE,,,,,,https://cdn.shopify.com/s/files/1/0268/6749/9079/files/FOA7225WH-N-3.jpg,2,birsfelden-5-pc-bedroom-set-w-2ns,,,,FOA7225WH-1-Z.jpg,lb,,999,
birsfelden-5-pc-bedroom-set-w-2ns,,,,,,,,,,,,,,,,,,,,,,,,,,,,,,,,https://cdn.shopify.com/s/files/1/0268/6749/9079/files/FOA7225WH-C-3.jpg,3,birsfelden-5-pc-bedroom-set-w-2ns,,,,,,,,
birsfelden-5-pc-bedroom-set-w-2ns,,,,,,,,,,,,,,,,,,,,,,,,,,,,,,,,https://cdn.shopify.com/s/files/1/0268/6749/9079/files/FOA7225WH-1-Z.jpg,4,birsfelden-5-pc-bedroom-set-w-2ns,,,,,,,,
birsfelden-5-pc-bedroom-set-w-2ns,,,,,,,,,,,,,,,,,,,,,,,,,,,,,,,,https://cdn.shopify.com/s/files/1/0268/6749/9079/files/FOA7225WH-2.jpg,5,birsfelden-5-pc-bedroom-set-w-2ns,,,,,,,,
birsfelden-5-pc-bedroom-set-w-chest,BIRSFELDEN 5 Pc. Bedroom Set w/Chest,"<p><span style=""color:#1e73be;""><strong>FREE SHIPPING</strong></span><br>
Elevate your space with BIRSFELDEN, styled in Contemporary and designed for everyday comfort.<br>
This bedroom bedroom set is made to fit naturally into the room. With Solid Wood, Wood Veneer, Others and White/Metallic Gray tones, it blends structure and softness in one clean profile.<br>
Product Dimensions: 83 7/8&quot;L X 65 1/4&quot;W X 44 1/4&quot;H<br>
Size: Queen</p>

<p>Features<br>
- Solid Wood<br>
- Wood Veneer<br>
- Others<br>
- Asymmetrical Two-tone Design<br>
- USB Port Behind Night Stand<br>
- Concealed Drawer Pulls<br>
- High Gloss Finish w/ Metallic Accents<br>
- Ball Bearing Glides w/ Felt-lined Top Drawer<br>
- Drawer Footboard<br>
- Mattress Ready<br>
<strong>Variant Details</strong><br>
- <strong>Size: Queen | Color: White/Metallic Gray | Dimensions: 83 7/8&quot;L X 65 1/4&quot;W X 44 1/4&quot;H | Weight: 618.46 lbs | Volume: 74.1 cuft</strong><br>
- <strong>Size: Queen | Color: White/Metallic Gray | Dimensions: 83 7/8&quot;L X 65 1/4&quot;W X 44 1/4&quot;H | Weight: 577.1 lbs | Volume: 67 cuft</strong><br>
</p>

<p>Materials: Solid Wood, Wood Veneer, Others.<br>
Color: White/Metallic Gray<br>
Weight: 577.1 - 618.46 lbs</p>",GOODDEGG,Furniture > Furniture Sets > Bedroom Furniture Sets,Bedroom Set,"Furniture of America, Quick Ship Furniture, New Arrival, Indoor Furniture, 2026",TRUE,Size,Queen,,,,,,,,FOA7225WH-DR-Q-5P-CH,280529,shopify,20,deny,manual,3054,,TRUE,FALSE,,,,,,https://cdn.shopify.com/s/files/1/0268/6749/9079/files/FOA7225WH-DR-1-Z.jpg,1,birsfelden-5-pc-bedroom-set-w-chest,FALSE,BIRSFELDEN 5 Pc. Bedroom Set w/Chest,"Shop BIRSFELDEN 5 Pc. Bedroom Set w/Chest. Contemporary style. Solid Wood, Wood Veneer build. Size: Queen. Free shipping. Buy now at GOODDEGG.",FOA7225WH-DR-1-Z.jpg,lb,,1199,active
birsfelden-5-pc-bedroom-set-w-chest,,,,,,,,,Queen,,,,,,,,FOA7225WH-Q-5PC-CHE,261768,shopify,20,deny,manual,2904,,TRUE,FALSE,,,,,,https://cdn.shopify.com/s/files/1/0268/6749/9079/files/FOA7225WH-N-3.jpg,2,birsfelden-5-pc-bedroom-set-w-chest,,,,FOA7225WH-1-Z.jpg,lb,,1199,
birsfelden-5-pc-bedroom-set-w-chest,,,,,,,,,,,,,,,,,,,,,,,,,,,,,,,,https://cdn.shopify.com/s/files/1/0268/6749/9079/files/FOA7225WH-C-3.jpg,3,birsfelden-5-pc-bedroom-set-w-chest,,,,,,,,
birsfelden-5-pc-bedroom-set-w-chest,,,,,,,,,,,,,,,,,,,,,,,,,,,,,,,,https://cdn.shopify.com/s/files/1/0268/6749/9079/files/FOA7225WH-1-Z.jpg,4,birsfelden-5-pc-bedroom-set-w-chest,,,,,,,,
birsfelden-5-pc-bedroom-set-w-chest,,,,,,,,,,,,,,,,,,,,,,,,,,,,,,,,https://cdn.shopify.com/s/files/1/0268/6749/9079/files/FOA7225WH-2.jpg,5,birsfelden-5-pc-bedroom-set-w-chest,,,,,,,,
brachium-4-pc-bedroom-set,BRACHIUM 4 Pc. Bedroom Set,"<p><span style=""color:#1e73be;""><strong>FREE SHIPPING</strong></span><br>
Elevate your space with BRACHIUM, styled in Contemporary and designed for everyday comfort.<br>
This bedroom bedroom set is made to fit naturally into the room. With Mirror, Leatherette, Solid Wood, Wood Veneer, Others and Silver or White tones, it blends structure and softness in one clean profile.<br>
Product Dimensions: Varies by variant (see Variant Details below).<br>
Size: Queen</p>

<p>Features<br>
- Mirror<br>
- Leatherette<br>
- Solid Wood<br>
- Wood Veneer<br>
- Others<br>
- Button Tufted Headboard<br>
- LED Light Trim on Headboard &amp; Mirror<br>
- Crocodile-Textured Detail<br>
- Felt-lined Top Drawers<br>
- Mirror Trim<br>
- Foundation Required<br>
<strong>Variant Details</strong><br>
- <strong>Size: Queen | Color: Silver | Dimensions: 88 1/4&quot;L X 63&quot;W X 62 1/4&quot;H | Weight: 451 lbs | Volume: 65 cuft</strong><br>
- <strong>Size: Queen | Color: White | Dimensions: 86 1/4&quot;L X 63&quot;W X 62 1/4&quot;H | Weight: 451 lbs | Volume: 65 cuft</strong><br>
</p>

<p>Materials: Mirror, Leatherette, Solid Wood, Wood Veneer, Others.<br>
Color: Silver or White<br>
Weight: 451 lbs</p>",GOODDEGG,Furniture > Furniture Sets > Bedroom Furniture Sets,Bedroom Set,"Furniture of America, Quick Ship Furniture, New Arrival, Indoor Furniture, 2026",TRUE,Color,Silver,,,,,,,,CM7977SV-Q-4PC,204570,shopify,20,deny,manual,2877,,TRUE,FALSE,,,,,,https://cdn.shopify.com/s/files/1/0268/6749/9079/files/CM7977SV-1.jpg,1,brachium-4-pc-bedroom-set,FALSE,BRACHIUM 4 Pc. Bedroom Set,"Shop BRACHIUM 4 Pc. Bedroom Set. Contemporary style. Mirror, Leatherette build. Multiple colors available. Free shipping. Buy now at GOODDEGG.",CM7977SV-1.jpg,lb,,1119,active
brachium-4-pc-bedroom-set,,,,,,,,,White,,,,,,,,CM7977WH-Q-4PC,204570,shopify,20,deny,manual,2877,,TRUE,FALSE,,,,,,https://cdn.shopify.com/s/files/1/0268/6749/9079/files/CM7977SV-2.jpg,2,brachium-4-pc-bedroom-set,,,,CM7977WH-1-Z.jpg,lb,,1119,
brachium-4-pc-bedroom-set,,,,,,,,,,,,,,,,,,,,,,,,,,,,,,,,https://cdn.shopify.com/s/files/1/0268/6749/9079/files/CM7977SV-3.jpg,3,brachium-4-pc-bedroom-set,,,,,,,,
brachium-4-pc-bedroom-set,,,,,,,,,,,,,,,,,,,,,,,,,,,,,,,,https://cdn.shopify.com/s/files/1/0268/6749/9079/files/CM7977SV-9.jpg,4,brachium-4-pc-bedroom-set,,,,,,,,
brachium-4-pc-bedroom-set,,,,,,,,,,,,,,,,,,,,,,,,,,,,,,,,https://cdn.shopify.com/s/files/1/0268/6749/9079/files/CM7977SV-5.jpg,5,brachium-4-pc-bedroom-set,,,,,,,,
brachium-4-pc-bedroom-set,,,,,,,,,,,,,,,,,,,,,,,,,,,,,,,,https://cdn.shopify.com/s/files/1/0268/6749/9079/files/CM7977SV-C-Z.jpg,6,brachium-4-pc-bedroom-set,,,,,,,,
brachium-4-pc-bedroom-set,,,,,,,,,,,,,,,,,,,,,,,,,,,,,,,,https://cdn.shopify.com/s/files/1/0268/6749/9079/files/CM7977WH-1-Z.jpg,7,brachium-4-pc-bedroom-set,,,,,,,,
brachium-4-pc-bedroom-set,,,,,,,,,,,,,,,,,,,,,,,,,,,,,,,,https://cdn.shopify.com/s/files/1/0268/6749/9079/files/CM7977WH-2.jpg,8,brachium-4-pc-bedroom-set,,,,,,,,
brachium-4-pc-bedroom-set,,,,,,,,,,,,,,,,,,,,,,,,,,,,,,,,https://cdn.shopify.com/s/files/1/0268/6749/9079/files/CM7977WH-4.jpg,9,brachium-4-pc-bedroom-set,,,,,,,,
brachium-4-pc-bedroom-set,,,,,,,,,,,,,,,,,,,,,,,,,,,,,,,,https://cdn.shopify.com/s/files/1/0268/6749/9079/files/CM7977WH-6.jpg,10,brachium-4-pc-bedroom-set,,,,,,,,
brachium-4-pc-bedroom-set,,,,,,,,,,,,,,,,,,,,,,,,,,,,,,,,https://cdn.shopify.com/s/files/1/0268/6749/9079/files/CM7977WH-7.jpg,11,brachium-4-pc-bedroom-set,,,,,,,,
brachium-4-pc-bedroom-set,,,,,,,,,,,,,,,,,,,,,,,,,,,,,,,,https://cdn.shopify.com/s/files/1/0268/6749/9079/files/CM7977WH-8.jpg,12,brachium-4-pc-bedroom-set,,,,,,,,
brachium-5-pc-bedroom-set-w-2ns,BRACHIUM 5 Pc. Bedroom Set w/2NS,"<p><span style=""color:#1e73be;""><strong>FREE SHIPPING</strong></span><br>
Elevate your space with BRACHIUM, styled in Contemporary and designed for everyday comfort.<br>
This bedroom bedroom set is made to fit naturally into the room. With Mirror, Leatherette, Solid Wood, Wood Veneer, Others and Silver or White tones, it blends structure and softness in one clean profile.<br>
Product Dimensions: Varies by variant (see Variant Details below).<br>
Size: Queen</p>

<p>Features<br>
- Mirror<br>
- Leatherette<br>
- Solid Wood<br>
- Wood Veneer<br>
- Others<br>
- Button Tufted Headboard<br>
- LED Light Trim on Headboard &amp; Mirror<br>
- Crocodile-Textured Detail<br>
- Felt-lined Top Drawers<br>
- Mirror Trim<br>
- Foundation Required<br>
<strong>Variant Details</strong><br>
- <strong>Size: Queen | Color: Silver | Dimensions: 88 1/4&quot;L X 63&quot;W X 62 1/4&quot;H | Weight: 519.2 lbs | Volume: 76.6 cuft</strong><br>
- <strong>Size: Queen | Color: White | Dimensions: 86 1/4&quot;L X 63&quot;W X 62 1/4&quot;H | Weight: 519.2 lbs | Volume: 76.6 cuft</strong><br>
</p>

<p>Materials: Mirror, Leatherette, Solid Wood, Wood Veneer, Others.<br>
Color: Silver or White<br>
Weight: 519.2 lbs</p>",GOODDEGG,Furniture > Furniture Sets > Bedroom Furniture Sets,Bedroom Set,"Furniture of America, Quick Ship Furniture, New Arrival, Indoor Furniture, 2026",TRUE,Color,Silver,,,,,,,,CM7977SV-Q-5PC-2NS,235505,shopify,20,deny,manual,3357,,TRUE,FALSE,,,,,,https://cdn.shopify.com/s/files/1/0268/6749/9079/files/CM7977SV-1.jpg,1,brachium-5-pc-bedroom-set-w-2ns,FALSE,BRACHIUM 5 Pc. Bedroom Set w/2NS,"Shop BRACHIUM 5 Pc. Bedroom Set w/2NS. Contemporary style. Mirror, Leatherette build. Multiple colors available. Free shipping. Buy now at GOODDEGG.",CM7977SV-1.jpg,lb,,1299,active
brachium-5-pc-bedroom-set-w-2ns,,,,,,,,,White,,,,,,,,CM7977WH-Q-5PC-2NS,235505,shopify,20,deny,manual,3357,,TRUE,FALSE,,,,,,https://cdn.shopify.com/s/files/1/0268/6749/9079/files/CM7977SV-2.jpg,2,brachium-5-pc-bedroom-set-w-2ns,,,,CM7977WH-1-Z.jpg,lb,,1299,
brachium-5-pc-bedroom-set-w-2ns,,,,,,,,,,,,,,,,,,,,,,,,,,,,,,,,https://cdn.shopify.com/s/files/1/0268/6749/9079/files/CM7977SV-3.jpg,3,brachium-5-pc-bedroom-set-w-2ns,,,,,,,,
brachium-5-pc-bedroom-set-w-2ns,,,,,,,,,,,,,,,,,,,,,,,,,,,,,,,,https://cdn.shopify.com/s/files/1/0268/6749/9079/files/CM7977SV-9.jpg,4,brachium-5-pc-bedroom-set-w-2ns,,,,,,,,
brachium-5-pc-bedroom-set-w-2ns,,,,,,,,,,,,,,,,,,,,,,,,,,,,,,,,https://cdn.shopify.com/s/files/1/0268/6749/9079/files/CM7977SV-5.jpg,5,brachium-5-pc-bedroom-set-w-2ns,,,,,,,,
brachium-5-pc-bedroom-set-w-2ns,,,,,,,,,,,,,,,,,,,,,,,,,,,,,,,,https://cdn.shopify.com/s/files/1/0268/6749/9079/files/CM7977SV-C-Z.jpg,6,brachium-5-pc-bedroom-set-w-2ns,,,,,,,,
brachium-5-pc-bedroom-set-w-2ns,,,,,,,,,,,,,,,,,,,,,,,,,,,,,,,,https://cdn.shopify.com/s/files/1/0268/6749/9079/files/CM7977WH-1-Z.jpg,7,brachium-5-pc-bedroom-set-w-2ns,,,,,,,,
brachium-5-pc-bedroom-set-w-2ns,,,,,,,,,,,,,,,,,,,,,,,,,,,,,,,,https://cdn.shopify.com/s/files/1/0268/6749/9079/files/CM7977WH-2.jpg,8,brachium-5-pc-bedroom-set-w-2ns,,,,,,,,
brachium-5-pc-bedroom-set-w-2ns,,,,,,,,,,,,,,,,,,,,,,,,,,,,,,,,https://cdn.shopify.com/s/files/1/0268/6749/9079/files/CM7977WH-4.jpg,9,brachium-5-pc-bedroom-set-w-2ns,,,,,,,,
brachium-5-pc-bedroom-set-w-2ns,,,,,,,,,,,,,,,,,,,,,,,,,,,,,,,,https://cdn.shopify.com/s/files/1/0268/6749/9079/files/CM7977WH-6.jpg,10,brachium-5-pc-bedroom-set-w-2ns,,,,,,,,
brachium-5-pc-bedroom-set-w-2ns,,,,,,,,,,,,,,,,,,,,,,,,,,,,,,,,https://cdn.shopify.com/s/files/1/0268/6749/9079/files/CM7977WH-7.jpg,11,brachium-5-pc-bedroom-set-w-2ns,,,,,,,,
brachium-5-pc-bedroom-set-w-2ns,,,,,,,,,,,,,,,,,,,,,,,,,,,,,,,,https://cdn.shopify.com/s/files/1/0268/6749/9079/files/CM7977WH-8.jpg,12,brachium-5-pc-bedroom-set-w-2ns,,,,,,,,
brachium-5-pc-bedroom-set-w-chest,BRACHIUM 5 Pc. Bedroom Set w/Chest,"<p><span style=""color:#1e73be;""><strong>FREE SHIPPING</strong></span><br>
Elevate your space with BRACHIUM, styled in Contemporary and designed for everyday comfort.<br>
This bedroom bedroom set is made to fit naturally into the room. With Mirror, Leatherette, Solid Wood, Wood Veneer, Others and Silver or White tones, it blends structure and softness in one clean profile.<br>
Product Dimensions: Varies by variant (see Variant Details below).<br>
Size: Queen</p>

<p>Features<br>
- Mirror<br>
- Leatherette<br>
- Solid Wood<br>
- Wood Veneer<br>
- Others<br>
- Button Tufted Headboard<br>
- LED Light Trim on Headboard &amp; Mirror<br>
- Crocodile-Textured Detail<br>
- Felt-lined Top Drawers<br>
- Mirror Trim<br>
- Foundation Required<br>
<strong>Variant Details</strong><br>
- <strong>Size: Queen | Color: Silver | Dimensions: 88 1/4&quot;L X 63&quot;W X 62 1/4&quot;H | Weight: 598.4 lbs | Volume: 90.9 cuft</strong><br>
- <strong>Size: Queen | Color: White | Dimensions: 86 1/4&quot;L X 63&quot;W X 62 1/4&quot;H | Weight: 598.4 lbs | Volume: 90.9 cuft</strong><br>
</p>

<p>Materials: Mirror, Leatherette, Solid Wood, Wood Veneer, Others.<br>
Color: Silver or White<br>
Weight: 598.4 lbs</p>",GOODDEGG,Furniture > Furniture Sets > Bedroom Furniture Sets,Bedroom Set,"Furniture of America, Quick Ship Furniture, New Arrival, Indoor Furniture, 2026",TRUE,Color,Silver,,,,,,,,CM7977SV-Q-5PC-CHEST,271430,shopify,20,deny,manual,3774,,TRUE,FALSE,,,,,,https://cdn.shopify.com/s/files/1/0268/6749/9079/files/CM7977SV-1.jpg,1,brachium-5-pc-bedroom-set-w-chest,FALSE,BRACHIUM 5 Pc. Bedroom Set w/Chest,"Shop BRACHIUM 5 Pc. Bedroom Set w/Chest. Contemporary style. Mirror, Leatherette build. Multiple colors available. Free shipping. Buy now at GOODDEGG.",CM7977SV-1.jpg,lb,,1488,active
brachium-5-pc-bedroom-set-w-chest,,,,,,,,,White,,,,,,,,CM7977WH-Q-5PC-CHEST,271430,shopify,20,deny,manual,3774,,TRUE,FALSE,,,,,,https://cdn.shopify.com/s/files/1/0268/6749/9079/files/CM7977SV-2.jpg,2,brachium-5-pc-bedroom-set-w-chest,,,,CM7977WH-1-Z.jpg,lb,,1488,
brachium-5-pc-bedroom-set-w-chest,,,,,,,,,,,,,,,,,,,,,,,,,,,,,,,,https://cdn.shopify.com/s/files/1/0268/6749/9079/files/CM7977SV-3.jpg,3,brachium-5-pc-bedroom-set-w-chest,,,,,,,,
brachium-5-pc-bedroom-set-w-chest,,,,,,,,,,,,,,,,,,,,,,,,,,,,,,,,https://cdn.shopify.com/s/files/1/0268/6749/9079/files/CM7977SV-9.jpg,4,brachium-5-pc-bedroom-set-w-chest,,,,,,,,
brachium-5-pc-bedroom-set-w-chest,,,,,,,,,,,,,,,,,,,,,,,,,,,,,,,,https://cdn.shopify.com/s/files/1/0268/6749/9079/files/CM7977SV-5.jpg,5,brachium-5-pc-bedroom-set-w-chest,,,,,,,,
brachium-5-pc-bedroom-set-w-chest,,,,,,,,,,,,,,,,,,,,,,,,,,,,,,,,https://cdn.shopify.com/s/files/1/0268/6749/9079/files/CM7977SV-C-Z.jpg,6,brachium-5-pc-bedroom-set-w-chest,,,,,,,,
brachium-5-pc-bedroom-set-w-chest,,,,,,,,,,,,,,,,,,,,,,,,,,,,,,,,https://cdn.shopify.com/s/files/1/0268/6749/9079/files/CM7977WH-1-Z.jpg,7,brachium-5-pc-bedroom-set-w-chest,,,,,,,,
brachium-5-pc-bedroom-set-w-chest,,,,,,,,,,,,,,,,,,,,,,,,,,,,,,,,https://cdn.shopify.com/s/files/1/0268/6749/9079/files/CM7977WH-2.jpg,8,brachium-5-pc-bedroom-set-w-chest,,,,,,,,
brachium-5-pc-bedroom-set-w-chest,,,,,,,,,,,,,,,,,,,,,,,,,,,,,,,,https://cdn.shopify.com/s/files/1/0268/6749/9079/files/CM7977WH-4.jpg,9,brachium-5-pc-bedroom-set-w-chest,,,,,,,,
brachium-5-pc-bedroom-set-w-chest,,,,,,,,,,,,,,,,,,,,,,,,,,,,,,,,https://cdn.shopify.com/s/files/1/0268/6749/9079/files/CM7977WH-6.jpg,10,brachium-5-pc-bedroom-set-w-chest,,,,,,,,
brachium-5-pc-bedroom-set-w-chest,,,,,,,,,,,,,,,,,,,,,,,,,,,,,,,,https://cdn.shopify.com/s/files/1/0268/6749/9079/files/CM7977WH-7.jpg,11,brachium-5-pc-bedroom-set-w-chest,,,,,,,,
brachium-5-pc-bedroom-set-w-chest,,,,,,,,,,,,,,,,,,,,,,,,,,,,,,,,https://cdn.shopify.com/s/files/1/0268/6749/9079/files/CM7977WH-8.jpg,12,brachium-5-pc-bedroom-set-w-chest,,,,,,,,
brandt-4-pc-bedroom-set,BRANDT 4 Pc. Bedroom Set,"<p><span style=""color:#1e73be;""><strong>FREE SHIPPING</strong></span><br>
Create a calm, coordinated retreat with BRANDT 4 Pc. Bedroom Set. Designed as a bedroom bedroom set, it pairs easily with surrounding decor. Its Transitional styling keeps the room feeling polished yet comfortable. With Solid Wood, Wood Veneer, construction and Brown Cherry tones, it blends durability with visual warmth.<br>
Product Dimensions: 91 3/4""L X 64 3/4""W X 54""H<br>
Size: Queen</p>

<p>Features<br>
- Storage Bed<br>
- Wood Inlay Design<br>
- Rail Drawers on Both Sides & Footboard Drawers<br>
- Felt-lined Top Drawers<br>
- Insect Deterring Cedar Drawer & English Dovetail Construction<br>
- USB or Power Outlet & Lighting in Night Stand<br>
- Mattress Ready Included items and dimensions:<br>
- Nightstand w/ USB: color: Brown Cherry; dimensions: 26"" W x 17""D x 28"" H; feature: Transitional<br>
- Dresser: color: Brown Cherry; dimensions: 66 3 or 4"" W x 17""D x 43"" H; feature: Transitional</p>

<p>Materials: Solid Wood, Wood Veneer.<br>
Color: Brown Cherry<br>
Weight: 533 lbs</p>",GOODDEGG,Furniture > Furniture Sets > Bedroom Furniture Sets,Bedroom Set,"Furniture of America, Quick Ship Furniture, New Arrival, Indoor Furniture, 2026",TRUE,Size,Queen,,,,,,,,CM7302CH-Q-4PC,241765,shopify,20,deny,manual,3207,,TRUE,FALSE,,,,,,https://cdn.shopify.com/s/files/1/0268/6749/9079/files/CM7302CH-1.jpg,1,brandt-4-pc-bedroom-set,FALSE,BRANDT 4 Pc. Bedroom Set,"Shop BRANDT 4 Pc. Bedroom Set. Transitional style. Solid Wood, Wood Veneer build. Size: Queen. Free shipping. Buy now at GOODDEGG.",CM7302CH-1.jpg,lb,,1359,active
brandt-4-pc-bedroom-set,,,,,,,,,,,,,,,,,,,,,,,,,,,,,,,,https://cdn.shopify.com/s/files/1/0268/6749/9079/files/CM7302CH-3.jpg,2,brandt-4-pc-bedroom-set,,,,,,,,
brandt-4-pc-bedroom-set,,,,,,,,,,,,,,,,,,,,,,,,,,,,,,,,https://cdn.shopify.com/s/files/1/0268/6749/9079/files/CM7302CH-1-Z.jpg,3,brandt-4-pc-bedroom-set,,,,,,,,
brandt-4-pc-bedroom-set,,,,,,,,,,,,,,,,,,,,,,,,,,,,,,,,https://cdn.shopify.com/s/files/1/0268/6749/9079/files/CM7302CH-2.jpg,4,brandt-4-pc-bedroom-set,,,,,,,,
brandt-5-pc-bedroom-set-w-2ns,BRANDT 5 Pc. Bedroom Set w/ 2NS,"<p><span style=""color:#1e73be;""><strong>FREE SHIPPING</strong></span><br>
BRANDT 5 Pc. Bedroom Set w/ 2NS completes the bedroom with a relaxed, pulled-together look. As a bedroom bedroom set, it is designed to coordinate with matching pieces. The Transitional character adds definition without feeling heavy. Finished in Brown Cherry tones, the Solid Wood, Wood Veneer, build keeps the look polished and practical.<br>
Product Dimensions: 91 3/4""L X 64 3/4""W X 54""H<br>
Size: Queen</p>

<p>Features<br>
- Storage Bed<br>
- Wood Inlay Design<br>
- Rail Drawers on Both Sides & Footboard Drawers<br>
- Felt-lined Top Drawers<br>
- Insect Deterring Cedar Drawer & English Dovetail Construction<br>
- USB or Power Outlet & Lighting in Night Stand<br>
- Mattress Ready Included items and dimensions:<br>
- Nightstand w/ USB: color: Brown Cherry; dimensions: 26"" W x 17""D x 28"" H; feature: Transitional<br>
- Dresser: color: Brown Cherry; dimensions: 66 3 or 4"" W x 17""D x 43"" H; feature: Transitional</p>

<p>Materials: Solid Wood, Wood Veneer.<br>
Color: Brown Cherry<br>
Weight: 587 lbs</p>",GOODDEGG,Furniture > Furniture Sets > Bedroom Furniture Sets,Bedroom Set,"Furniture of America, Quick Ship Furniture, New Arrival, Indoor Furniture, 2026",TRUE,Size,Queen,,,,,,,,CM7302CH-Q-5PC-2NS,266259,shopify,20,deny,manual,3687,,TRUE,FALSE,,,,,,https://cdn.shopify.com/s/files/1/0268/6749/9079/files/CM7302CH-1.jpg,1,brandt-5-pc-bedroom-set-w-2ns,FALSE,BRANDT 5 Pc. Bedroom Set w/ 2NS,"Shop BRANDT 5 Pc. Bedroom Set w/ 2NS. Transitional style. Solid Wood, Wood Veneer build. Size: Queen. Free shipping. Buy now at GOODDEGG.",CM7302CH-1.jpg,lb,,1559,active
brandt-5-pc-bedroom-set-w-2ns,,,,,,,,,,,,,,,,,,,,,,,,,,,,,,,,https://cdn.shopify.com/s/files/1/0268/6749/9079/files/CM7302CH-3.jpg,2,brandt-5-pc-bedroom-set-w-2ns,,,,,,,,
brandt-5-pc-bedroom-set-w-2ns,,,,,,,,,,,,,,,,,,,,,,,,,,,,,,,,https://cdn.shopify.com/s/files/1/0268/6749/9079/files/CM7302CH-1-Z.jpg,3,brandt-5-pc-bedroom-set-w-2ns,,,,,,,,
brandt-5-pc-bedroom-set-w-2ns,,,,,,,,,,,,,,,,,,,,,,,,,,,,,,,,https://cdn.shopify.com/s/files/1/0268/6749/9079/files/CM7302CH-2.jpg,4,brandt-5-pc-bedroom-set-w-2ns,,,,,,,,
brandt-5-pc-bedroom-set-w-chest,BRANDT 5 Pc. Bedroom Set w/ Chest,"<p><span style=""color:#1e73be;""><strong>FREE SHIPPING</strong></span><br>
BRANDT 5 Pc. Bedroom Set w/ Chest brings a restful, finished feel to the bedroom. This bedroom bedroom set is made to fit naturally into the room. A Transitional profile gives the space a refined, approachable look. Built from Solid Wood, Wood Veneer, and finished in Brown Cherry tones for a clean, cohesive look.<br>
Product Dimensions: 91 3/4""L X 64 3/4""W X 54""H<br>
Size: Queen</p>

<p>Features<br>
- Storage Bed<br>
- Wood Inlay Design<br>
- Rail Drawers on Both Sides & Footboard Drawers<br>
- Felt-lined Top Drawers<br>
- Insect Deterring Cedar Drawer & English Dovetail Construction<br>
- USB or Power Outlet & Lighting in Night Stand<br>
- Mattress Ready Included items and dimensions:<br>
- Nightstand w/ USB: color: Brown Cherry; dimensions: 26"" W x 17""D x 28"" H; feature: Transitional<br>
- Dresser: color: Brown Cherry; dimensions: 66 3 or 4"" W x 17""D x 43"" H; feature: Transitional</p>

<p>Materials: Solid Wood, Wood Veneer.<br>
Color: Brown Cherry<br>
Weight: 656.2 lbs</p>",GOODDEGG,Furniture > Furniture Sets > Bedroom Furniture Sets,Bedroom Set,"Furniture of America, Quick Ship Furniture, New Arrival, Indoor Furniture, 2026",TRUE,Size,Queen,,,,,,,,CM7302CH-Q-5PC-CHEST,297647,shopify,20,deny,manual,4014,,TRUE,FALSE,,,,,,https://cdn.shopify.com/s/files/1/0268/6749/9079/files/CM7302CH-1.jpg,1,brandt-5-pc-bedroom-set-w-chest,FALSE,BRANDT 5 Pc. Bedroom Set w/ Chest,"Shop BRANDT 5 Pc. Bedroom Set w/ Chest. Transitional style. Solid Wood, Wood Veneer build. Size: Queen. Free shipping. Buy now at GOODDEGG.",CM7302CH-1.jpg,lb,,1699,active
brandt-5-pc-bedroom-set-w-chest,,,,,,,,,,,,,,,,,,,,,,,,,,,,,,,,https://cdn.shopify.com/s/files/1/0268/6749/9079/files/CM7302CH-3.jpg,2,brandt-5-pc-bedroom-set-w-chest,,,,,,,,
brandt-5-pc-bedroom-set-w-chest,,,,,,,,,,,,,,,,,,,,,,,,,,,,,,,,https://cdn.shopify.com/s/files/1/0268/6749/9079/files/CM7302CH-1-Z.jpg,3,brandt-5-pc-bedroom-set-w-chest,,,,,,,,
brandt-5-pc-bedroom-set-w-chest,,,,,,,,,,,,,,,,,,,,,,,,,,,,,,,,https://cdn.shopify.com/s/files/1/0268/6749/9079/files/CM7302CH-2.jpg,4,brandt-5-pc-bedroom-set-w-chest,,,,,,,,
britonale-4-pc-bedroom-set,BRITONALE 4 Pc. Bedroom Set,"<p><span style=""color:#1e73be;""><strong>FREE SHIPPING</strong></span><br>
BRITONALE 4 Pc. Bedroom Set completes the bedroom with a relaxed, pulled-together look. As a bedroom bedroom set, it is designed to coordinate with matching pieces. The Rustic Farmhouse character adds definition without feeling heavy. Built from Melamine Paper, Engineered Wood, Rubberwood, Metal and finished in Rustic Gray tones for a clean, cohesive look.<br>
Product Dimensions: 64.5""W X 85""D X 57""H<br>
Size: Queen</p>

<p>Features<br>
- Rustic Farmhouse<br>
- Farmhouse Headboard<br>
- Center Metal Glides<br>
- English Front & Back<br>
- Antique Brass Color Drop Handles<br>
- Foundation Required Included items and dimensions:<br>
- Nightstand: color: Rustic Gray; dimensions: 23"" W x 15""D x 25"" H; feature: Rustic Farmhouse<br>
- Drawer Dresser 6: color: Rustic Gray; dimensions: 58"" W x 16.5""D x 36"" H; feature: Rustic Farmhouse</p>

<p>Materials: Melamine Paper, Engineered Wood, Rubberwood, Metal.<br>
Color: Rustic Gray<br>
Weight: 372.56 lbs</p>",GOODDEGG,Furniture > Furniture Sets > Bedroom Furniture Sets,Bedroom Set,"Furniture of America, Quick Ship Furniture, New Arrival, Indoor Furniture, 2026",TRUE,Size,Queen,,,,,,,,FM7218GY-Q-4PC,168990,shopify,20,deny,manual,1647,,TRUE,FALSE,,,,,,https://cdn.shopify.com/s/files/1/0268/6749/9079/files/FM7218GY-1-Z.jpg,1,britonale-4-pc-bedroom-set,FALSE,BRITONALE 4 Pc. Bedroom Set,"Shop BRITONALE 4 Pc. Bedroom Set. Rustic Farmhouse style. Melamine Paper, Engineered Wood build. Size: Queen. Free shipping. Buy now at GOODDEGG.",FM7218GY-1-Z.jpg,lb,,729,active
britonale-4-pc-bedroom-set,,,,,,,,,,,,,,,,,,,,,,,,,,,,,,,,https://cdn.shopify.com/s/files/1/0268/6749/9079/files/FM7218GY-2.jpg,2,britonale-4-pc-bedroom-set,,,,,,,,
britonale-4-pc-bedroom-set,,,,,,,,,,,,,,,,,,,,,,,,,,,,,,,,https://cdn.shopify.com/s/files/1/0268/6749/9079/files/FM7218GY-3.jpg,3,britonale-4-pc-bedroom-set,,,,,,,,
britonale-5-pc-bedroom-set-w-2ns,BRITONALE 5 Pc. Bedroom Set w/ 2NS,"<p><span style=""color:#1e73be;""><strong>FREE SHIPPING</strong></span><br>
BRITONALE 5 Pc. Bedroom Set w/ 2NS brings a restful, finished feel to the bedroom. This bedroom bedroom set is made to fit naturally into the room. A Rustic Farmhouse profile gives the space a refined, approachable look. Crafted with Melamine Paper, Engineered Wood, Rubberwood, Metal, then finished in Rustic Gray tones to suit a range of interiors.<br>
Product Dimensions: 64.5""W X 85""D X 57""H<br>
Size: Queen</p>

<p>Features<br>
- Rustic Farmhouse<br>
- Farmhouse Headboard<br>
- Center Metal Glides<br>
- English Front & Back<br>
- Antique Brass Color Drop Handles<br>
- Foundation Required Included items and dimensions:<br>
- Nightstand: color: Rustic Gray; dimensions: 23"" W x 15""D x 25"" H; feature: Rustic Farmhouse<br>
- Drawer Dresser 6: color: Rustic Gray; dimensions: 58"" W x 16.5""D x 36"" H; feature: Rustic Farmhouse</p>

<p>Materials: Melamine Paper, Engineered Wood, Rubberwood, Metal.<br>
Color: Rustic Gray<br>
Weight: 418.86 lbs</p>",GOODDEGG,Furniture > Furniture Sets > Bedroom Furniture Sets,Bedroom Set,"Furniture of America, Quick Ship Furniture, New Arrival, Indoor Furniture, 2026",TRUE,Size,Queen,,,,,,,,FM7218GY-Q-5PC-2NS,189992,shopify,20,deny,manual,1917,,TRUE,FALSE,,,,,,https://cdn.shopify.com/s/files/1/0268/6749/9079/files/FM7218GY-1-Z.jpg,1,britonale-5-pc-bedroom-set-w-2ns,FALSE,BRITONALE 5 Pc. Bedroom Set w/ 2NS,"Shop BRITONALE 5 Pc. Bedroom Set w/ 2NS. Rustic Farmhouse style. Melamine Paper, Engineered Wood build. Size: Queen. Free shipping. Buy now at GOODDEGG.",FM7218GY-1-Z.jpg,lb,,849,active
britonale-5-pc-bedroom-set-w-2ns,,,,,,,,,,,,,,,,,,,,,,,,,,,,,,,,https://cdn.shopify.com/s/files/1/0268/6749/9079/files/FM7218GY-2.jpg,2,britonale-5-pc-bedroom-set-w-2ns,,,,,,,,
britonale-5-pc-bedroom-set-w-2ns,,,,,,,,,,,,,,,,,,,,,,,,,,,,,,,,https://cdn.shopify.com/s/files/1/0268/6749/9079/files/FM7218GY-3.jpg,3,britonale-5-pc-bedroom-set-w-2ns,,,,,,,,
britonale-5-pc-bedroom-set-w-chest,BRITONALE 5 Pc. Bedroom Set w/ Chest,"<p><span style=""color:#1e73be;""><strong>FREE SHIPPING</strong></span><br>
Create a calm, coordinated retreat with BRITONALE 5 Pc. Bedroom Set w/ Chest. Designed as a bedroom bedroom set, it pairs easily with surrounding decor. Its Rustic Farmhouse styling keeps the room feeling polished yet comfortable. With Melamine Paper, Engineered Wood, Rubberwood, Metal construction and Rustic Gray tones, it blends durability with visual warmth.<br>
Product Dimensions: 64.5""W X 85""D X 57""H<br>
Size: Queen</p>

<p>Features<br>
- Rustic Farmhouse<br>
- Farmhouse Headboard<br>
- Center Metal Glides<br>
- English Front & Back<br>
- Antique Brass Color Drop Handles<br>
- Foundation Required Included items and dimensions:<br>
- Nightstand: color: Rustic Gray; dimensions: 23"" W x 15""D x 25"" H; feature: Rustic Farmhouse<br>
- Drawer Dresser 6: color: Rustic Gray; dimensions: 58"" W x 16.5""D x 36"" H; feature: Rustic Farmhouse<br>
- Chest: color: Rustic Gray; dimensions: 33"" W x 17""D x 48"" H; feature: Rustic Farmhouse</p>

<p>Materials: Melamine Paper, Engineered Wood, Rubberwood, Metal.<br>
Color: Rustic Gray<br>
Weight: 518.06 lbs</p>",GOODDEGG,Furniture > Furniture Sets > Bedroom Furniture Sets,Bedroom Set,"Furniture of America, Quick Ship Furniture, New Arrival, Indoor Furniture, 2026",TRUE,Size,Queen,,,,,,,,FM7218GY-Q-5PC-CHEST,234988,shopify,20,deny,manual,2274,,TRUE,FALSE,,,,,,https://cdn.shopify.com/s/files/1/0268/6749/9079/files/FM7218GY-1-Z.jpg,1,britonale-5-pc-bedroom-set-w-chest,FALSE,BRITONALE 5 Pc. Bedroom Set w/ Chest,"Shop BRITONALE 5 Pc. Bedroom Set w/ Chest. Rustic Farmhouse style. Melamine Paper, Engineered Wood build. Size: Queen. Free shipping. Buy now at GOODDEGG.",FM7218GY-1-Z.jpg,lb,,1086,active
britonale-5-pc-bedroom-set-w-chest,,,,,,,,,,,,,,,,,,,,,,,,,,,,,,,,https://cdn.shopify.com/s/files/1/0268/6749/9079/files/FM7218GY-2.jpg,2,britonale-5-pc-bedroom-set-w-chest,,,,,,,,
britonale-5-pc-bedroom-set-w-chest,,,,,,,,,,,,,,,,,,,,,,,,,,,,,,,,https://cdn.shopify.com/s/files/1/0268/6749/9079/files/FM7218GY-3.jpg,3,britonale-5-pc-bedroom-set-w-chest,,,,,,,,
britonale-5-pc-bedroom-set-w-chest,,,,,,,,,,,,,,,,,,,,,,,,,,,,,,,,https://cdn.shopify.com/s/files/1/0268/6749/9079/files/FM7218GY-C-1.jpg,4,britonale-5-pc-bedroom-set-w-chest,,,,,,,,
bryne-4-pc-bedroom-set,BRYNE 4 Pc. Bedroom Set,"<p><span style=""color:#1e73be;""><strong>FREE SHIPPING</strong></span><br>
BRYNE 4 Pc. Bedroom Set completes the bedroom with a relaxed, pulled-together look. As a bedroom bedroom set, it is designed to coordinate with matching pieces. The Contemporary character adds definition without feeling heavy. Built from Solid Pinewood, Birch Veneer and finished in Champagne tones for a clean, cohesive look.<br>
Product Dimensions: 63""W X 85""D X 56""H<br>
Size: Queen</p>

<p>Features<br>
- LED on Bookcase Headboard<br>
- USB-A & USB-C on Both Sides of Headboard<br>
- Brushed Nickel Finish on Hardware<br>
- Center Metal Glide<br>
- English Front & Back<br>
- Foundation Required Included items and dimensions:<br>
- Nightstand: color: Champagne; dimensions: 23.5"" W x 17""D x 25"" H; feature: Contemporary<br>
- Dresser: color: Champagne; dimensions: 58"" W x 17""D x 36"" H; feature: Contemporary</p>

<p>Materials: Solid Pinewood, Birch Veneer.<br>
Color: Champagne<br>
Weight: 379.5 lbs</p>",GOODDEGG,Furniture > Furniture Sets > Bedroom Furniture Sets,Bedroom Set,"Furniture of America, Quick Ship Furniture, New Arrival, Indoor Furniture, 2026",TRUE,Size,Queen,,,,,,,,FM7170CPN-Q-4PC,172138,shopify,20,deny,manual,2247,,TRUE,FALSE,,,,,,https://cdn.shopify.com/s/files/1/0268/6749/9079/files/FM7170CPN-1-Z.jpg,1,bryne-4-pc-bedroom-set,FALSE,BRYNE 4 Pc. Bedroom Set,"Shop BRYNE 4 Pc. Bedroom Set. Contemporary style. Solid Pinewood, Birch Veneer build. Size: Queen. Free shipping. Buy now at GOODDEGG.",FM7170CPN-1-Z.jpg,lb,,999,active
bryne-4-pc-bedroom-set,,,,,,,,,,,,,,,,,,,,,,,,,,,,,,,,https://cdn.shopify.com/s/files/1/0268/6749/9079/files/FM7170CPN-2.jpg,2,bryne-4-pc-bedroom-set,,,,,,,,
bryne-4-pc-bedroom-set,,,,,,,,,,,,,,,,,,,,,,,,,,,,,,,,https://cdn.shopify.com/s/files/1/0268/6749/9079/files/FM7170CPN-WB-2.jpg,3,bryne-4-pc-bedroom-set,,,,,,,,
bryne-4-pc-bedroom-set,,,,,,,,,,,,,,,,,,,,,,,,,,,,,,,,https://cdn.shopify.com/s/files/1/0268/6749/9079/files/FM7170CPN-WB-3.jpg,4,bryne-4-pc-bedroom-set,,,,,,,,
bryne-5-pc-bedroom-set-w-2ns,BRYNE 5 Pc. Bedroom Set w/ 2NS,"<p><span style=""color:#1e73be;""><strong>FREE SHIPPING</strong></span><br>
BRYNE 5 Pc. Bedroom Set w/ 2NS brings a restful, finished feel to the bedroom. This bedroom bedroom set is made to fit naturally into the room. A Contemporary profile gives the space a refined, approachable look. Crafted with Solid Pinewood, Birch Veneer, then finished in Champagne tones to suit a range of interiors.<br>
Product Dimensions: 63""W X 85""D X 56""H<br>
Size: Queen</p>

<p>Features<br>
- LED on Bookcase Headboard<br>
- USB-A & USB-C on Both Sides of Headboard<br>
- Brushed Nickel Finish on Hardware<br>
- Center Metal Glide<br>
- English Front & Back<br>
- Foundation Required Included items and dimensions:<br>
- Nightstand: color: Champagne; dimensions: 23.5"" W x 17""D x 25"" H; feature: Contemporary<br>
- Dresser: color: Champagne; dimensions: 58"" W x 17""D x 36"" H; feature: Contemporary</p>

<p>Materials: Solid Pinewood, Birch Veneer.<br>
Color: Champagne<br>
Weight: 433.4 lbs</p>",GOODDEGG,Furniture > Furniture Sets > Bedroom Furniture Sets,Bedroom Set,"Furniture of America, Quick Ship Furniture, New Arrival, Indoor Furniture, 2026",TRUE,Size,Queen,,,,,,,,FM7170CPN-Q-5PC-2NS,196587,shopify,20,deny,manual,2577,,TRUE,FALSE,,,,,,https://cdn.shopify.com/s/files/1/0268/6749/9079/files/FM7170CPN-1-Z.jpg,1,bryne-5-pc-bedroom-set-w-2ns,FALSE,BRYNE 5 Pc. Bedroom Set w/ 2NS,"Shop BRYNE 5 Pc. Bedroom Set w/ 2NS. Contemporary style. Solid Pinewood, Birch Veneer build. Size: Queen. Free shipping. Buy now at GOODDEGG.",FM7170CPN-1-Z.jpg,lb,,1159,active
bryne-5-pc-bedroom-set-w-2ns,,,,,,,,,,,,,,,,,,,,,,,,,,,,,,,,https://cdn.shopify.com/s/files/1/0268/6749/9079/files/FM7170CPN-2.jpg,2,bryne-5-pc-bedroom-set-w-2ns,,,,,,,,
bryne-5-pc-bedroom-set-w-2ns,,,,,,,,,,,,,,,,,,,,,,,,,,,,,,,,https://cdn.shopify.com/s/files/1/0268/6749/9079/files/FM7170CPN-WB-2.jpg,3,bryne-5-pc-bedroom-set-w-2ns,,,,,,,,
bryne-5-pc-bedroom-set-w-2ns,,,,,,,,,,,,,,,,,,,,,,,,,,,,,,,,https://cdn.shopify.com/s/files/1/0268/6749/9079/files/FM7170CPN-WB-3.jpg,4,bryne-5-pc-bedroom-set-w-2ns,,,,,,,,
bryne-5-pc-bedroom-set-w-chest,BRYNE 5 Pc. Bedroom Set w/ Chest,"<p><span style=""color:#1e73be;""><strong>FREE SHIPPING</strong></span><br>
Create a calm, coordinated retreat with BRYNE 5 Pc. Bedroom Set w/ Chest. Designed as a bedroom bedroom set, it pairs easily with surrounding decor. Its Contemporary styling keeps the room feeling polished yet comfortable. With Solid Pinewood, Birch Veneer construction and Champagne tones, it blends durability with visual warmth.<br>
Product Dimensions: 63""W X 85""D X 56""H<br>
Size: Queen</p>

<p>Features<br>
- LED on Bookcase Headboard<br>
- USB-A & USB-C on Both Sides of Headboard<br>
- Brushed Nickel Finish on Hardware<br>
- Center Metal Glide<br>
- English Front & Back<br>
- Foundation Required Included items and dimensions:<br>
- Nightstand: color: Champagne; dimensions: 23.5"" W x 17""D x 25"" H; feature: Contemporary<br>
- Dresser: color: Champagne; dimensions: 58"" W x 17""D x 36"" H; feature: Contemporary<br>
- Chest: color: Champagne; dimensions: 34"" W x 17""D x 48"" H; feature: Contemporary</p>

<p>Materials: Solid Pinewood, Birch Veneer.<br>
Color: Champagne<br>
Weight: 523.6 lbs</p>",GOODDEGG,Furniture > Furniture Sets > Bedroom Furniture Sets,Bedroom Set,"Furniture of America, Quick Ship Furniture, New Arrival, Indoor Furniture, 2026",TRUE,Size,Queen,,,,,,,,FM7170CPN-Q-5PC-C,237501,shopify,20,deny,manual,2994,,TRUE,FALSE,,,,,,https://cdn.shopify.com/s/files/1/0268/6749/9079/files/FM7170CPN-1-Z.jpg,1,bryne-5-pc-bedroom-set-w-chest,FALSE,BRYNE 5 Pc. Bedroom Set w/ Chest,"Shop BRYNE 5 Pc. Bedroom Set w/ Chest. Contemporary style. Solid Pinewood, Birch Veneer build. Size: Queen. Free shipping. Buy now at GOODDEGG.",FM7170CPN-1-Z.jpg,lb,,1344,active
bryne-5-pc-bedroom-set-w-chest,,,,,,,,,,,,,,,,,,,,,,,,,,,,,,,,https://cdn.shopify.com/s/files/1/0268/6749/9079/files/FM7170CPN-2.jpg,2,bryne-5-pc-bedroom-set-w-chest,,,,,,,,
bryne-5-pc-bedroom-set-w-chest,,,,,,,,,,,,,,,,,,,,,,,,,,,,,,,,https://cdn.shopify.com/s/files/1/0268/6749/9079/files/FM7170CPN-WB-2.jpg,3,bryne-5-pc-bedroom-set-w-chest,,,,,,,,
bryne-5-pc-bedroom-set-w-chest,,,,,,,,,,,,,,,,,,,,,,,,,,,,,,,,https://cdn.shopify.com/s/files/1/0268/6749/9079/files/FM7170CPN-WB-3.jpg,4,bryne-5-pc-bedroom-set-w-chest,,,,,,,,
burleigh-4-pc-bedroom-set,BURLEIGH 4 Pc. Bedroom Set,"<p><span style=""color:#1e73be;""><strong>FREE SHIPPING</strong></span><br>
BURLEIGH 4 Pc. Bedroom Set completes the bedroom with a relaxed, pulled-together look. As a bedroom bedroom set, it is designed to coordinate with matching pieces. The Transitional character adds definition without feeling heavy. Finished in Cherry tones, the Solid Wood, Wood Veneer, build keeps the look polished and practical.<br>
Product Dimensions: 96 3/4""L X 67""W X 65 1/4""H<br>
Size: Queen</p>

<p>Features<br>
- Sturdy Decorative Bed Posts<br>
- Felt-Lined Top Drawers<br>
- Ball Bearing Metal Glides<br>
- Foundation Required Included items and dimensions:<br>
- Nightstand: color: Cherry; dimensions: 28"" W x 17""D x 28"" H; feature: Transitional<br>
- Dresser: color: Cherry; dimensions: 64"" W x 18""D x 39"" H; feature: Transitional</p>

<p>Materials: Solid Wood, Wood Veneer.<br>
Color: Cherry<br>
Weight: 563.2 lbs</p>",GOODDEGG,Furniture > Furniture Sets > Bedroom Furniture Sets,Bedroom Set,"Furniture of America, Quick Ship Furniture, New Arrival, Indoor Furniture, 2026",TRUE,Size,Queen,,,,,,,,CM7791Q-4PC,255463,shopify,20,deny,manual,2877,,TRUE,FALSE,,,,,,CM7791.jpg,1,burleigh-4-pc-bedroom-set,FALSE,BURLEIGH 4 Pc. Bedroom Set,"Shop BURLEIGH 4 Pc. Bedroom Set. Transitional style. Solid Wood, Wood Veneer build. Size: Queen. Free shipping. Buy now at GOODDEGG.",CM7791.jpg,lb,,1199,active
burleigh-4-pc-bedroom-set,,,,,,,,,,,,,,,,,,,,,,,,,,,,,,,,https://cdn.shopify.com/s/files/1/0268/6749/9079/files/CM7791-Z.jpg,2,burleigh-4-pc-bedroom-set,,,,,,,,
burleigh-4-pc-bedroom-set,,,,,,,,,,,,,,,,,,,,,,,,,,,,,,,,https://cdn.shopify.com/s/files/1/0268/6749/9079/files/CM7791-1.jpg,3,burleigh-4-pc-bedroom-set,,,,,,,,
burleigh-5-pc-bedroom-set-w-2ns,BURLEIGH 5 Pc. Bedroom Set w/ 2NS,"<p><span style=""color:#1e73be;""><strong>FREE SHIPPING</strong></span><br>
BURLEIGH 5 Pc. Bedroom Set w/ 2NS brings a restful, finished feel to the bedroom. This bedroom bedroom set is made to fit naturally into the room. A Transitional profile gives the space a refined, approachable look. Built from Solid Wood, Wood Veneer, and finished in Cherry tones for a clean, cohesive look.<br>
Product Dimensions: 96 3/4""L X 67""W X 65 1/4""H<br>
Size: Queen</p>

<p>Features<br>
- Sturdy Decorative Bed Posts<br>
- Felt-Lined Top Drawers<br>
- Ball Bearing Metal Glides<br>
- Foundation Required Included items and dimensions:<br>
- Nightstand: color: Cherry; dimensions: 28"" W x 17""D x 28"" H; feature: Transitional<br>
- Dresser: color: Cherry; dimensions: 64"" W x 18""D x 39"" H; feature: Transitional</p>

<p>Materials: Solid Wood, Wood Veneer.<br>
Color: Cherry<br>
Weight: 631.4 lbs</p>",GOODDEGG,Furniture > Furniture Sets > Bedroom Furniture Sets,Bedroom Set,"Furniture of America, Quick Ship Furniture, New Arrival, Indoor Furniture, 2026",TRUE,Size,Queen,,,,,,,,CM7791Q-5PC-2NS,286398,shopify,20,deny,manual,3297,,TRUE,FALSE,,,,,,CM7791.jpg,1,burleigh-5-pc-bedroom-set-w-2ns,FALSE,BURLEIGH 5 Pc. Bedroom Set w/ 2NS,"Shop BURLEIGH 5 Pc. Bedroom Set w/ 2NS. Transitional style. Solid Wood, Wood Veneer build. Size: Queen. Free shipping. Buy now at GOODDEGG.",CM7791.jpg,lb,,1379,active
burleigh-5-pc-bedroom-set-w-2ns,,,,,,,,,,,,,,,,,,,,,,,,,,,,,,,,https://cdn.shopify.com/s/files/1/0268/6749/9079/files/CM7791-Z.jpg,2,burleigh-5-pc-bedroom-set-w-2ns,,,,,,,,
burleigh-5-pc-bedroom-set-w-2ns,,,,,,,,,,,,,,,,,,,,,,,,,,,,,,,,https://cdn.shopify.com/s/files/1/0268/6749/9079/files/CM7791-1.jpg,3,burleigh-5-pc-bedroom-set-w-2ns,,,,,,,,
burleigh-5-pc-bedroom-set-w-chest,BURLEIGH 5 Pc. Bedroom Set w/ Chest,"<p><span style=""color:#1e73be;""><strong>FREE SHIPPING</strong></span><br>
Create a calm, coordinated retreat with BURLEIGH 5 Pc. Bedroom Set w/ Chest. Designed as a bedroom bedroom set, it pairs easily with surrounding decor. Its Transitional styling keeps the room feeling polished yet comfortable. Crafted with Solid Wood, Wood Veneer, then finished in Cherry tones to suit a range of interiors.<br>
Product Dimensions: 96 3/4""L X 67""W X 65 1/4""H<br>
Size: Queen</p>

<p>Features<br>
- Sturdy Decorative Bed Posts<br>
- Felt-Lined Top Drawers<br>
- Ball Bearing Metal Glides<br>
- Foundation Required Included items and dimensions:<br>
- Nightstand: color: Cherry; dimensions: 28"" W x 17""D x 28"" H; feature: Transitional<br>
- Dresser: color: Cherry; dimensions: 64"" W x 18""D x 39"" H; feature: Transitional<br>
- Chest: color: Cherry; dimensions: 38"" W x 17""D x 51"" H; feature: Transitional</p>

<p>Materials: Solid Wood, Wood Veneer.<br>
Color: Cherry<br>
Weight: 736.56 lbs</p>",GOODDEGG,Furniture > Furniture Sets > Bedroom Furniture Sets,Bedroom Set,"Furniture of America, Quick Ship Furniture, New Arrival, Indoor Furniture, 2026",TRUE,Size,Queen,,,,,,,,CM7791Q-5PC-CHEST,334098,shopify,20,deny,manual,3714,,TRUE,FALSE,,,,,,CM7791.jpg,1,burleigh-5-pc-bedroom-set-w-chest,FALSE,BURLEIGH 5 Pc. Bedroom Set w/ Chest,"Shop BURLEIGH 5 Pc. Bedroom Set w/ Chest. Transitional style. Solid Wood, Wood Veneer build. Size: Queen. Free shipping. Buy now at GOODDEGG.",CM7791.jpg,lb,,1538,active
burleigh-5-pc-bedroom-set-w-chest,,,,,,,,,,,,,,,,,,,,,,,,,,,,,,,,https://cdn.shopify.com/s/files/1/0268/6749/9079/files/CM7791-Z.jpg,2,burleigh-5-pc-bedroom-set-w-chest,,,,,,,,
burleigh-5-pc-bedroom-set-w-chest,,,,,,,,,,,,,,,,,,,,,,,,,,,,,,,,https://cdn.shopify.com/s/files/1/0268/6749/9079/files/CM7791-1.jpg,3,burleigh-5-pc-bedroom-set-w-chest,,,,,,,,
caerwys-4-pc-bedroom-set,CAERWYS 4 Pc. Bedroom Set,"<p><span style=""color:#1e73be;""><strong>FREE SHIPPING</strong></span><br>
CAERWYS 4 Pc. Bedroom Set completes the bedroom with a relaxed, pulled-together look. As a bedroom bedroom set, it is designed to coordinate with matching pieces. The Transitional character adds definition without feeling heavy. With Fabric, Solid Wood, Engineered Wood, Wood Veneer construction and Brown or Light Gray tones, it blends durability with visual warmth.<br>
Product Dimensions: 83.9""L X 62.9""W X 55.1""H<br>
Size: Queen</p>

<p>Features<br>
- Brown or Light Gray<br>
- Padded Channel Headboard and Footboard<br>
- Bracket Legs<br>
- English Dovetail Drawer<br>
- Center Metal Glide<br>
- Metal Handle Included items and dimensions:<br>
- Nightstand: color: Brown; dimensions: 21.9"" L x 16.5"" W x 26.1"" H; feature: Transitional<br>
- Dresser: color: Brown; dimensions: 65.5"" L x 16.5"" W x 42.2"" H; feature: Transitional</p>

<p>Materials: Fabric, Solid Wood, Engineered Wood, Wood Veneer.<br>
Color: Brown or Light Gray<br>
Weight: 429.3 lbs</p>",GOODDEGG,Furniture > Furniture Sets > Bedroom Furniture Sets,Bedroom Set,"Furniture of America, Quick Ship Furniture, New Arrival, Indoor Furniture, 2026",TRUE,Size,Queen,,,,,,,,FM7231BR-Q-4PC,194727,shopify,20,deny,manual,2067,,TRUE,FALSE,,,,,,https://cdn.shopify.com/s/files/1/0268/6749/9079/files/FM7231BR-1-Z.jpg,1,caerwys-4-pc-bedroom-set,FALSE,CAERWYS 4 Pc. Bedroom Set,"Shop CAERWYS 4 Pc. Bedroom Set. Transitional style. Fabric, Solid Wood build. Size: Queen. Free shipping. Buy now at GOODDEGG.",FM7231BR-1-Z.jpg,lb,,899,active
caerwys-4-pc-bedroom-set,,,,,,,,,,,,,,,,,,,,,,,,,,,,,,,,https://cdn.shopify.com/s/files/1/0268/6749/9079/files/FM7231BR-WB-1.jpg,2,caerwys-4-pc-bedroom-set,,,,,,,,
caerwys-5-pc-bedroom-set-w-2ns,CAERWYS 5 Pc. Bedroom Set w/ 2NS,"<p><span style=""color:#1e73be;""><strong>FREE SHIPPING</strong></span><br>
CAERWYS 5 Pc. Bedroom Set w/ 2NS brings a restful, finished feel to the bedroom. This bedroom bedroom set is made to fit naturally into the room. A Transitional profile gives the space a refined, approachable look. Finished in Brown or Light Gray tones, the Fabric, Solid Wood, Engineered Wood, Wood Veneer build keeps the look polished and practical.<br>
Product Dimensions:.<br>
Size: Queen</p>

<p>Features<br>
- Brown or Light Gray<br>
- Padded Channel Headboard and Footboard<br>
- Bracket Legs<br>
- English Dovetail Drawer<br>
- Center Metal Glide<br>
- Metal Handle Included items and dimensions:<br>
- Nightstand: color: Brown; dimensions: 21.9"" L x 16.5"" W x 26.1"" H; feature: Transitional<br>
- Dresser: color: Brown; dimensions: 65.5"" L x 16.5"" W x 42.2"" H; feature: Transitional</p>

<p>Materials: Fabric, Solid Wood, Engineered Wood, Wood Veneer.<br>
Color: Brown or Light Gray<br>
Weight: 481.3 lbs</p>",GOODDEGG,Furniture > Furniture Sets > Bedroom Furniture Sets,Bedroom Set,"Furniture of America, Quick Ship Furniture, New Arrival, Indoor Furniture, 2026",TRUE,Size,Queen,,,,,,,,FM7231BR-Q-5PC-2NS,218314,shopify,20,deny,manual,2397,,TRUE,FALSE,,,,,,https://cdn.shopify.com/s/files/1/0268/6749/9079/files/FM7231BR-1-Z.jpg,1,caerwys-5-pc-bedroom-set-w-2ns,FALSE,CAERWYS 5 Pc. Bedroom Set w/ 2NS,"Shop CAERWYS 5 Pc. Bedroom Set w/ 2NS. Transitional style. Fabric, Solid Wood build. Size: Queen. Free shipping. Buy now at GOODDEGG.",FM7231BR-1-Z.jpg,lb,,1049,active
caerwys-5-pc-bedroom-set-w-2ns,,,,,,,,,,,,,,,,,,,,,,,,,,,,,,,,https://cdn.shopify.com/s/files/1/0268/6749/9079/files/FM7231BR-WB-1.jpg,2,caerwys-5-pc-bedroom-set-w-2ns,,,,,,,,
caerwys-5-pc-bedroom-set-w-chest,CAERWYS 5 Pc. Bedroom Set w/ Chest,"<p><span style=""color:#1e73be;""><strong>FREE SHIPPING</strong></span><br>
Create a calm, coordinated retreat with CAERWYS 5 Pc. Bedroom Set w/ Chest. Designed as a bedroom bedroom set, it pairs easily with surrounding decor. Its Transitional styling keeps the room feeling polished yet comfortable. Built from Fabric, Solid Wood, Engineered Wood, Wood Veneer and finished in Brown or Light Gray tones for a clean, cohesive look.<br>
Product Dimensions:.<br>
Size: Queen</p>

<p>Features<br>
- Brown or Light Gray<br>
- Padded Channel Headboard and Footboard<br>
- Bracket Legs<br>
- English Dovetail Drawer<br>
- Center Metal Glide<br>
- Metal Handle Included items and dimensions:<br>
- Nightstand: color: Brown; dimensions: 21.9"" L x 16.5"" W x 26.1"" H; feature: Transitional<br>
- Dresser: color: Brown; dimensions: 65.5"" L x 16.5"" W x 42.2"" H; feature: Transitional<br>
- Chest: color: Brown; dimensions: 34.5"" L x 16.5"" W x 51.2"" H; feature: Transitional</p>

<p>Materials: Fabric, Solid Wood, Engineered Wood, Wood Veneer.<br>
Color: Brown or Light Gray<br>
Weight: 603.63 lbs</p>",GOODDEGG,Furniture > Furniture Sets > Bedroom Furniture Sets,Bedroom Set,"Furniture of America, Quick Ship Furniture, New Arrival, Indoor Furniture, 2026",TRUE,Size,Queen,,,,,,,,FM7231BR-Q-5PC-CHEST,273802,shopify,20,deny,manual,2814,,TRUE,FALSE,,,,,,https://cdn.shopify.com/s/files/1/0268/6749/9079/files/FM7231BR-1-Z.jpg,1,caerwys-5-pc-bedroom-set-w-chest,FALSE,CAERWYS 5 Pc. Bedroom Set w/ Chest,"Shop CAERWYS 5 Pc. Bedroom Set w/ Chest. Transitional style. Fabric, Solid Wood build. Size: Queen. Free shipping. Buy now at GOODDEGG.",FM7231BR-1-Z.jpg,lb,,1158,active
caerwys-5-pc-bedroom-set-w-chest,,,,,,,,,,,,,,,,,,,,,,,,,,,,,,,,https://cdn.shopify.com/s/files/1/0268/6749/9079/files/FM7231BR-WB-1.jpg,2,caerwys-5-pc-bedroom-set-w-chest,,,,,,,,
caistor-4-pc-bedroom-set,CAISTOR 4 Pc. Bedroom Set,"<p><span style=""color:#1e73be;""><strong>FREE SHIPPING</strong></span><br>
CAISTOR 4 Pc. Bedroom Set completes the bedroom with a relaxed, pulled-together look. As a bedroom bedroom set, it is designed to coordinate with matching pieces. The Transitional character adds definition without feeling heavy. Crafted with Metal, Solid Wood, Engineered Wood, Wood Veneer, then finished in Espresso tones to suit a range of interiors.<br>
Product Dimensions: BED: 63""W X 91""D X 52.5""H<br>
Size: Queen</p>

<p>Features<br>
- Bookcase Headboard w/ Sliding Doors<br>
- Footboard Storage Drawers<br>
- Bracket Legs<br>
- English Dovetail Drawer<br>
- Center Metal Glide<br>
- Metal Drawer Handle Included items and dimensions:<br>
- Nightstand: color: Espresso; dimensions: 23.5"" W x 16.5""D x 24"" H; feature: Transitional<br>
- Dresser: color: Espresso; dimensions: 58"" W x 16.5""D x 39.5"" H; feature: Transitional</p>

<p>Materials: Metal, Solid Wood, Engineered Wood, Wood Veneer.<br>
Color: Espresso<br>
Weight: 473.63 lbs</p>",GOODDEGG,Furniture > Furniture Sets > Bedroom Furniture Sets,Bedroom Set,"Furniture of America, Quick Ship Furniture, New Arrival, Indoor Furniture, 2026",TRUE,Size,Queen,,,,,,,,FM7233BR-Q-4PC,214835,shopify,20,deny,manual,2187,,TRUE,FALSE,,,,,,https://cdn.shopify.com/s/files/1/0268/6749/9079/files/FM7233BR-1-Z.jpg,1,caistor-4-pc-bedroom-set,FALSE,CAISTOR 4 Pc. Bedroom Set,"Shop CAISTOR 4 Pc. Bedroom Set. Transitional style. Metal, Solid Wood build. Size: Queen. Free shipping. Buy now at GOODDEGG.",FM7233BR-1-Z.jpg,lb,,1059,active
caistor-5-pc-bedroom-set-w-2ns,CAISTOR 5 Pc. Bedroom Set w/ 2NS,"<p><span style=""color:#1e73be;""><strong>FREE SHIPPING</strong></span><br>
CAISTOR 5 Pc. Bedroom Set w/ 2NS brings a restful, finished feel to the bedroom. This bedroom bedroom set is made to fit naturally into the room. A Transitional profile gives the space a refined, approachable look. With Metal, Solid Wood, Engineered Wood, Wood Veneer, construction and Espresso tones, it blends durability with visual warmth.<br>
Product Dimensions: BED: 63""W X 91""D X 52.5""H<br>
Size: Queen</p>

<p>Features<br>
- Bookcase Headboard w/ Sliding Doors<br>
- Footboard Storage Drawers<br>
- Bracket Legs<br>
- English Dovetail Drawer<br>
- Center Metal Glide<br>
- Metal Drawer Handle Included items and dimensions:<br>
- Nightstand: color: Espresso; dimensions: 23.5"" W x 16.5""D x 24"" H; feature: Transitional<br>
- Dresser: color: Espresso; dimensions: 58"" W x 16.5""D x 39.5"" H; feature: Transitional</p>

<p>Materials: Metal, Solid Wood, Engineered Wood, Wood Veneer.<br>
Color: Espresso<br>
Weight: 519.49 lbs</p>",GOODDEGG,Furniture > Furniture Sets > Bedroom Furniture Sets,Bedroom Set,"Furniture of America, Quick Ship Furniture, New Arrival, Indoor Furniture, 2026",TRUE,Size,Queen,,,,,,,,FM7233BR-Q-5PC-2NS,235637,shopify,20,deny,manual,2457,,TRUE,FALSE,,,,,,https://cdn.shopify.com/s/files/1/0268/6749/9079/files/FM7233BR-1-Z.jpg,1,caistor-5-pc-bedroom-set-w-2ns,FALSE,CAISTOR 5 Pc. Bedroom Set w/ 2NS,"Shop CAISTOR 5 Pc. Bedroom Set w/ 2NS. Transitional style. Metal, Solid Wood build. Size: Queen. Free shipping. Buy now at GOODDEGG.",FM7233BR-1-Z.jpg,lb,,1199,active
caistor-5-pc-bedroom-set-w-chest,CAISTOR 5 Pc. Bedroom Set w/ Chest,"<p><span style=""color:#1e73be;""><strong>FREE SHIPPING</strong></span><br>
Create a calm, coordinated retreat with CAISTOR 5 Pc. Bedroom Set w/ Chest. Designed as a bedroom bedroom set, it pairs easily with surrounding decor. Its Transitional styling keeps the room feeling polished yet comfortable. Finished in Espresso tones, the Metal, Solid Wood, Engineered Wood, Wood Veneer, build keeps the look polished and practical.<br>
Product Dimensions: BED: 63""W X 91""D X 52.5""H<br>
Size: Queen</p>

<p>Features<br>
- Bookcase Headboard w/ Sliding Doors<br>
- Footboard Storage Drawers<br>
- Bracket Legs<br>
- English Dovetail Drawer<br>
- Center Metal Glide<br>
- Metal Drawer Handle Included items and dimensions:<br>
- Nightstand: color: Espresso; dimensions: 23.5"" W x 16.5""D x 24"" H; feature: Transitional<br>
- Dresser: color: Espresso; dimensions: 58"" W x 16.5""D x 39.5"" H; feature: Transitional<br>
- Chest: color: Espresso; dimensions: 35.5"" W x 16.5""D x 48"" H; feature: Transitional</p>

<p>Materials: Metal, Solid Wood, Engineered Wood, Wood Veneer.<br>
Color: Espresso<br>
Weight: 586.09 lbs</p>",GOODDEGG,Furniture > Furniture Sets > Bedroom Furniture Sets,Bedroom Set,"Furniture of America, Quick Ship Furniture, New Arrival, Indoor Furniture, 2026",TRUE,Size,Queen,,,,,,,,FM7233BR-Q-5PC-CHEST,265846,shopify,20,deny,manual,2367,,TRUE,FALSE,,,,,,https://cdn.shopify.com/s/files/1/0268/6749/9079/files/FM7233BR-1-Z.jpg,1,caistor-5-pc-bedroom-set-w-chest,FALSE,CAISTOR 5 Pc. Bedroom Set w/ Chest,"Shop CAISTOR 5 Pc. Bedroom Set w/ Chest. Transitional style. Metal, Solid Wood build. Size: Queen. Free shipping. Buy now at GOODDEGG.",FM7233BR-1-Z.jpg,lb,,1378,active
calliope-4-pc-bedroom-set,CALLIOPE 4 Pc. Bedroom Set,"<p><span style=""color:#1e73be;""><strong>FREE SHIPPING</strong></span><br>
CALLIOPE 4 Pc. Bedroom Set brings a restful, finished feel to the bedroom. This bedroom bedroom set is made to fit naturally into the room. A Traditional profile gives the space a refined, approachable look. Crafted with Solid Wood, Wood Veneer, then finished in Espresso tones to suit a range of interiors.<br>
Product Dimensions: 88 3/4""L X 67 1/2""W X 66 1/2""H<br>
Size: Queen</p>

<p>Features<br>
- Traditional<br>
- Faux Wood Carved Details<br>
- Camelback Design<br>
- USB Charger In Night Stand<br>
- Hidden Drawers in Night Stand<br>
- Foundation Required Included items and dimensions:<br>
- Nightstand w/ USB: color: Espresso; dimensions: 30"" W x 17""D x 29 1 or 2"" H; feature: Traditional<br>
- Dresser: color: Espresso; dimensions: 64 1 or 4"" W x 18""D x 40 1 or 2"" H; feature: Traditional</p>

<p>Materials: Solid Wood, Wood Veneer.<br>
Color: Espresso<br>
Weight: 473.66 lbs</p>",GOODDEGG,Furniture > Furniture Sets > Bedroom Furniture Sets,Bedroom Set,"Furniture of America, Quick Ship Furniture, New Arrival, Indoor Furniture, 2026",TRUE,Size,Queen,,,,,,,,CM7751Q-4PC,214849,shopify,20,deny,manual,2877,,TRUE,FALSE,,,,,,https://cdn.shopify.com/s/files/1/0268/6749/9079/files/CM7751-1.jpg,1,calliope-4-pc-bedroom-set,FALSE,CALLIOPE 4 Pc. Bedroom Set,"Shop CALLIOPE 4 Pc. Bedroom Set. Traditional style. Solid Wood, Wood Veneer build. Size: Queen. Free shipping. Buy now at GOODDEGG.",CM7751-1.jpg,lb,,1169,active
calliope-4-pc-bedroom-set,,,,,,,,,,,,,,,,,,,,,,,,,,,,,,,,https://cdn.shopify.com/s/files/1/0268/6749/9079/files/CM7751-1-Z.jpg,2,calliope-4-pc-bedroom-set,,,,,,,,
calliope-5-pc-bedroom-set-w-2ns,CALLIOPE 5 Pc. Bedroom Set w/ 2NS,"<p><span style=""color:#1e73be;""><strong>FREE SHIPPING</strong></span><br>
Create a calm, coordinated retreat with CALLIOPE 5 Pc. Bedroom Set w/ 2NS. Designed as a bedroom bedroom set, it pairs easily with surrounding decor. Its Traditional styling keeps the room feeling polished yet comfortable. With Solid Wood, Wood Veneer, construction and Espresso tones, it blends durability with visual warmth.<br>
Product Dimensions: 88 3/4""L X 67 1/2""W X 66 1/2""H<br>
Size: Queen</p>

<p>Features<br>
- Traditional<br>
- Faux Wood Carved Details<br>
- Camelback Design<br>
- USB Charger In Night Stand<br>
- Hidden Drawers in Night Stand<br>
- Foundation Required Included items and dimensions:<br>
- Nightstand w/ USB: color: Espresso; dimensions: 30"" W x 17""D x 29 1 or 2"" H; feature: Traditional<br>
- Dresser: color: Espresso; dimensions: 64 1 or 4"" W x 18""D x 40 1 or 2"" H; feature: Traditional</p>

<p>Materials: Solid Wood, Wood Veneer.<br>
Color: Espresso<br>
Weight: 549.56 lbs</p>",GOODDEGG,Furniture > Furniture Sets > Bedroom Furniture Sets,Bedroom Set,"Furniture of America, Quick Ship Furniture, New Arrival, Indoor Furniture, 2026",TRUE,Size,Queen,,,,,,,,CM7751Q-5PC-2NS,249276,shopify,20,deny,manual,3327,,TRUE,FALSE,,,,,,https://cdn.shopify.com/s/files/1/0268/6749/9079/files/CM7751-1.jpg,1,calliope-5-pc-bedroom-set-w-2ns,FALSE,CALLIOPE 5 Pc. Bedroom Set w/ 2NS,"Shop CALLIOPE 5 Pc. Bedroom Set w/ 2NS. Traditional style. Solid Wood, Wood Veneer build. Size: Queen. Free shipping. Buy now at GOODDEGG.",CM7751-1.jpg,lb,,1359,active
calliope-5-pc-bedroom-set-w-2ns,,,,,,,,,,,,,,,,,,,,,,,,,,,,,,,,https://cdn.shopify.com/s/files/1/0268/6749/9079/files/CM7751-1-Z.jpg,2,calliope-5-pc-bedroom-set-w-2ns,,,,,,,,
calliope-5-pc-bedroom-set-w-chest,CALLIOPE 5 Pc. Bedroom Set w/ Chest,"<p><span style=""color:#1e73be;""><strong>FREE SHIPPING</strong></span><br>
CALLIOPE 5 Pc. Bedroom Set w/ Chest completes the bedroom with a relaxed, pulled-together look. As a bedroom bedroom set, it is designed to coordinate with matching pieces. The Traditional character adds definition without feeling heavy. Finished in Espresso tones, the Solid Wood, Wood Veneer, build keeps the look polished and practical.<br>
Product Dimensions: 88 3/4""L X 67 1/2""W X 66 1/2""H<br>
Size: Queen</p>

<p>Features<br>
- Traditional<br>
- Faux Wood Carved Details<br>
- Camelback Design<br>
- USB Charger In Night Stand<br>
- Hidden Drawers in Night Stand<br>
- Foundation Required Included items and dimensions:<br>
- Nightstand w/ USB: color: Espresso; dimensions: 30"" W x 17""D x 29 1 or 2"" H; feature: Traditional<br>
- Dresser: color: Espresso; dimensions: 64 1 or 4"" W x 18""D x 40 1 or 2"" H; feature: Traditional<br>
- Chest: color: Espresso; dimensions: 38"" W x 18""D x 53"" H; feature: Traditional</p>

<p>Materials: Solid Wood, Wood Veneer.<br>
Color: Espresso<br>
Weight: 607.86 lbs</p>",GOODDEGG,Furniture > Furniture Sets > Bedroom Furniture Sets,Bedroom Set,"Furniture of America, Quick Ship Furniture, New Arrival, Indoor Furniture, 2026",TRUE,Size,Queen,,,,,,,,CM7751Q-5PC-CHEST,275721,shopify,20,deny,manual,3714,,TRUE,FALSE,,,,,,https://cdn.shopify.com/s/files/1/0268/6749/9079/files/CM7751-1.jpg,1,calliope-5-pc-bedroom-set-w-chest,FALSE,CALLIOPE 5 Pc. Bedroom Set w/ Chest,"Shop CALLIOPE 5 Pc. Bedroom Set w/ Chest. Traditional style. Solid Wood, Wood Veneer build. Size: Queen. Free shipping. Buy now at GOODDEGG.",CM7751-1.jpg,lb,,1508,active
calliope-5-pc-bedroom-set-w-chest,,,,,,,,,,,,,,,,,,,,,,,,,,,,,,,,https://cdn.shopify.com/s/files/1/0268/6749/9079/files/CM7751-1-Z.jpg,2,calliope-5-pc-bedroom-set-w-chest,,,,,,,,
camryn-4-pc-bedroom-set,CAMRYN 4 Pc. Bedroom Set,"<p><span style=""color:#1e73be;""><strong>FREE SHIPPING</strong></span><br>
CAMRYN 4 Pc. Bedroom Set brings a restful, finished feel to the bedroom. This bedroom bedroom set is made to fit naturally into the room. A Contemporary profile gives the space a refined, approachable look. Built from Paper Veneer, Engineered Wood and finished in Warm Gray tones for a clean, cohesive look.<br>
Product Dimensions: 85 5/8""L X 63 5/8""W X 55 1/2""H<br>
Size: Queen</p>

<p>Features<br>
- Shelf in Headboard<br>
- LED Touch Lights on Headboard<br>
- Chrome Trim Insert<br>
- USB Charger on Night Stand<br>
- Foundation Required Included items and dimensions:<br>
- Nightstand w/ USB: color: Warm Gray; dimensions: 23 3 or 8"" L x 15 1 or 2"" W x 26 1 or 8"" H; feature: Contemporary<br>
- Dresser: color: Warm Gray; dimensions: 57 1 or 8"" L x 17 3 or 8"" W x 40 1 or 2"" H; feature: Contemporary</p>

<p>Materials: Paper Veneer, Engineered Wood.<br>
Color: Warm Gray<br>
Weight: 422.4 lbs</p>",GOODDEGG,Furniture > Furniture Sets > Bedroom Furniture Sets,Bedroom Set,"Furniture of America, Quick Ship Furniture, New Arrival, Indoor Furniture, 2026",TRUE,Size,Queen,,,,,,,,CM7589Q-4PC,191597,shopify,20,deny,manual,1977,,TRUE,FALSE,,,,,,https://cdn.shopify.com/s/files/1/0268/6749/9079/files/CM7589-1.jpg,1,camryn-4-pc-bedroom-set,FALSE,CAMRYN 4 Pc. Bedroom Set,"Shop CAMRYN 4 Pc. Bedroom Set. Contemporary style. Paper Veneer, Engineered Wood build. Size: Queen. Free shipping. Buy now at GOODDEGG.",CM7589-1.jpg,lb,,859,active
camryn-4-pc-bedroom-set,,,,,,,,,,,,,,,,,,,,,,,,,,,,,,,,https://cdn.shopify.com/s/files/1/0268/6749/9079/files/CM7589-Z.jpg,2,camryn-4-pc-bedroom-set,,,,,,,,
camryn-5-pc-bedroom-set-w-2ns,CAMRYN 5 Pc. Bedroom Set w/ 2NS,"<p><span style=""color:#1e73be;""><strong>FREE SHIPPING</strong></span><br>
Create a calm, coordinated retreat with CAMRYN 5 Pc. Bedroom Set w/ 2NS. Designed as a bedroom bedroom set, it pairs easily with surrounding decor. Its Contemporary styling keeps the room feeling polished yet comfortable. Crafted with Paper Veneer, Engineered Wood, then finished in Warm Gray tones to suit a range of interiors.<br>
Product Dimensions: 85 5/8""L X 63 5/8""W X 55 1/2""H<br>
Size: Queen</p>

<p>Features<br>
- Shelf in Headboard<br>
- LED Touch Lights on Headboard<br>
- Chrome Trim Insert<br>
- USB Charger on Night Stand<br>
- Foundation Required Included items and dimensions:<br>
- Nightstand w/ USB: color: Warm Gray; dimensions: 23 3 or 8"" L x 15 1 or 2"" W x 26 1 or 8"" H; feature: Contemporary<br>
- Dresser: color: Warm Gray; dimensions: 57 1 or 8"" L x 17 3 or 8"" W x 40 1 or 2"" H; feature: Contemporary</p>

<p>Materials: Paper Veneer, Engineered Wood.<br>
Color: Warm Gray<br>
Weight: 486.2 lbs</p>",GOODDEGG,Furniture > Furniture Sets > Bedroom Furniture Sets,Bedroom Set,"Furniture of America, Quick Ship Furniture, New Arrival, Indoor Furniture, 2026",TRUE,Size,Queen,,,,,,,,CM7589Q-5PC-2NS,220537,shopify,20,deny,manual,2277,,TRUE,FALSE,,,,,,https://cdn.shopify.com/s/files/1/0268/6749/9079/files/CM7589-1.jpg,1,camryn-5-pc-bedroom-set-w-2ns,FALSE,CAMRYN 5 Pc. Bedroom Set w/ 2NS,"Shop CAMRYN 5 Pc. Bedroom Set w/ 2NS. Contemporary style. Paper Veneer, Engineered Wood build. Size: Queen. Free shipping. Buy now at GOODDEGG.",CM7589-1.jpg,lb,,989,active
camryn-5-pc-bedroom-set-w-2ns,,,,,,,,,,,,,,,,,,,,,,,,,,,,,,,,https://cdn.shopify.com/s/files/1/0268/6749/9079/files/CM7589-Z.jpg,2,camryn-5-pc-bedroom-set-w-2ns,,,,,,,,
camryn-5-pc-bedroom-set-w-chest,CAMRYN 5 Pc. Bedroom Set w/ Chest,"<p><span style=""color:#1e73be;""><strong>FREE SHIPPING</strong></span><br>
CAMRYN 5 Pc. Bedroom Set w/ Chest completes the bedroom with a relaxed, pulled-together look. As a bedroom bedroom set, it is designed to coordinate with matching pieces. The Contemporary character adds definition without feeling heavy. With Paper Veneer, Engineered Wood construction and Warm Gray tones, it blends durability with visual warmth.<br>
Product Dimensions: 85 5/8""L X 63 5/8""W X 55 1/2""H<br>
Size: Queen</p>

<p>Features<br>
- Shelf in Headboard<br>
- LED Touch Lights on Headboard<br>
- Chrome Trim Insert<br>
- USB Charger on Night Stand<br>
- Foundation Required Included items and dimensions:<br>
- Nightstand w/ USB: color: Warm Gray; dimensions: 23 3 or 8"" L x 15 1 or 2"" W x 26 1 or 8"" H; feature: Contemporary<br>
- Dresser: color: Warm Gray; dimensions: 57 1 or 8"" L x 17 3 or 8"" W x 40 1 or 2"" H; feature: Contemporary<br>
- Chest: color: Warm Gray; dimensions: 34"" L x 17 3 or 8"" W x 49 3 or 4"" H; feature: Contemporary</p>

<p>Materials: Paper Veneer, Engineered Wood.<br>
Color: Warm Gray<br>
Weight: 561 lbs</p>",GOODDEGG,Furniture > Furniture Sets > Bedroom Furniture Sets,Bedroom Set,"Furniture of America, Quick Ship Furniture, New Arrival, Indoor Furniture, 2026",TRUE,Size,Queen,,,,,,,,CM7589Q-5PC-CHEST,254465,shopify,20,deny,manual,2604,,TRUE,FALSE,,,,,,https://cdn.shopify.com/s/files/1/0268/6749/9079/files/CM7589-1.jpg,1,camryn-5-pc-bedroom-set-w-chest,FALSE,CAMRYN 5 Pc. Bedroom Set w/ Chest,"Shop CAMRYN 5 Pc. Bedroom Set w/ Chest. Contemporary style. Paper Veneer, Engineered Wood build. Size: Queen. Free shipping. Buy now at GOODDEGG.",CM7589-1.jpg,lb,,1138,active
camryn-5-pc-bedroom-set-w-chest,,,,,,,,,,,,,,,,,,,,,,,,,,,,,,,,https://cdn.shopify.com/s/files/1/0268/6749/9079/files/CM7589-Z.jpg,2,camryn-5-pc-bedroom-set-w-chest,,,,,,,,
candra-4-pc-bedroom-set,CANDRA 4 Pc. Bedroom Set,"<p><span style=""color:#1e73be;""><strong>FREE SHIPPING</strong></span><br>
CANDRA 4 Pc. Bedroom Set brings a restful, finished feel to the bedroom. This bedroom bedroom set is made to fit naturally into the room. A Transitional profile gives the space a refined, approachable look. Finished in Natural Oak tones, the Solid Wood, Oak Veneer, Fabric, Engineered Wood build keeps the look polished and practical.<br>
Product Dimensions: 70.5""W X 85.5""D X 65.5""H<br>
Size: Queen</p>

<p>Features<br>
- Soft Curved Edges<br>
- Acrylic Hardware<br>
- Ball-Bearing Glide<br>
- French Front & English Back Drawers<br>
- Felt-Lined Top Drawer<br>
- USB-A & USB-C on Nightstand<br>
- Foundation Required Included items and dimensions:<br>
- Nightstand: color: Natural Oak; dimensions: 30"" W x 17""D x 30"" H; feature: Transitional<br>
- Dresser: color: Natural Oak; dimensions: 64"" W x 18""D x 40"" H; feature: Transitional</p>

<p>Materials: Solid Wood, Oak Veneer, Fabric, Engineered Wood.<br>
Color: Natural Oak<br>
Weight: 488.2 lbs</p>",GOODDEGG,Furniture > Furniture Sets > Bedroom Furniture Sets,Bedroom Set,"Furniture of America, Quick Ship Furniture, New Arrival, Indoor Furniture, 2026",TRUE,Size,Queen,,,,,,,,FM7424AK-Q-4PC,221444,shopify,20,deny,manual,3507,,TRUE,FALSE,,,,,,https://cdn.shopify.com/s/files/1/0268/6749/9079/files/FM7424AK-1-Z.jpg,1,candra-4-pc-bedroom-set,FALSE,CANDRA 4 Pc. Bedroom Set,"Shop CANDRA 4 Pc. Bedroom Set. Transitional style. Solid Wood, Oak Veneer build. Size: Queen. Free shipping. Buy now at GOODDEGG.",FM7424AK-1-Z.jpg,lb,,1499,active
candra-4-pc-bedroom-set,,,,,,,,,,,,,,,,,,,,,,,,,,,,,,,,FM7424AK-WB-1.jpg,2,candra-4-pc-bedroom-set,,,,,,,,
candra-4-pc-bedroom-set,,,,,,,,,,,,,,,,,,,,,,,,,,,,,,,,https://cdn.shopify.com/s/files/1/0268/6749/9079/files/FM7424AK-WB-2.jpg,3,candra-4-pc-bedroom-set,,,,,,,,
candra-4-pc-bedroom-set,,,,,,,,,,,,,,,,,,,,,,,,,,,,,,,,https://cdn.shopify.com/s/files/1/0268/6749/9079/files/FM7424AK-WB-3.jpg,4,candra-4-pc-bedroom-set,,,,,,,,
candra-4-pc-bedroom-set,,,,,,,,,,,,,,,,,,,,,,,,,,,,,,,,https://cdn.shopify.com/s/files/1/0268/6749/9079/files/FM7424AK-WB-4.jpg,5,candra-4-pc-bedroom-set,,,,,,,,
candra-5-pc-bedroom-set-w-2ns,CANDRA 5 Pc. Bedroom Set w/ 2NS,"<p><span style=""color:#1e73be;""><strong>FREE SHIPPING</strong></span><br>
Create a calm, coordinated retreat with CANDRA 5 Pc. Bedroom Set w/ 2NS. Designed as a bedroom bedroom set, it pairs easily with surrounding decor. Its Transitional styling keeps the room feeling polished yet comfortable. Built from Solid Wood, Oak Veneer, Fabric, Engineered Wood and finished in Natural Oak tones for a clean, cohesive look.<br>
Product Dimensions: 70.5""W X 85.5""D X 65.5""H<br>
Size: Queen</p>

<p>Features<br>
- Shelter Padded Headboard<br>
- Soft Curved Edges<br>
- Acrylic Hardware<br>
- Ball-Bearing Glide<br>
- French Front & English Back Drawers<br>
- Felt-Lined Top Drawer<br>
- USB-A & USB-C on Nightstand<br>
- Foundation Required Included items and dimensions:<br>
- Nightstand: color: Natural Oak; dimensions: 30"" W x 17""D x 30"" H; feature: Transitional<br>
- Dresser: color: Natural Oak; dimensions: 64"" W x 18""D x 40"" H; feature: Transitional</p>

<p>Materials: Solid Wood, Oak Veneer, Fabric, Engineered Wood.<br>
Color: Natural Oak<br>
Weight: 580.6 lbs</p>",GOODDEGG,Furniture > Furniture Sets > Bedroom Furniture Sets,Bedroom Set,"Furniture of America, Quick Ship Furniture, New Arrival, Indoor Furniture, 2026",TRUE,Size,Queen,,,,,,,,FM7424AK-Q-5PC-2NS,263356,shopify,20,deny,manual,4017,,TRUE,FALSE,,,,,,https://cdn.shopify.com/s/files/1/0268/6749/9079/files/FM7424AK-1-Z.jpg,1,candra-5-pc-bedroom-set-w-2ns,FALSE,CANDRA 5 Pc. Bedroom Set w/ 2NS,"Shop CANDRA 5 Pc. Bedroom Set w/ 2NS. Transitional style. Solid Wood, Oak Veneer build. Size: Queen. Free shipping. Buy now at GOODDEGG.",FM7424AK-1-Z.jpg,lb,,1709,active
candra-5-pc-bedroom-set-w-2ns,,,,,,,,,,,,,,,,,,,,,,,,,,,,,,,,FM7424AK-WB-1.jpg,2,candra-5-pc-bedroom-set-w-2ns,,,,,,,,
candra-5-pc-bedroom-set-w-2ns,,,,,,,,,,,,,,,,,,,,,,,,,,,,,,,,https://cdn.shopify.com/s/files/1/0268/6749/9079/files/FM7424AK-WB-2.jpg,3,candra-5-pc-bedroom-set-w-2ns,,,,,,,,
candra-5-pc-bedroom-set-w-2ns,,,,,,,,,,,,,,,,,,,,,,,,,,,,,,,,https://cdn.shopify.com/s/files/1/0268/6749/9079/files/FM7424AK-WB-3.jpg,4,candra-5-pc-bedroom-set-w-2ns,,,,,,,,
candra-5-pc-bedroom-set-w-2ns,,,,,,,,,,,,,,,,,,,,,,,,,,,,,,,,https://cdn.shopify.com/s/files/1/0268/6749/9079/files/FM7424AK-WB-4.jpg,5,candra-5-pc-bedroom-set-w-2ns,,,,,,,,
candra-5-pc-bedroom-set-w-chest,CANDRA 5 Pc. Bedroom Set w/ Chest,"<p><span style=""color:#1e73be;""><strong>FREE SHIPPING</strong></span><br>
CANDRA 5 Pc. Bedroom Set w/ Chest completes the bedroom with a relaxed, pulled-together look. As a bedroom bedroom set, it is designed to coordinate with matching pieces. The Transitional character adds definition without feeling heavy. Crafted with Solid Wood, Oak Veneer, Fabric, Engineered Wood, then finished in Natural Oak tones to suit a range of interiors.<br>
Product Dimensions: 70.5""W X 85.5""D X 65.5""H<br>
Size: Queen</p>

<p>Features<br>
- Shelter Padded Headboard<br>
- Soft Curved Edges<br>
- Acrylic Hardware<br>
- Ball-Bearing Glide<br>
- French Front & English Back Drawers<br>
- Felt-Lined Top Drawer<br>
- USB-A & USB-C on Nightstand<br>
- Foundation Required Included items and dimensions:<br>
- Nightstand: color: Natural Oak; dimensions: 30"" W x 17""D x 30"" H; feature: Transitional<br>
- Dresser: color: Natural Oak; dimensions: 64"" W x 18""D x 40"" H; feature: Transitional<br>
- Chest: color: Natural Oak; dimensions: 40"" W x 18""D x 54"" H; feature: Transitional</p>

<p>Materials: Solid Wood, Oak Veneer, Fabric, Engineered Wood.<br>
Color: Natural Oak<br>
Weight: 677.4 lbs</p>",GOODDEGG,Furniture > Furniture Sets > Bedroom Furniture Sets,Bedroom Set,"Furniture of America, Quick Ship Furniture, New Arrival, Indoor Furniture, 2026",TRUE,Size,Queen,,,,,,,,FM7424AK-Q-5PC-CHEST,307263,shopify,20,deny,manual,4464,,TRUE,FALSE,,,,,,https://cdn.shopify.com/s/files/1/0268/6749/9079/files/FM7424AK-1-Z.jpg,1,candra-5-pc-bedroom-set-w-chest,FALSE,CANDRA 5 Pc. Bedroom Set w/ Chest,"Shop CANDRA 5 Pc. Bedroom Set w/ Chest. Transitional style. Solid Wood, Oak Veneer build. Size: Queen. Free shipping. Buy now at GOODDEGG.",FM7424AK-1-Z.jpg,lb,,1918,active
candra-5-pc-bedroom-set-w-chest,,,,,,,,,,,,,,,,,,,,,,,,,,,,,,,,FM7424AK-WB-1.jpg,2,candra-5-pc-bedroom-set-w-chest,,,,,,,,
candra-5-pc-bedroom-set-w-chest,,,,,,,,,,,,,,,,,,,,,,,,,,,,,,,,https://cdn.shopify.com/s/files/1/0268/6749/9079/files/FM7424AK-WB-2.jpg,3,candra-5-pc-bedroom-set-w-chest,,,,,,,,
candra-5-pc-bedroom-set-w-chest,,,,,,,,,,,,,,,,,,,,,,,,,,,,,,,,https://cdn.shopify.com/s/files/1/0268/6749/9079/files/FM7424AK-WB-3.jpg,4,candra-5-pc-bedroom-set-w-chest,,,,,,,,
candra-5-pc-bedroom-set-w-chest,,,,,,,,,,,,,,,,,,,,,,,,,,,,,,,,https://cdn.shopify.com/s/files/1/0268/6749/9079/files/FM7424AK-WB-4.jpg,5,candra-5-pc-bedroom-set-w-chest,,,,,,,,
carissa-4-pc-bedroom-set,CARISSA 4 Pc. Bedroom Set,"<p><span style=""color:#1e73be;""><strong>FREE SHIPPING</strong></span><br>
Elevate your space with CARISSA, styled in Transitional and designed for everyday comfort.<br>
This bedroom bedroom set is made to fit naturally into the room. With Fabric, Solid Wood, Wood Veneer, Others and Black or Gray tones, it blends structure and softness in one clean profile.<br>
Product Dimensions: 89&quot;L X 70 1/2&quot;W X 65 3/4&quot;H<br>
Size: Queen</p>

<p>Features<br>
- Fabric<br>
- Solid Wood<br>
- Wood Veneer<br>
- Others<br>
- Fully Upholstered Frame<br>
- Art Deco-inspired Design<br>
- Wingback Headboard<br>
- Nailhead Trim<br>
- Crystal-like Acrylic Knobs<br>
- Glass Top on Matching Case Goods<br>
- Foundation Required<br>
<strong>Variant Details</strong><br>
- <strong>Size: Queen | Color: Black | Dimensions: - | Weight: 507 lbs | Volume: 53.7 cuft</strong><br>
- <strong>Size: Queen | Color: Gray | Dimensions: 89&quot;L X 70 1/2&quot;W X 65 3/4&quot;H | Weight: 539.17 lbs | Volume: 54 cuft</strong><br>
</p>

<p>Materials: Fabric, Solid Wood, Wood Veneer, Others.<br>
Color: Black or Gray<br>
Weight: 507 - 539.17 lbs</p>",GOODDEGG,Furniture > Furniture Sets > Bedroom Furniture Sets,Bedroom Set,"Furniture of America, Quick Ship Furniture, New Arrival, Indoor Furniture, 2026",TRUE,Color,Black,,,,,,,,CM7164BK-Q-4PC,229971,shopify,20,deny,manual,2577,,TRUE,FALSE,,,,,,https://cdn.shopify.com/s/files/1/0268/6749/9079/files/CM7164BK-1-Z.jpg,1,carissa-4-pc-bedroom-set,FALSE,CARISSA 4 Pc. Bedroom Set,"Shop CARISSA 4 Pc. Bedroom Set. Transitional style. Fabric, Solid Wood build. Multiple colors available. Free shipping. Buy now at GOODDEGG.",CM7164BK-1-Z.jpg,lb,,1049,active
carissa-4-pc-bedroom-set,,,,,,,,,Gray,,,,,,,,CM7164Q-4PC,244563,shopify,20,deny,manual,2577,,TRUE,FALSE,,,,,,https://cdn.shopify.com/s/files/1/0268/6749/9079/files/CM7164BK-2.jpg,2,carissa-4-pc-bedroom-set,,,,CM7164-1-Z.jpg,lb,,1019,
carissa-4-pc-bedroom-set,,,,,,,,,,,,,,,,,,,,,,,,,,,,,,,,https://cdn.shopify.com/s/files/1/0268/6749/9079/files/CM7164BK-3.jpg,3,carissa-4-pc-bedroom-set,,,,,,,,
carissa-4-pc-bedroom-set,,,,,,,,,,,,,,,,,,,,,,,,,,,,,,,,https://cdn.shopify.com/s/files/1/0268/6749/9079/files/CM7164BK-4.jpg,4,carissa-4-pc-bedroom-set,,,,,,,,
carissa-4-pc-bedroom-set,,,,,,,,,,,,,,,,,,,,,,,,,,,,,,,,https://cdn.shopify.com/s/files/1/0268/6749/9079/files/CM7164BK-5.jpg,5,carissa-4-pc-bedroom-set,,,,,,,,
carissa-4-pc-bedroom-set,,,,,,,,,,,,,,,,,,,,,,,,,,,,,,,,https://cdn.shopify.com/s/files/1/0268/6749/9079/files/CM7164-1-Z.jpg,6,carissa-4-pc-bedroom-set,,,,,,,,
carissa-4-pc-bedroom-set,,,,,,,,,,,,,,,,,,,,,,,,,,,,,,,,https://cdn.shopify.com/s/files/1/0268/6749/9079/files/CM7164-2.jpg,7,carissa-4-pc-bedroom-set,,,,,,,,
carissa-4-pc-bedroom-set,,,,,,,,,,,,,,,,,,,,,,,,,,,,,,,,https://cdn.shopify.com/s/files/1/0268/6749/9079/files/CM7164-3.jpg,8,carissa-4-pc-bedroom-set,,,,,,,,
carissa-4-pc-bedroom-set,,,,,,,,,,,,,,,,,,,,,,,,,,,,,,,,https://cdn.shopify.com/s/files/1/0268/6749/9079/files/CM7164-4.jpg,9,carissa-4-pc-bedroom-set,,,,,,,,
carissa-4-pc-bedroom-set,,,,,,,,,,,,,,,,,,,,,,,,,,,,,,,,https://cdn.shopify.com/s/files/1/0268/6749/9079/files/CM7164-5.jpg,10,carissa-4-pc-bedroom-set,,,,,,,,
carissa-5-pc-bedroom-set-w-2ns,CARISSA 5 Pc. Bedroom Set w/2NS,"<p><span style=""color:#1e73be;""><strong>FREE SHIPPING</strong></span><br>
Elevate your space with CARISSA, styled in Transitional and designed for everyday comfort.<br>
This bedroom bedroom set is made to fit naturally into the room. With Fabric, Solid Wood, Wood Veneer, Others and Black or Gray tones, it blends structure and softness in one clean profile.<br>
Product Dimensions: 89&quot;L X 70 1/2&quot;W X 65 3/4&quot;H<br>
Size: Queen</p>

<p>Features<br>
- Fabric<br>
- Solid Wood<br>
- Wood Veneer<br>
- Others<br>
- Fully Upholstered Frame<br>
- Art Deco-inspired Design<br>
- Wingback Headboard<br>
- Nailhead Trim<br>
- Crystal-like Acrylic Knobs<br>
- Glass Top on Matching Case Goods<br>
- Foundation Required<br>
<strong>Variant Details</strong><br>
- <strong>Size: Queen | Color: Black | Dimensions: - | Weight: 579.7 lbs | Volume: 61.8 cuft</strong><br>
- <strong>Size: Queen | Color: Gray | Dimensions: 89&quot;L X 70 1/2&quot;W X 65 3/4&quot;H | Weight: 607.51 lbs | Volume: 61.9 cuft</strong><br>
</p>

<p>Materials: Fabric, Solid Wood, Wood Veneer, Others.<br>
Color: Black or Gray<br>
Weight: 579.7 - 607.51 lbs</p>",GOODDEGG,Furniture > Furniture Sets > Bedroom Furniture Sets,Bedroom Set,"Furniture of America, Quick Ship Furniture, New Arrival, Indoor Furniture, 2026",TRUE,Color,Black,,,,,,,,CM7164BK-Q-5PC-2NS,262947,shopify,20,deny,manual,2967,,TRUE,FALSE,,,,,,https://cdn.shopify.com/s/files/1/0268/6749/9079/files/CM7164BK-1-Z.jpg,1,carissa-5-pc-bedroom-set-w-2ns,FALSE,CARISSA 5 Pc. Bedroom Set w/2NS,"Shop CARISSA 5 Pc. Bedroom Set w/2NS. Transitional style. Fabric, Solid Wood build. Multiple colors available. Free shipping. Buy now at GOODDEGG.",CM7164BK-1-Z.jpg,lb,,1209,active
carissa-5-pc-bedroom-set-w-2ns,,,,,,,,,Gray,,,,,,,,CM7164Q-5PC-2NS,275562,shopify,20,deny,manual,2967,,TRUE,FALSE,,,,,,https://cdn.shopify.com/s/files/1/0268/6749/9079/files/CM7164BK-2.jpg,2,carissa-5-pc-bedroom-set-w-2ns,,,,CM7164-1-Z.jpg,lb,,1179,
carissa-5-pc-bedroom-set-w-2ns,,,,,,,,,,,,,,,,,,,,,,,,,,,,,,,,https://cdn.shopify.com/s/files/1/0268/6749/9079/files/CM7164BK-3.jpg,3,carissa-5-pc-bedroom-set-w-2ns,,,,,,,,
carissa-5-pc-bedroom-set-w-2ns,,,,,,,,,,,,,,,,,,,,,,,,,,,,,,,,https://cdn.shopify.com/s/files/1/0268/6749/9079/files/CM7164BK-4.jpg,4,carissa-5-pc-bedroom-set-w-2ns,,,,,,,,
carissa-5-pc-bedroom-set-w-2ns,,,,,,,,,,,,,,,,,,,,,,,,,,,,,,,,https://cdn.shopify.com/s/files/1/0268/6749/9079/files/CM7164BK-5.jpg,5,carissa-5-pc-bedroom-set-w-2ns,,,,,,,,
carissa-5-pc-bedroom-set-w-2ns,,,,,,,,,,,,,,,,,,,,,,,,,,,,,,,,https://cdn.shopify.com/s/files/1/0268/6749/9079/files/CM7164-1-Z.jpg,6,carissa-5-pc-bedroom-set-w-2ns,,,,,,,,
carissa-5-pc-bedroom-set-w-2ns,,,,,,,,,,,,,,,,,,,,,,,,,,,,,,,,https://cdn.shopify.com/s/files/1/0268/6749/9079/files/CM7164-2.jpg,7,carissa-5-pc-bedroom-set-w-2ns,,,,,,,,
carissa-5-pc-bedroom-set-w-2ns,,,,,,,,,,,,,,,,,,,,,,,,,,,,,,,,https://cdn.shopify.com/s/files/1/0268/6749/9079/files/CM7164-3.jpg,8,carissa-5-pc-bedroom-set-w-2ns,,,,,,,,
carissa-5-pc-bedroom-set-w-2ns,,,,,,,,,,,,,,,,,,,,,,,,,,,,,,,,https://cdn.shopify.com/s/files/1/0268/6749/9079/files/CM7164-4.jpg,9,carissa-5-pc-bedroom-set-w-2ns,,,,,,,,
carissa-5-pc-bedroom-set-w-2ns,,,,,,,,,,,,,,,,,,,,,,,,,,,,,,,,https://cdn.shopify.com/s/files/1/0268/6749/9079/files/CM7164-5.jpg,10,carissa-5-pc-bedroom-set-w-2ns,,,,,,,,
carissa-5-pc-bedroom-set-w-chest,CARISSA 5 Pc. Bedroom Set w/Chest,"<p><span style=""color:#1e73be;""><strong>FREE SHIPPING</strong></span><br>
Elevate your space with CARISSA, styled in Transitional and designed for everyday comfort.<br>
This bedroom bedroom set is made to fit naturally into the room. With Fabric, Solid Wood, Wood Veneer, Others and Black or Gray tones, it blends structure and softness in one clean profile.<br>
Product Dimensions: 89&quot;L X 70 1/2&quot;W X 65 3/4&quot;H<br>
Size: Queen</p>

<p>Features<br>
- Fabric<br>
- Solid Wood<br>
- Wood Veneer<br>
- Others<br>
- Fully Upholstered Frame<br>
- Art Deco-inspired Design<br>
- Wingback Headboard<br>
- Nailhead Trim<br>
- Crystal-like Acrylic Knobs<br>
- Glass Top on Matching Case Goods<br>
- Foundation Required<br>
<strong>Variant Details</strong><br>
- <strong>Size: Queen | Color: Black | Dimensions: - | Weight: 677.9 lbs | Volume: 77 cuft</strong><br>
- <strong>Size: Queen | Color: Gray | Dimensions: 89&quot;L X 70 1/2&quot;W X 65 3/4&quot;H | Weight: 759.63 lbs | Volume: 77.3 cuft</strong><br>
</p>

<p>Materials: Fabric, Solid Wood, Wood Veneer, Others.<br>
Color: Black or Gray<br>
Weight: 677.9 - 759.63 lbs</p>",GOODDEGG,Furniture > Furniture Sets > Bedroom Furniture Sets,Bedroom Set,"Furniture of America, Quick Ship Furniture, New Arrival, Indoor Furniture, 2026",TRUE,Color,Black,,,,,,,,CM7164BK-Q-5PC-CHEST,307490,shopify,20,deny,manual,3384,,TRUE,FALSE,,,,,,https://cdn.shopify.com/s/files/1/0268/6749/9079/files/CM7164BK-1-Z.jpg,1,carissa-5-pc-bedroom-set-w-chest,FALSE,CARISSA 5 Pc. Bedroom Set w/Chest,"Shop CARISSA 5 Pc. Bedroom Set w/Chest. Transitional style. Fabric, Solid Wood build. Multiple colors available. Free shipping. Buy now at GOODDEGG.",CM7164BK-1-Z.jpg,lb,,1388,active
carissa-5-pc-bedroom-set-w-chest,,,,,,,,,Gray,,,,,,,,CM7164Q-5PC-CHEST,344562,shopify,20,deny,manual,3384,,TRUE,FALSE,,,,,,https://cdn.shopify.com/s/files/1/0268/6749/9079/files/CM7164BK-2.jpg,2,carissa-5-pc-bedroom-set-w-chest,,,,CM7164-1-Z.jpg,lb,,1358,
carissa-5-pc-bedroom-set-w-chest,,,,,,,,,,,,,,,,,,,,,,,,,,,,,,,,https://cdn.shopify.com/s/files/1/0268/6749/9079/files/CM7164BK-3.jpg,3,carissa-5-pc-bedroom-set-w-chest,,,,,,,,
carissa-5-pc-bedroom-set-w-chest,,,,,,,,,,,,,,,,,,,,,,,,,,,,,,,,https://cdn.shopify.com/s/files/1/0268/6749/9079/files/CM7164BK-4.jpg,4,carissa-5-pc-bedroom-set-w-chest,,,,,,,,
carissa-5-pc-bedroom-set-w-chest,,,,,,,,,,,,,,,,,,,,,,,,,,,,,,,,https://cdn.shopify.com/s/files/1/0268/6749/9079/files/CM7164BK-5.jpg,5,carissa-5-pc-bedroom-set-w-chest,,,,,,,,
carissa-5-pc-bedroom-set-w-chest,,,,,,,,,,,,,,,,,,,,,,,,,,,,,,,,https://cdn.shopify.com/s/files/1/0268/6749/9079/files/CM7164-1-Z.jpg,6,carissa-5-pc-bedroom-set-w-chest,,,,,,,,
carissa-5-pc-bedroom-set-w-chest,,,,,,,,,,,,,,,,,,,,,,,,,,,,,,,,https://cdn.shopify.com/s/files/1/0268/6749/9079/files/CM7164-2.jpg,7,carissa-5-pc-bedroom-set-w-chest,,,,,,,,
carissa-5-pc-bedroom-set-w-chest,,,,,,,,,,,,,,,,,,,,,,,,,,,,,,,,https://cdn.shopify.com/s/files/1/0268/6749/9079/files/CM7164-3.jpg,8,carissa-5-pc-bedroom-set-w-chest,,,,,,,,
carissa-5-pc-bedroom-set-w-chest,,,,,,,,,,,,,,,,,,,,,,,,,,,,,,,,https://cdn.shopify.com/s/files/1/0268/6749/9079/files/CM7164-4.jpg,9,carissa-5-pc-bedroom-set-w-chest,,,,,,,,
carissa-5-pc-bedroom-set-w-chest,,,,,,,,,,,,,,,,,,,,,,,,,,,,,,,,https://cdn.shopify.com/s/files/1/0268/6749/9079/files/CM7164-5.jpg,10,carissa-5-pc-bedroom-set-w-chest,,,,,,,,
carlie-4-pc-bedroom-set,CARLIE 4 Pc. Bedroom Set,"<p><span style=""color:#1e73be;""><strong>FREE SHIPPING</strong></span><br>
Create a calm, coordinated retreat with CARLIE 4 Pc. Bedroom Set. Designed as a bedroom bedroom set, it pairs easily with surrounding decor. Its Contemporary styling keeps the room feeling polished yet comfortable. Built from Metal, Solid Wood, Wood Veneer, and finished in Black or Chrome tones for a clean, cohesive look.<br>
Product Dimensions: BED: 91 5/8""L X 63 3/8""W X 48 1/4""H<br>
Size: Queen</p>

<p>Features<br>
- Black or Chrome<br>
- Shelf in Headboard<br>
- Built-in LED Lighting<br>
- Chrome Accents<br>
- High Gloss Lacquer Coating<br>
- Felt-lined Top Drawers<br>
- USB Charger in Night Stand<br>
- Foundation Required Included items and dimensions:<br>
- Dresser: color: Black or Chrome; dimensions: 63"" W x 17 3 or 4""D x 33 1 or 2"" H; feature: Contemporary<br>
- Nightstand w/ USB: color: Black or Chrome; dimensions: 23 1 or 4"" W x 15 3 or 8""D x 26 3 or 8"" H; feature: Contemporary</p>

<p>Materials: Metal, Solid Wood, Wood Veneer.<br>
Color: Black or Chrome<br>
Weight: 472.77 lbs</p>",GOODDEGG,Furniture > Furniture Sets > Bedroom Furniture Sets,Bedroom Set,"Furniture of America, Quick Ship Furniture, New Arrival, Indoor Furniture, 2026",TRUE,Size,Queen,,,,,,,,FOA7039Q-4PC,214445,shopify,20,deny,manual,2577,,TRUE,FALSE,,,,,,https://cdn.shopify.com/s/files/1/0268/6749/9079/files/FOA7039-1-Z.jpg,1,carlie-4-pc-bedroom-set,FALSE,CARLIE 4 Pc. Bedroom Set,"Shop CARLIE 4 Pc. Bedroom Set. Contemporary style. Metal, Solid Wood build. Size: Queen. Free shipping. Buy now at GOODDEGG.",FOA7039-1-Z.jpg,lb,,1099,active
carlie-4-pc-bedroom-set,,,,,,,,,,,,,,,,,,,,,,,,,,,,,,,,https://cdn.shopify.com/s/files/1/0268/6749/9079/files/FOA7039-2.jpg,2,carlie-4-pc-bedroom-set,,,,,,,,
carlie-4-pc-bedroom-set,,,,,,,,,,,,,,,,,,,,,,,,,,,,,,,,https://cdn.shopify.com/s/files/1/0268/6749/9079/files/FOA7039-3.jpg,3,carlie-4-pc-bedroom-set,,,,,,,,
carlie-5-pc-bedroom-set-w-2ns,CARLIE 5 Pc. Bedroom Set w/ 2NS,"<p><span style=""color:#1e73be;""><strong>FREE SHIPPING</strong></span><br>
CARLIE 5 Pc. Bedroom Set w/ 2NS completes the bedroom with a relaxed, pulled-together look. As a bedroom bedroom set, it is designed to coordinate with matching pieces. The Contemporary character adds definition without feeling heavy. Crafted with Metal, Solid Wood, Wood Veneer, then finished in Black or Chrome tones to suit a range of interiors.<br>
Product Dimensions: BED: 91 5/8""L X 63 3/8""W X 48 1/4""H<br>
Size: Queen</p>

<p>Features<br>
- Black or Chrome<br>
- Shelf in Headboard<br>
- Built-in LED Lighting<br>
- Chrome Accents<br>
- High Gloss Lacquer Coating<br>
- Felt-lined Top Drawers<br>
- USB Charger in Night Stand<br>
- Foundation Required Included items and dimensions:<br>
- Dresser: color: Black or Chrome; dimensions: 63"" W x 17 3 or 4""D x 33 1 or 2"" H; feature: Contemporary<br>
- Nightstand w/ USB: color: Black or Chrome; dimensions: 23 1 or 4"" W x 15 3 or 8""D x 26 3 or 8"" H; feature: Contemporary</p>

<p>Materials: Metal, Solid Wood, Wood Veneer.<br>
Color: Black or Chrome<br>
Weight: 536.24 lbs</p>",GOODDEGG,Furniture > Furniture Sets > Bedroom Furniture Sets,Bedroom Set,"Furniture of America, Quick Ship Furniture, New Arrival, Indoor Furniture, 2026",TRUE,Size,Queen,,,,,,,,FOA7039Q-5PC-2NS,243234,shopify,20,deny,manual,2937,,TRUE,FALSE,,,,,,https://cdn.shopify.com/s/files/1/0268/6749/9079/files/FOA7039-1-Z.jpg,1,carlie-5-pc-bedroom-set-w-2ns,FALSE,CARLIE 5 Pc. Bedroom Set w/ 2NS,"Shop CARLIE 5 Pc. Bedroom Set w/ 2NS. Contemporary style. Metal, Solid Wood build. Size: Queen. Free shipping. Buy now at GOODDEGG.",FOA7039-1-Z.jpg,lb,,1259,active
carlie-5-pc-bedroom-set-w-2ns,,,,,,,,,,,,,,,,,,,,,,,,,,,,,,,,https://cdn.shopify.com/s/files/1/0268/6749/9079/files/FOA7039-2.jpg,2,carlie-5-pc-bedroom-set-w-2ns,,,,,,,,
carlie-5-pc-bedroom-set-w-2ns,,,,,,,,,,,,,,,,,,,,,,,,,,,,,,,,https://cdn.shopify.com/s/files/1/0268/6749/9079/files/FOA7039-3.jpg,3,carlie-5-pc-bedroom-set-w-2ns,,,,,,,,
carlie-5-pc-bedroom-set-w-chest,CARLIE 5 Pc. Bedroom Set w/ Chest,"<p><span style=""color:#1e73be;""><strong>FREE SHIPPING</strong></span><br>
CARLIE 5 Pc. Bedroom Set w/ Chest brings a restful, finished feel to the bedroom. This bedroom bedroom set is made to fit naturally into the room. A Contemporary profile gives the space a refined, approachable look. With Metal, Solid Wood, Wood Veneer, construction and Black or Chrome tones, it blends durability with visual warmth.<br>
Product Dimensions: BED: 91 5/8""L X 63 3/8""W X 48 1/4""H<br>
Size: Queen</p>

<p>Features<br>
- Black or Chrome<br>
- Shelf in Headboard<br>
- Built-in LED Lighting<br>
- Chrome Accents<br>
- High Gloss Lacquer Coating<br>
- Felt-lined Top Drawers<br>
- USB Charger in Night Stand<br>
- Foundation Required Included items and dimensions:<br>
- Dresser: color: Black or Chrome; dimensions: 63"" W x 17 3 or 4""D x 33 1 or 2"" H; feature: Contemporary<br>
- Nightstand w/ USB: color: Black or Chrome; dimensions: 23 1 or 4"" W x 15 3 or 8""D x 26 3 or 8"" H; feature: Contemporary<br>
- Chest: color: Black or Chrome; dimensions: 35"" L x 17 3 or 4"" W x 50 3 or 4"" H; feature: Contemporary</p>

<p>Materials: Metal, Solid Wood, Wood Veneer.<br>
Color: Black or Chrome<br>
Weight: 659.22 lbs</p>",GOODDEGG,Furniture > Furniture Sets > Bedroom Furniture Sets,Bedroom Set,"Furniture of America, Quick Ship Furniture, New Arrival, Indoor Furniture, 2026",TRUE,Size,Queen,,,,,,,,FOA7039Q-5PC-CHEST,299017,shopify,20,deny,manual,3474,,TRUE,FALSE,,,,,,https://cdn.shopify.com/s/files/1/0268/6749/9079/files/FOA7039-1-Z.jpg,1,carlie-5-pc-bedroom-set-w-chest,FALSE,CARLIE 5 Pc. Bedroom Set w/ Chest,"Shop CARLIE 5 Pc. Bedroom Set w/ Chest. Contemporary style. Metal, Solid Wood build. Size: Queen. Free shipping. Buy now at GOODDEGG.",FOA7039-1-Z.jpg,lb,,1488,active
carlie-5-pc-bedroom-set-w-chest,,,,,,,,,,,,,,,,,,,,,,,,,,,,,,,,https://cdn.shopify.com/s/files/1/0268/6749/9079/files/FOA7039-2.jpg,2,carlie-5-pc-bedroom-set-w-chest,,,,,,,,
carlie-5-pc-bedroom-set-w-chest,,,,,,,,,,,,,,,,,,,,,,,,,,,,,,,,https://cdn.shopify.com/s/files/1/0268/6749/9079/files/FOA7039-3.jpg,3,carlie-5-pc-bedroom-set-w-chest,,,,,,,,
carlsbad-4-pc-bedroom-set,CARLSBAD 4 Pc. Bedroom Set,"<p><span style=""color:#1e73be;""><strong>FREE SHIPPING</strong></span><br>
CARLSBAD 4 Pc. Bedroom Set completes the bedroom with a relaxed, pulled-together look. As a bedroom bedroom set, it is designed to coordinate with matching pieces. The Cottage character adds definition without feeling heavy. Built from Solid Wood, Wood Veneer, Engineered Wood and finished in Weathered Elm tones for a clean, cohesive look.<br>
Product Dimensions: 88""L X 65 3/4""W X 63 3/4""H<br>
Size: Queen</p>

<p>Features<br>
- Cottage<br>
- Plank Design<br>
- Felt-Lined Top Drawers<br>
- Ball Bearing Metal Glide<br>
- USB Charger or Power Outlet In Night Stand Top Drawer<br>
- Foundation Required Included items and dimensions:<br>
- Nightstand w/ USB: color: Weathered Elm; dimensions: 29 1 or 4"" W x 17""D x 28 1 or 8"" H; feature: Cottage<br>
- Dresser: color: Weathered Elm; dimensions: 64"" W x 17""D x 38"" H; feature: Cottage</p>

<p>Materials: Solid Wood, Wood Veneer, Engineered Wood.<br>
Color: Weathered Elm<br>
Weight: 453.2 lbs</p>",GOODDEGG,Furniture > Furniture Sets > Bedroom Furniture Sets,Bedroom Set,"Furniture of America, Quick Ship Furniture, New Arrival, Indoor Furniture, 2026",TRUE,Size,Queen,,,,,,,,CM7449Q-4PC,205568,shopify,20,deny,manual,2577,,TRUE,FALSE,,,,,,https://cdn.shopify.com/s/files/1/0268/6749/9079/files/CM7449.jpg,1,carlsbad-4-pc-bedroom-set,FALSE,CARLSBAD 4 Pc. Bedroom Set,"Shop CARLSBAD 4 Pc. Bedroom Set. Cottage style. Solid Wood, Wood Veneer build. Size: Queen. Free shipping. Buy now at GOODDEGG.",CM7449.jpg,lb,,1059,active
carlsbad-4-pc-bedroom-set,,,,,,,,,,,,,,,,,,,,,,,,,,,,,,,,https://cdn.shopify.com/s/files/1/0268/6749/9079/files/CM7449-Z.jpg,2,carlsbad-4-pc-bedroom-set,,,,,,,,
carlsbad-5-pc-bedroom-set-w-2ns,CARLSBAD 5 Pc. Bedroom Set w/ 2NS,"<p><span style=""color:#1e73be;""><strong>FREE SHIPPING</strong></span><br>
CARLSBAD 5 Pc. Bedroom Set w/ 2NS brings a restful, finished feel to the bedroom. This bedroom bedroom set is made to fit naturally into the room. A Cottage profile gives the space a refined, approachable look. Crafted with Solid Wood, Wood Veneer, Engineered Wood, then finished in Weathered Elm tones to suit a range of interiors.<br>
Product Dimensions: 88""L X 65 3/4""W X 63 3/4""H<br>
Size: Queen</p>

<p>Features<br>
- Cottage<br>
- Plank Design<br>
- Felt-Lined Top Drawers<br>
- Ball Bearing Metal Glide<br>
- USB Charger or Power Outlet In Night Stand Top Drawer<br>
- Foundation Required Included items and dimensions:<br>
- Nightstand w/ USB: color: Weathered Elm; dimensions: 29 1 or 4"" W x 17""D x 28 1 or 8"" H; feature: Cottage<br>
- Dresser: color: Weathered Elm; dimensions: 64"" W x 17""D x 38"" H; feature: Cottage</p>

<p>Materials: Solid Wood, Wood Veneer, Engineered Wood.<br>
Color: Weathered Elm<br>
Weight: 514.8 lbs</p>",GOODDEGG,Furniture > Furniture Sets > Bedroom Furniture Sets,Bedroom Set,"Furniture of America, Quick Ship Furniture, New Arrival, Indoor Furniture, 2026",TRUE,Size,Queen,,,,,,,,CM7449Q-5PC-2NS,233509,shopify,20,deny,manual,3027,,TRUE,FALSE,,,,,,https://cdn.shopify.com/s/files/1/0268/6749/9079/files/CM7449.jpg,1,carlsbad-5-pc-bedroom-set-w-2ns,FALSE,CARLSBAD 5 Pc. Bedroom Set w/ 2NS,"Shop CARLSBAD 5 Pc. Bedroom Set w/ 2NS. Cottage style. Solid Wood, Wood Veneer build. Size: Queen. Free shipping. Buy now at GOODDEGG.",CM7449.jpg,lb,,1239,active
carlsbad-5-pc-bedroom-set-w-2ns,,,,,,,,,,,,,,,,,,,,,,,,,,,,,,,,https://cdn.shopify.com/s/files/1/0268/6749/9079/files/CM7449-Z.jpg,2,carlsbad-5-pc-bedroom-set-w-2ns,,,,,,,,
carlsbad-5-pc-bedroom-set-w-chest,CARLSBAD 5 Pc. Bedroom Set w/ Chest,"<p><span style=""color:#1e73be;""><strong>FREE SHIPPING</strong></span><br>
Create a calm, coordinated retreat with CARLSBAD 5 Pc. Bedroom Set w/ Chest. Designed as a bedroom bedroom set, it pairs easily with surrounding decor. Its Cottage styling keeps the room feeling polished yet comfortable. With Solid Wood, Wood Veneer, Engineered Wood construction and Weathered Elm tones, it blends durability with visual warmth.<br>
Product Dimensions: 88""L X 65 3/4""W X 63 3/4""H<br>
Size: Queen</p>

<p>Features<br>
- Cottage<br>
- Plank Design<br>
- Felt-Lined Top Drawers<br>
- Ball Bearing Metal Glide<br>
- USB Charger or Power Outlet In Night Stand Top Drawer<br>
- Foundation Required Included items and dimensions:<br>
- Nightstand w/ USB: color: Weathered Elm; dimensions: 29 1 or 4"" W x 17""D x 28 1 or 8"" H; feature: Cottage<br>
- Dresser: color: Weathered Elm; dimensions: 64"" W x 17""D x 38"" H; feature: Cottage<br>
- Chest: color: Weathered Elm; dimensions: 38"" W x 17""D x 51 7 or 8"" H; feature: Cottage</p>

<p>Materials: Solid Wood, Wood Veneer, Engineered Wood.<br>
Color: Weathered Elm<br>
Weight: 627 lbs</p>",GOODDEGG,Furniture > Furniture Sets > Bedroom Furniture Sets,Bedroom Set,"Furniture of America, Quick Ship Furniture, New Arrival, Indoor Furniture, 2026",TRUE,Size,Queen,,,,,,,,CM7449Q-5PC-CHEST,284402,shopify,20,deny,manual,3354,,TRUE,FALSE,,,,,,https://cdn.shopify.com/s/files/1/0268/6749/9079/files/CM7449.jpg,1,carlsbad-5-pc-bedroom-set-w-chest,FALSE,CARLSBAD 5 Pc. Bedroom Set w/ Chest,"Shop CARLSBAD 5 Pc. Bedroom Set w/ Chest. Cottage style. Solid Wood, Wood Veneer build. Size: Queen. Free shipping. Buy now at GOODDEGG.",CM7449.jpg,lb,,1378,active
carlsbad-5-pc-bedroom-set-w-chest,,,,,,,,,,,,,,,,,,,,,,,,,,,,,,,,https://cdn.shopify.com/s/files/1/0268/6749/9079/files/CM7449-Z.jpg,2,carlsbad-5-pc-bedroom-set-w-chest,,,,,,,,
cassiopeia-4-pc-bedroom-set,CASSIOPEIA 4 Pc. Bedroom Set,"<p><span style=""color:#1e73be;""><strong>FREE SHIPPING</strong></span><br>
Elevate your space with CASSIOPEIA, styled in Glam and designed for everyday comfort.<br>
This bedroom bedroom set is made to fit naturally into the room. With Engineered Wood, Solid Teak, Rubberwood, Laminate and Metallic Gray tones, it blends structure and softness in one clean profile.<br>
Product Dimensions: Varies by variant (see Variant Details below).<br>
Size: Queen</p>

<p>Features<br>
- Engineered Wood<br>
- Solid Teak<br>
- Rubberwood<br>
- Laminate<br>
- 7-Ray Headboard<br>
- Backlit LED on Headboard and Mirror<br>
- Felt-Lined Top Drawer<br>
- Metal Side Glide<br>
- Metal Handles<br>
- Metallic Scale Molding Trim<br>
- Mattress Ready<br>
<strong>Variant Details</strong><br>
- <strong>Size: Queen | Color: Metallic Gray | Dimensions: 63&quot;W X 85.5&quot;D X 64&quot;H | Weight: 567.77 lbs | Volume: 62.9 cuft</strong><br>
- <strong>Size: Queen | Color: Metallic Gray | Dimensions: 64&quot;W X 85.5&quot;D X 59&quot;H | Weight: 544.25 lbs | Volume: 63.4 cuft</strong><br>
</p>

<p>Materials: Engineered Wood, Solid Teak, Rubberwood, Laminate.<br>
Color: Metallic Gray<br>
Weight: 544.25 - 567.77 lbs</p>",GOODDEGG,Furniture > Furniture Sets > Bedroom Furniture Sets,Bedroom Set,"Furniture of America, Quick Ship Furniture, New Arrival, Indoor Furniture, 2026",TRUE,Size,Queen,,,,,,,,FM7253GY-Q-4PC,257536,shopify,20,deny,manual,3507,,TRUE,FALSE,,,,,,https://cdn.shopify.com/s/files/1/0268/6749/9079/files/FM7253GY-1-Z.jpg,1,cassiopeia-4-pc-bedroom-set,FALSE,CASSIOPEIA 4 Pc. Bedroom Set,"Shop CASSIOPEIA 4 Pc. Bedroom Set. Glam style. Engineered Wood, Solid Teak build. Size: Queen. Free shipping. Buy now at GOODDEGG.",FM7253GY-1-Z.jpg,lb,,1369,active
cassiopeia-4-pc-bedroom-set,,,,,,,,,Queen,,,,,,,,FM7254GY-Q-4PC,246868,shopify,20,deny,manual,3177,,TRUE,FALSE,,,,,,https://cdn.shopify.com/s/files/1/0268/6749/9079/files/FM7253GY-2.jpg,2,cassiopeia-4-pc-bedroom-set,,,,FM7254GY-1-Z.jpg,lb,,1269,
cassiopeia-4-pc-bedroom-set,,,,,,,,,,,,,,,,,,,,,,,,,,,,,,,,https://cdn.shopify.com/s/files/1/0268/6749/9079/files/FM7253GY-4.jpg,3,cassiopeia-4-pc-bedroom-set,,,,,,,,
cassiopeia-4-pc-bedroom-set,,,,,,,,,,,,,,,,,,,,,,,,,,,,,,,,https://cdn.shopify.com/s/files/1/0268/6749/9079/files/FM7253GY-D-2.jpg,4,cassiopeia-4-pc-bedroom-set,,,,,,,,
cassiopeia-4-pc-bedroom-set,,,,,,,,,,,,,,,,,,,,,,,,,,,,,,,,https://cdn.shopify.com/s/files/1/0268/6749/9079/files/FM7253GY-D-3.jpg,5,cassiopeia-4-pc-bedroom-set,,,,,,,,
cassiopeia-4-pc-bedroom-set,,,,,,,,,,,,,,,,,,,,,,,,,,,,,,,,FM7253GY-M-2.jpg,6,cassiopeia-4-pc-bedroom-set,,,,,,,,
cassiopeia-4-pc-bedroom-set,,,,,,,,,,,,,,,,,,,,,,,,,,,,,,,,https://cdn.shopify.com/s/files/1/0268/6749/9079/files/FM7253GY-N-2.jpg,7,cassiopeia-4-pc-bedroom-set,,,,,,,,
cassiopeia-4-pc-bedroom-set,,,,,,,,,,,,,,,,,,,,,,,,,,,,,,,,https://cdn.shopify.com/s/files/1/0268/6749/9079/files/FM7254GY-1-Z.jpg,8,cassiopeia-4-pc-bedroom-set,,,,,,,,
cassiopeia-4-pc-bedroom-set,,,,,,,,,,,,,,,,,,,,,,,,,,,,,,,,https://cdn.shopify.com/s/files/1/0268/6749/9079/files/FM7254GY-2.jpg,9,cassiopeia-4-pc-bedroom-set,,,,,,,,
cassiopeia-4-pc-bedroom-set,,,,,,,,,,,,,,,,,,,,,,,,,,,,,,,,https://cdn.shopify.com/s/files/1/0268/6749/9079/files/FM7254GY-3.jpg,10,cassiopeia-4-pc-bedroom-set,,,,,,,,
cassiopeia-4-pc-bedroom-set,,,,,,,,,,,,,,,,,,,,,,,,,,,,,,,,FM7254GY-M-2.jpg,11,cassiopeia-4-pc-bedroom-set,,,,,,,,
cassiopeia-4-pc-bedroom-set,,,,,,,,,,,,,,,,,,,,,,,,,,,,,,,,FM7254GY-D-1.jpg,12,cassiopeia-4-pc-bedroom-set,,,,,,,,
cassiopeia-4-pc-bedroom-set,,,,,,,,,,,,,,,,,,,,,,,,,,,,,,,,FM7254GY-D-2.jpg,13,cassiopeia-4-pc-bedroom-set,,,,,,,,
cassiopeia-5-pc-bedroom-set-w-2ns,CASSIOPEIA 5 Pc. Bedroom Set w/2NS,"<p><span style=""color:#1e73be;""><strong>FREE SHIPPING</strong></span><br>
Elevate your space with CASSIOPEIA, styled in Glam and designed for everyday comfort.<br>
This bedroom bedroom set is made to fit naturally into the room. With Engineered Wood, Solid Teak, Rubberwood, Laminate and Metallic Gray tones, it blends structure and softness in one clean profile.<br>
Product Dimensions: Varies by variant (see Variant Details below).<br>
Size: Queen</p>

<p>Features<br>
- Engineered Wood<br>
- Solid Teak<br>
- Rubberwood<br>
- Laminate<br>
- 7-Ray Headboard<br>
- Backlit LED on Headboard and Mirror<br>
- Felt-Lined Top Drawer<br>
- Metal Side Glide<br>
- Metal Handles<br>
- Metallic Scale Molding Trim<br>
- Mattress Ready<br>
<strong>Variant Details</strong><br>
- <strong>Size: Queen | Color: Metallic Gray | Dimensions: 63&quot;W X 85.5&quot;D X 64&quot;H | Weight: 635.97 lbs | Volume: 71.8 cuft</strong><br>
- <strong>Size: Queen | Color: Metallic Gray | Dimensions: 64&quot;W X 85.5&quot;D X 59&quot;H | Weight: 612.45 lbs | Volume: 72.3 cuft</strong><br>
</p>

<p>Materials: Engineered Wood, Solid Teak, Rubberwood, Laminate.<br>
Color: Metallic Gray<br>
Weight: 612.45 - 635.97 lbs</p>",GOODDEGG,Furniture > Furniture Sets > Bedroom Furniture Sets,Bedroom Set,"Furniture of America, Quick Ship Furniture, New Arrival, Indoor Furniture, 2026",TRUE,Size,Queen,,,,,,,,FM7253GY-Q-5PC-2NS,288471,shopify,20,deny,manual,3957,,TRUE,FALSE,,,,,,https://cdn.shopify.com/s/files/1/0268/6749/9079/files/FM7253GY-1-Z.jpg,1,cassiopeia-5-pc-bedroom-set-w-2ns,FALSE,CASSIOPEIA 5 Pc. Bedroom Set w/2NS,"Shop CASSIOPEIA 5 Pc. Bedroom Set w/2NS. Glam style. Engineered Wood, Solid Teak build. Size: Queen. Free shipping. Buy now at GOODDEGG.",FM7253GY-1-Z.jpg,lb,,1549,active
cassiopeia-5-pc-bedroom-set-w-2ns,,,,,,,,,Queen,,,,,,,,FM7254GY-Q-5PC-2NS,277803,shopify,20,deny,manual,3627,,TRUE,FALSE,,,,,,https://cdn.shopify.com/s/files/1/0268/6749/9079/files/FM7253GY-2.jpg,2,cassiopeia-5-pc-bedroom-set-w-2ns,,,,FM7254GY-1-Z.jpg,lb,,1449,
cassiopeia-5-pc-bedroom-set-w-2ns,,,,,,,,,,,,,,,,,,,,,,,,,,,,,,,,https://cdn.shopify.com/s/files/1/0268/6749/9079/files/FM7253GY-4.jpg,3,cassiopeia-5-pc-bedroom-set-w-2ns,,,,,,,,
cassiopeia-5-pc-bedroom-set-w-2ns,,,,,,,,,,,,,,,,,,,,,,,,,,,,,,,,https://cdn.shopify.com/s/files/1/0268/6749/9079/files/FM7253GY-D-2.jpg,4,cassiopeia-5-pc-bedroom-set-w-2ns,,,,,,,,
cassiopeia-5-pc-bedroom-set-w-2ns,,,,,,,,,,,,,,,,,,,,,,,,,,,,,,,,https://cdn.shopify.com/s/files/1/0268/6749/9079/files/FM7253GY-D-3.jpg,5,cassiopeia-5-pc-bedroom-set-w-2ns,,,,,,,,
cassiopeia-5-pc-bedroom-set-w-2ns,,,,,,,,,,,,,,,,,,,,,,,,,,,,,,,,FM7253GY-M-2.jpg,6,cassiopeia-5-pc-bedroom-set-w-2ns,,,,,,,,
cassiopeia-5-pc-bedroom-set-w-2ns,,,,,,,,,,,,,,,,,,,,,,,,,,,,,,,,https://cdn.shopify.com/s/files/1/0268/6749/9079/files/FM7253GY-N-2.jpg,7,cassiopeia-5-pc-bedroom-set-w-2ns,,,,,,,,
cassiopeia-5-pc-bedroom-set-w-2ns,,,,,,,,,,,,,,,,,,,,,,,,,,,,,,,,https://cdn.shopify.com/s/files/1/0268/6749/9079/files/FM7254GY-1-Z.jpg,8,cassiopeia-5-pc-bedroom-set-w-2ns,,,,,,,,
cassiopeia-5-pc-bedroom-set-w-2ns,,,,,,,,,,,,,,,,,,,,,,,,,,,,,,,,https://cdn.shopify.com/s/files/1/0268/6749/9079/files/FM7254GY-2.jpg,9,cassiopeia-5-pc-bedroom-set-w-2ns,,,,,,,,
cassiopeia-5-pc-bedroom-set-w-2ns,,,,,,,,,,,,,,,,,,,,,,,,,,,,,,,,https://cdn.shopify.com/s/files/1/0268/6749/9079/files/FM7254GY-3.jpg,10,cassiopeia-5-pc-bedroom-set-w-2ns,,,,,,,,
cassiopeia-5-pc-bedroom-set-w-2ns,,,,,,,,,,,,,,,,,,,,,,,,,,,,,,,,FM7254GY-M-2.jpg,11,cassiopeia-5-pc-bedroom-set-w-2ns,,,,,,,,
cassiopeia-5-pc-bedroom-set-w-2ns,,,,,,,,,,,,,,,,,,,,,,,,,,,,,,,,FM7254GY-D-1.jpg,12,cassiopeia-5-pc-bedroom-set-w-2ns,,,,,,,,
cassiopeia-5-pc-bedroom-set-w-2ns,,,,,,,,,,,,,,,,,,,,,,,,,,,,,,,,FM7254GY-D-2.jpg,13,cassiopeia-5-pc-bedroom-set-w-2ns,,,,,,,,
cassiopeia-5-pc-bedroom-set-w-chest,CASSIOPEIA 5 Pc. Bedroom Set w/Chest,"<p><span style=""color:#1e73be;""><strong>FREE SHIPPING</strong></span><br>
Elevate your space with CASSIOPEIA, styled in Glam and designed for everyday comfort.<br>
This bedroom bedroom set is made to fit naturally into the room. With Engineered Wood, Solid Teak, Rubberwood, Laminate and Metallic Gray tones, it blends structure and softness in one clean profile.<br>
Product Dimensions: Varies by variant (see Variant Details below).<br>
Size: Queen</p>

<p>Features<br>
- Engineered Wood<br>
- Solid Teak<br>
- Rubberwood<br>
- Laminate<br>
- 7-Ray Headboard<br>
- Backlit LED on Headboard and Mirror<br>
- Felt-Lined Top Drawer<br>
- Metal Side Glide<br>
- Metal Handles<br>
- Metallic Scale Molding Trim<br>
- Mattress Ready<br>
<strong>Variant Details</strong><br>
- <strong>Size: Queen | Color: Metallic Gray | Dimensions: 63&quot;W X 85.5&quot;D X 64&quot;H | Weight: 765.57 lbs | Volume: 87.8 cuft</strong><br>
- <strong>Size: Queen | Color: Metallic Gray | Dimensions: 64&quot;W X 85.5&quot;D X 59&quot;H | Weight: 742.05 lbs | Volume: 88.3 cuft</strong><br>
</p>

<p>Materials: Engineered Wood, Solid Teak, Rubberwood, Laminate.<br>
Color: Metallic Gray<br>
Weight: 742.05 - 765.57 lbs</p>",GOODDEGG,Furniture > Furniture Sets > Bedroom Furniture Sets,Bedroom Set,"Furniture of America, Quick Ship Furniture, New Arrival, Indoor Furniture, 2026",TRUE,Size,Queen,,,,,,,,FM7253GY-Q-5PC-CHEST,347257,shopify,20,deny,manual,4584,,TRUE,FALSE,,,,,,https://cdn.shopify.com/s/files/1/0268/6749/9079/files/FM7253GY-1-Z.jpg,1,cassiopeia-5-pc-bedroom-set-w-chest,FALSE,CASSIOPEIA 5 Pc. Bedroom Set w/Chest,"Shop CASSIOPEIA 5 Pc. Bedroom Set w/Chest. Glam style. Engineered Wood, Solid Teak build. Size: Queen. Free shipping. Buy now at GOODDEGG.",FM7253GY-1-Z.jpg,lb,,1818,active
cassiopeia-5-pc-bedroom-set-w-chest,,,,,,,,,Queen,,,,,,,,FM7254GY-Q-5PC-CHEST,336588,shopify,20,deny,manual,4614,,TRUE,FALSE,,,,,,https://cdn.shopify.com/s/files/1/0268/6749/9079/files/FM7253GY-2.jpg,2,cassiopeia-5-pc-bedroom-set-w-chest,,,,FM7254GY-1-Z.jpg,lb,,1858,
cassiopeia-5-pc-bedroom-set-w-chest,,,,,,,,,,,,,,,,,,,,,,,,,,,,,,,,https://cdn.shopify.com/s/files/1/0268/6749/9079/files/FM7253GY-4.jpg,3,cassiopeia-5-pc-bedroom-set-w-chest,,,,,,,,
cassiopeia-5-pc-bedroom-set-w-chest,,,,,,,,,,,,,,,,,,,,,,,,,,,,,,,,https://cdn.shopify.com/s/files/1/0268/6749/9079/files/FM7253GY-D-2.jpg,4,cassiopeia-5-pc-bedroom-set-w-chest,,,,,,,,
cassiopeia-5-pc-bedroom-set-w-chest,,,,,,,,,,,,,,,,,,,,,,,,,,,,,,,,https://cdn.shopify.com/s/files/1/0268/6749/9079/files/FM7253GY-D-3.jpg,5,cassiopeia-5-pc-bedroom-set-w-chest,,,,,,,,
cassiopeia-5-pc-bedroom-set-w-chest,,,,,,,,,,,,,,,,,,,,,,,,,,,,,,,,FM7253GY-M-2.jpg,6,cassiopeia-5-pc-bedroom-set-w-chest,,,,,,,,
cassiopeia-5-pc-bedroom-set-w-chest,,,,,,,,,,,,,,,,,,,,,,,,,,,,,,,,https://cdn.shopify.com/s/files/1/0268/6749/9079/files/FM7253GY-N-2.jpg,7,cassiopeia-5-pc-bedroom-set-w-chest,,,,,,,,
cassiopeia-5-pc-bedroom-set-w-chest,,,,,,,,,,,,,,,,,,,,,,,,,,,,,,,,https://cdn.shopify.com/s/files/1/0268/6749/9079/files/FM7254GY-1-Z.jpg,8,cassiopeia-5-pc-bedroom-set-w-chest,,,,,,,,
cassiopeia-5-pc-bedroom-set-w-chest,,,,,,,,,,,,,,,,,,,,,,,,,,,,,,,,https://cdn.shopify.com/s/files/1/0268/6749/9079/files/FM7254GY-2.jpg,9,cassiopeia-5-pc-bedroom-set-w-chest,,,,,,,,
cassiopeia-5-pc-bedroom-set-w-chest,,,,,,,,,,,,,,,,,,,,,,,,,,,,,,,,https://cdn.shopify.com/s/files/1/0268/6749/9079/files/FM7254GY-3.jpg,10,cassiopeia-5-pc-bedroom-set-w-chest,,,,,,,,
cassiopeia-5-pc-bedroom-set-w-chest,,,,,,,,,,,,,,,,,,,,,,,,,,,,,,,,FM7254GY-M-2.jpg,11,cassiopeia-5-pc-bedroom-set-w-chest,,,,,,,,
cassiopeia-5-pc-bedroom-set-w-chest,,,,,,,,,,,,,,,,,,,,,,,,,,,,,,,,FM7254GY-D-1.jpg,12,cassiopeia-5-pc-bedroom-set-w-chest,,,,,,,,
cassiopeia-5-pc-bedroom-set-w-chest,,,,,,,,,,,,,,,,,,,,,,,,,,,,,,,,FM7254GY-D-2.jpg,13,cassiopeia-5-pc-bedroom-set-w-chest,,,,,,,,
castile-4-pc-bedroom-set,CASTILE 4 Pc. Bedroom Set,"<p><span style=""color:#1e73be;""><strong>FREE SHIPPING</strong></span><br>
Create a calm, coordinated retreat with CASTILE 4 Pc. Bedroom Set. Designed as a bedroom bedroom set, it pairs easily with surrounding decor. Its Transitional styling keeps the room feeling polished yet comfortable. With Solid Wood, construction and White tones, it blends durability with visual warmth.<br>
Product Dimensions: 87 3/4""L X 67""W X 58""H<br>
Size: Queen</p>

<p>Features<br>
- Crown Molding Details<br>
- Cup Pulls and Round Knobs<br>
- Side Rail Drawers<br>
- Felt-lined Top Drawer and Cedarlined Bottom Drawer<br>
- Full-extension Ball Bearing Glides<br>
- USB Port on Night Stand<br>
- Mattress Ready Included items and dimensions:<br>
- Nightstand w/ USB: color: White; dimensions: 26"" W x 16""D x 28"" H; feature: Transitional<br>
- Dresser: color: White; dimensions: 56"" W x 18""D x 36"" H; feature: Transitional</p>

<p>Materials: Solid Wood.<br>
Color: White<br>
Weight: 579.79 lbs</p>",GOODDEGG,Furniture > Furniture Sets > Bedroom Furniture Sets,Bedroom Set,"Furniture of America, Quick Ship Furniture, New Arrival, Indoor Furniture, 2026",TRUE,Size,Queen,,,,,,,,CM7413WH-Q-4PC,262988,shopify,20,deny,manual,3057,,TRUE,FALSE,,,,,,https://cdn.shopify.com/s/files/1/0268/6749/9079/files/CM7413WH-1-Z.jpg,1,castile-4-pc-bedroom-set,FALSE,CASTILE 4 Pc. Bedroom Set,"Shop CASTILE 4 Pc. Bedroom Set. Transitional style. Solid Wood, Others build. Size: Queen. Free shipping. Buy now at GOODDEGG.",CM7413WH-1-Z.jpg,lb,,1299,active
castile-4-pc-bedroom-set,,,,,,,,,,,,,,,,,,,,,,,,,,,,,,,,https://cdn.shopify.com/s/files/1/0268/6749/9079/files/CM7413WH-2.jpg,2,castile-4-pc-bedroom-set,,,,,,,,
castile-5-pc-bedroom-set-w-2ns,CASTILE 5 Pc. Bedroom Set w/ 2NS,"<p><span style=""color:#1e73be;""><strong>FREE SHIPPING</strong></span><br>
CASTILE 5 Pc. Bedroom Set w/ 2NS brings a restful, finished feel to the bedroom. This bedroom bedroom set is made to fit naturally into the room. A Transitional profile gives the space a refined, approachable look. Built from Solid Wood, and finished in White tones for a clean, cohesive look.<br>
Product Dimensions: 87 3/4""L X 67""W X 58""H<br>
Size: Queen</p>

<p>Features<br>
- Crown Molding Details<br>
- Cup Pulls and Round Knobs<br>
- Side Rail Drawers<br>
- Felt-lined Top Drawer and Cedarlined Bottom Drawer<br>
- Full-extension Ball Bearing Glides<br>
- USB Port on Night Stand<br>
- Mattress Ready Included items and dimensions:<br>
- Nightstand w/ USB: color: White; dimensions: 26"" W x 16""D x 28"" H; feature: Transitional<br>
- Dresser: color: White; dimensions: 56"" W x 18""D x 36"" H; feature: Transitional</p>

<p>Materials: Solid Wood.<br>
Color: White<br>
Weight: 640.29 lbs</p>",GOODDEGG,Furniture > Furniture Sets > Bedroom Furniture Sets,Bedroom Set,"Furniture of America, Quick Ship Furniture, New Arrival, Indoor Furniture, 2026",TRUE,Size,Queen,,,,,,,,CM7413WH-Q-5PC-2NS,290431,shopify,20,deny,manual,3537,,TRUE,FALSE,,,,,,https://cdn.shopify.com/s/files/1/0268/6749/9079/files/CM7413WH-1-Z.jpg,1,castile-5-pc-bedroom-set-w-2ns,FALSE,CASTILE 5 Pc. Bedroom Set w/ 2NS,"Shop CASTILE 5 Pc. Bedroom Set w/ 2NS. Transitional style. Solid Wood, Others build. Size: Queen. Free shipping. Buy now at GOODDEGG.",CM7413WH-1-Z.jpg,lb,,1479,active
castile-5-pc-bedroom-set-w-2ns,,,,,,,,,,,,,,,,,,,,,,,,,,,,,,,,https://cdn.shopify.com/s/files/1/0268/6749/9079/files/CM7413WH-2.jpg,2,castile-5-pc-bedroom-set-w-2ns,,,,,,,,
castile-5-pc-bedroom-set-w-chest,CASTILE 5 Pc. Bedroom Set w/ Chest,"<p><span style=""color:#1e73be;""><strong>FREE SHIPPING</strong></span><br>
Create a calm, coordinated retreat with CASTILE 5 Pc. Bedroom Set w/ Chest. Designed as a bedroom bedroom set, it pairs easily with surrounding decor. Its Transitional styling keeps the room feeling polished yet comfortable. Crafted with Solid Wood, then finished in White tones to suit a range of interiors.<br>
Product Dimensions: 87 3/4""L X 67""W X 58""H<br>
Size: Queen</p>

<p>Features<br>
- Crown Molding Details<br>
- Cup Pulls and Round Knobs<br>
- Side Rail Drawers<br>
- Felt-lined Top Drawer and Cedarlined Bottom Drawer<br>
- Full-extension Ball Bearing Glides<br>
- USB Port on Night Stand<br>
- Mattress Ready Included items and dimensions:<br>
- Nightstand w/ USB: color: White; dimensions: 26"" W x 16""D x 28"" H; feature: Transitional<br>
- Dresser: color: White; dimensions: 56"" W x 18""D x 36"" H; feature: Transitional</p>

<p>Materials: Solid Wood.<br>
Color: White<br>
Weight: 750.99 lbs</p>",GOODDEGG,Furniture > Furniture Sets > Bedroom Furniture Sets,Bedroom Set,"Furniture of America, Quick Ship Furniture, New Arrival, Indoor Furniture, 2026",TRUE,Size,Queen,,,,,,,,CM7413WH-Q-5PC-CHEST,340643,shopify,20,deny,manual,3924,,TRUE,FALSE,,,,,,https://cdn.shopify.com/s/files/1/0268/6749/9079/files/CM7413WH-1-Z.jpg,1,castile-5-pc-bedroom-set-w-chest,FALSE,CASTILE 5 Pc. Bedroom Set w/ Chest,"Shop CASTILE 5 Pc. Bedroom Set w/ Chest. Transitional style. Solid Wood, Others build. Size: Queen. Free shipping. Buy now at GOODDEGG.",CM7413WH-1-Z.jpg,lb,,1679,active
castile-5-pc-bedroom-set-w-chest,,,,,,,,,,,,,,,,,,,,,,,,,,,,,,,,https://cdn.shopify.com/s/files/1/0268/6749/9079/files/CM7413WH-2.jpg,2,castile-5-pc-bedroom-set-w-chest,,,,,,,,
castlile-4-pc-bedroom-set,CASTLILE 4 Pc. Bedroom Set,"<p><span style=""color:#1e73be;""><strong>FREE SHIPPING</strong></span><br>
CASTLILE 4 Pc. Bedroom Set brings a restful, finished feel to the bedroom. This bedroom bedroom set is made to fit naturally into the room. A Transitional profile gives the space a refined, approachable look. Finished in Gray tones, the Solid Wood, build keeps the look polished and practical.<br>
Product Dimensions: 88 1/2""L X 67""W X 58""H<br>
Size: Queen</p>

<p>Features<br>
- Crown Molding Detail<br>
- Cup Pulls and Round Knobs<br>
- Underbed Side Drawers<br>
- Felt-lined Drawer and Cedar-Lined Bottom Drawer<br>
- Full-extension Ball Bearing Glides<br>
- USB Port on Night Stand<br>
- Mattress Ready Included items and dimensions:<br>
- Nightstand w/ USB: color: Gray; dimensions: 26"" W x 16""D x 28"" H; feature: Transitional<br>
- Dresser: color: Gray; dimensions: 56"" W x 18""D x 36"" H; feature: Transitional</p>

<p>Materials: Solid Wood.<br>
Color: Gray<br>
Weight: 565.4 lbs</p>",GOODDEGG,Furniture > Furniture Sets > Bedroom Furniture Sets,Bedroom Set,"Furniture of America, Quick Ship Furniture, New Arrival, Indoor Furniture, 2026",TRUE,Size,Queen,,,,,,,,CM7413GY-Q-4PC,256461,shopify,20,deny,manual,3057,,TRUE,FALSE,,,,,,https://cdn.shopify.com/s/files/1/0268/6749/9079/files/CM7413GY-1-Z.jpg,1,castlile-4-pc-bedroom-set,FALSE,CASTLILE 4 Pc. Bedroom Set,"Shop CASTLILE 4 Pc. Bedroom Set. Transitional style. Solid Wood, Others build. Size: Queen. Free shipping. Buy now at GOODDEGG.",CM7413GY-1-Z.jpg,lb,,1299,active
castlile-4-pc-bedroom-set,,,,,,,,,,,,,,,,,,,,,,,,,,,,,,,,https://cdn.shopify.com/s/files/1/0268/6749/9079/files/CM7413GY-2.jpg,2,castlile-4-pc-bedroom-set,,,,,,,,
castlile-4-pc-bedroom-set,,,,,,,,,,,,,,,,,,,,,,,,,,,,,,,,https://cdn.shopify.com/s/files/1/0268/6749/9079/files/CM7413GY-5.jpg,3,castlile-4-pc-bedroom-set,,,,,,,,
castlile-5-pc-bedroom-set-w-2ns,CASTLILE 5 Pc. Bedroom Set w/ 2NS,"<p><span style=""color:#1e73be;""><strong>FREE SHIPPING</strong></span><br>
CASTLILE 5 Pc. Bedroom Set w/ 2NS completes the bedroom with a relaxed, pulled-together look. As a bedroom bedroom set, it is designed to coordinate with matching pieces. The Transitional character adds definition without feeling heavy. Crafted with Solid Wood, then finished in Gray tones to suit a range of interiors.<br>
Product Dimensions: 88 1/2""L X 67""W X 58""H<br>
Size: Queen</p>

<p>Features<br>
- Crown Molding Detail<br>
- Cup Pulls and Round Knobs<br>
- Underbed Side Drawers<br>
- Felt-lined Drawer and Cedar-Lined Bottom Drawer<br>
- Full-extension Ball Bearing Glides<br>
- USB Port on Night Stand<br>
- Mattress Ready Included items and dimensions:<br>
- Nightstand w/ USB: color: Gray; dimensions: 26"" W x 16""D x 28"" H; feature: Transitional<br>
- Dresser: color: Gray; dimensions: 56"" W x 18""D x 36"" H; feature: Transitional</p>

<p>Materials: Solid Wood.<br>
Color: Gray<br>
Weight: 629.2 lbs</p>",GOODDEGG,Furniture > Furniture Sets > Bedroom Furniture Sets,Bedroom Set,"Furniture of America, Quick Ship Furniture, New Arrival, Indoor Furniture, 2026",TRUE,Size,Queen,,,,,,,,CM7413GY-Q-5PC-2NS,285400,shopify,20,deny,manual,3537,,TRUE,FALSE,,,,,,https://cdn.shopify.com/s/files/1/0268/6749/9079/files/CM7413GY-1-Z.jpg,1,castlile-5-pc-bedroom-set-w-2ns,FALSE,CASTLILE 5 Pc. Bedroom Set w/ 2NS,"Shop CASTLILE 5 Pc. Bedroom Set w/ 2NS. Transitional style. Solid Wood, Others build. Size: Queen. Free shipping. Buy now at GOODDEGG.",CM7413GY-1-Z.jpg,lb,,1489,active
castlile-5-pc-bedroom-set-w-2ns,,,,,,,,,,,,,,,,,,,,,,,,,,,,,,,,https://cdn.shopify.com/s/files/1/0268/6749/9079/files/CM7413GY-2.jpg,2,castlile-5-pc-bedroom-set-w-2ns,,,,,,,,
castlile-5-pc-bedroom-set-w-2ns,,,,,,,,,,,,,,,,,,,,,,,,,,,,,,,,https://cdn.shopify.com/s/files/1/0268/6749/9079/files/CM7413GY-5.jpg,3,castlile-5-pc-bedroom-set-w-2ns,,,,,,,,
castlile-5-pc-bedroom-set-w-chest,CASTLILE 5 Pc. Bedroom Set w/ Chest,"<p><span style=""color:#1e73be;""><strong>FREE SHIPPING</strong></span><br>
CASTLILE 5 Pc. Bedroom Set w/ Chest brings a restful, finished feel to the bedroom. This bedroom bedroom set is made to fit naturally into the room. A Transitional profile gives the space a refined, approachable look. With Solid Wood, construction and Gray tones, it blends durability with visual warmth.<br>
Product Dimensions: 88 1/2""L X 67""W X 58""H<br>
Size: Queen</p>

<p>Features<br>
- Crown Molding Detail<br>
- Cup Pulls and Round Knobs<br>
- Underbed Side Drawers<br>
- Felt-lined Drawer and Cedar-Lined Bottom Drawer<br>
- Full-extension Ball Bearing Glides<br>
- USB Port on Night Stand<br>
- Mattress Ready Included items and dimensions:<br>
- Nightstand w/ USB: color: Gray; dimensions: 26"" W x 16""D x 28"" H; feature: Transitional<br>
- Dresser: color: Gray; dimensions: 56"" W x 18""D x 36"" H; feature: Transitional</p>

<p>Materials: Solid Wood.<br>
Color: Gray<br>
Weight: 719.4 lbs</p>",GOODDEGG,Furniture > Furniture Sets > Bedroom Furniture Sets,Bedroom Set,"Furniture of America, Quick Ship Furniture, New Arrival, Indoor Furniture, 2026",TRUE,Size,Queen,,,,,,,,CM7413GY-Q-5PC-CHEST,326314,shopify,20,deny,manual,3924,,TRUE,FALSE,,,,,,https://cdn.shopify.com/s/files/1/0268/6749/9079/files/CM7413GY-1-Z.jpg,1,castlile-5-pc-bedroom-set-w-chest,FALSE,CASTLILE 5 Pc. Bedroom Set w/ Chest,"Shop CASTLILE 5 Pc. Bedroom Set w/ Chest. Transitional style. Solid Wood, Others build. Size: Queen. Free shipping. Buy now at GOODDEGG.",CM7413GY-1-Z.jpg,lb,,1678,active
castlile-5-pc-bedroom-set-w-chest,,,,,,,,,,,,,,,,,,,,,,,,,,,,,,,,https://cdn.shopify.com/s/files/1/0268/6749/9079/files/CM7413GY-2.jpg,2,castlile-5-pc-bedroom-set-w-chest,,,,,,,,
castlile-5-pc-bedroom-set-w-chest,,,,,,,,,,,,,,,,,,,,,,,,,,,,,,,,https://cdn.shopify.com/s/files/1/0268/6749/9079/files/CM7413GY-5.jpg,3,castlile-5-pc-bedroom-set-w-chest,,,,,,,,
chalfont-4-pc-bedroom-set,CHALFONT 4 Pc. Bedroom Set,"<p><span style=""color:#1e73be;""><strong>FREE SHIPPING</strong></span><br>
Create a calm, coordinated retreat with CHALFONT 4 Pc. Bedroom Set. Designed as a bedroom bedroom set, it pairs easily with surrounding decor. Its Contemporary styling keeps the room feeling polished yet comfortable. With Engineered Wood, Rubberwood, Paper, Fabric construction and Dark Brown tones, it blends durability with visual warmth.<br>
Size: Queen</p>

<p>Features<br>
- Channel Padded Headboard<br>
- Textured Drawer Front Panels<br>
- Reading Light<br>
- Warm Light LED<br>
- Center Glide<br>
- English Dovetail Included items and dimensions:<br>
- Queen Bed: color: Dark Brown; dimensions: 118"" W x 86""D x 55.5"" H; feature: Contemporary<br>
- Nightstand: color: Dark Brown; dimensions: 23.5"" W x 15.5""D x 24.5"" H; feature: Contemporary<br>
- Dresser: color: Dark Brown; dimensions: 61"" W x 16""D x 34"" H; feature: Contemporary</p>

<p>Materials: Engineered Wood, Rubberwood, Paper, Fabric.<br>
Color: Dark Brown<br>
Weight: 355.41 lbs</p>",GOODDEGG,Furniture > Furniture Sets > Bedroom Furniture Sets,Bedroom Set,"Furniture of America, Quick Ship Furniture, New Arrival, Indoor Furniture, 2026",TRUE,Size,Queen,,,,,,,,FM7272DB-Q-4PC,161211,shopify,20,deny,manual,1530,,TRUE,FALSE,,,,,,https://cdn.shopify.com/s/files/1/0268/6749/9079/files/FM7272DB-1-Z.jpg,1,chalfont-4-pc-bedroom-set,FALSE,CHALFONT 4 Pc. Bedroom Set,"Shop CHALFONT 4 Pc. Bedroom Set. Contemporary style. Engineered Wood, Rubberwood build. Size: Queen. Free shipping. Buy now at GOODDEGG.",FM7272DB-1-Z.jpg,lb,,659,active
chalfont-4-pc-bedroom-set,,,,,,,,,,,,,,,,,,,,,,,,,,,,,,,,https://cdn.shopify.com/s/files/1/0268/6749/9079/files/FM7272DB-2.jpg,2,chalfont-4-pc-bedroom-set,,,,,,,,
chalfont-4-pc-bedroom-set,,,,,,,,,,,,,,,,,,,,,,,,,,,,,,,,https://cdn.shopify.com/s/files/1/0268/6749/9079/files/FM7272DB-3.jpg,3,chalfont-4-pc-bedroom-set,,,,,,,,
chalfont-4-pc-bedroom-set,,,,,,,,,,,,,,,,,,,,,,,,,,,,,,,,https://cdn.shopify.com/s/files/1/0268/6749/9079/files/FM7272DB-4.jpg,4,chalfont-4-pc-bedroom-set,,,,,,,,
chalfont-4-pc-bedroom-set,,,,,,,,,,,,,,,,,,,,,,,,,,,,,,,,https://cdn.shopify.com/s/files/1/0268/6749/9079/files/FM7272DB-5.jpg,5,chalfont-4-pc-bedroom-set,,,,,,,,
chalfont-4-pc-bedroom-set,,,,,,,,,,,,,,,,,,,,,,,,,,,,,,,,https://cdn.shopify.com/s/files/1/0268/6749/9079/files/FM7272DB-6.jpg,6,chalfont-4-pc-bedroom-set,,,,,,,,
chalfont-4-pc-bedroom-set-and-wp,CHALFONT 4 Pc. Bedroom Set and WP,"<p><span style=""color:#1e73be;""><strong>FREE SHIPPING</strong></span><br>
CHALFONT 4 Pc. Bedroom Set and WP completes the bedroom with a relaxed, pulled-together look. As a bedroom bedroom set, it is designed to coordinate with matching pieces. The Contemporary character adds definition without feeling heavy. Finished in Dark Brown tones, the Engineered Wood, Rubberwood, Paper, Fabric build keeps the look polished and practical.<br>
Product Dimensions: 118""W X 86""D X 55.5""H<br>
Size: Queen</p>

<p>Features<br>
- Channel Padded Headboard<br>
- Textured Drawer Front Panels<br>
- Reading Light<br>
- Warm Light LED<br>
- Center Glide<br>
- English Dovetail Included items and dimensions:<br>
- Queen Bed: color: Dark Brown; dimensions: 118"" W x 86""D x 55.5"" H; feature: Contemporary<br>
- Wall Panel (2 / CTN): color: Dark Brown; feature: Contemporary<br>
- Nightstand: color: Dark Brown; dimensions: 23.5"" W x 15.5""D x 24.5"" H; feature: Contemporary<br>
- Dresser: color: Dark Brown; dimensions: 61"" W x 16""D x 34"" H; feature: Contemporary</p>

<p>Materials: Engineered Wood, Rubberwood, Paper, Fabric.<br>
Color: Dark Brown<br>
Weight: 423.62 lbs</p>",GOODDEGG,Furniture > Furniture Sets > Bedroom Furniture Sets,Bedroom Set,"Furniture of America, Quick Ship Furniture, New Arrival, Indoor Furniture, 2026",TRUE,Size,Queen,,,,,,,,FM7272DB-Q-WP-4PC,192151,shopify,20,deny,manual,1917,,TRUE,FALSE,,,,,,https://cdn.shopify.com/s/files/1/0268/6749/9079/files/FM7272DB-1-Z.jpg,1,chalfont-4-pc-bedroom-set-and-wp,FALSE,CHALFONT 4 Pc. Bedroom Set and WP,"Shop CHALFONT 4 Pc. Bedroom Set and WP. Contemporary style. Engineered Wood, Rubberwood build. Size: Queen. Free shipping. Buy now at GOODDEGG.",FM7272DB-1-Z.jpg,lb,,799,active
chalfont-4-pc-bedroom-set-and-wp,,,,,,,,,,,,,,,,,,,,,,,,,,,,,,,,https://cdn.shopify.com/s/files/1/0268/6749/9079/files/FM7272DB-2.jpg,2,chalfont-4-pc-bedroom-set-and-wp,,,,,,,,
chalfont-4-pc-bedroom-set-and-wp,,,,,,,,,,,,,,,,,,,,,,,,,,,,,,,,https://cdn.shopify.com/s/files/1/0268/6749/9079/files/FM7272DB-3.jpg,3,chalfont-4-pc-bedroom-set-and-wp,,,,,,,,
chalfont-4-pc-bedroom-set-and-wp,,,,,,,,,,,,,,,,,,,,,,,,,,,,,,,,https://cdn.shopify.com/s/files/1/0268/6749/9079/files/FM7272DB-4.jpg,4,chalfont-4-pc-bedroom-set-and-wp,,,,,,,,
chalfont-4-pc-bedroom-set-and-wp,,,,,,,,,,,,,,,,,,,,,,,,,,,,,,,,https://cdn.shopify.com/s/files/1/0268/6749/9079/files/FM7272DB-5.jpg,5,chalfont-4-pc-bedroom-set-and-wp,,,,,,,,
chalfont-4-pc-bedroom-set-and-wp,,,,,,,,,,,,,,,,,,,,,,,,,,,,,,,,https://cdn.shopify.com/s/files/1/0268/6749/9079/files/FM7272DB-6.jpg,6,chalfont-4-pc-bedroom-set-and-wp,,,,,,,,
chalfont-5-pc-bedroom-set-w-2ns,CHALFONT 5 Pc. Bedroom Set w/ 2NS,"<p><span style=""color:#1e73be;""><strong>FREE SHIPPING</strong></span><br>
CHALFONT 5 Pc. Bedroom Set w/ 2NS brings a restful, finished feel to the bedroom. This bedroom bedroom set is made to fit naturally into the room. A Contemporary profile gives the space a refined, approachable look. Built from Engineered Wood, Rubberwood, Paper, Fabric and finished in Dark Brown tones for a clean, cohesive look.<br>
Size: Queen</p>

<p>Features<br>
- Channel Padded Headboard<br>
- Textured Drawer Front Panels<br>
- Reading Light<br>
- Warm Light LED<br>
- Center Glide<br>
- English Dovetail Included items and dimensions:<br>
- Queen Bed: color: Dark Brown; dimensions: 118"" W x 86""D x 55.5"" H; feature: Contemporary<br>
- Nightstand: color: Dark Brown; dimensions: 23.5"" W x 15.5""D x 24.5"" H; feature: Contemporary<br>
- Dresser: color: Dark Brown; dimensions: 61"" W x 16""D x 34"" H; feature: Contemporary</p>

<p>Materials: Engineered Wood, Rubberwood, Paper, Fabric.<br>
Color: Dark Brown<br>
Weight: 355.41 lbs</p>",GOODDEGG,Furniture > Furniture Sets > Bedroom Furniture Sets,Bedroom Set,"Furniture of America, Quick Ship Furniture, New Arrival, Indoor Furniture, 2026",TRUE,Size,Queen,,,,,,,,FM7272DB-Q-5PC-2NS,161211,shopify,20,deny,manual,1770,,TRUE,FALSE,,,,,,https://cdn.shopify.com/s/files/1/0268/6749/9079/files/FM7272DB-1-Z.jpg,1,chalfont-5-pc-bedroom-set-w-2ns,FALSE,CHALFONT 5 Pc. Bedroom Set w/ 2NS,"Shop CHALFONT 5 Pc. Bedroom Set w/ 2NS. Contemporary style. Engineered Wood, Rubberwood build. Size: Queen. Free shipping. Buy now at GOODDEGG.",FM7272DB-1-Z.jpg,lb,,779,active
chalfont-5-pc-bedroom-set-w-2ns,,,,,,,,,,,,,,,,,,,,,,,,,,,,,,,,https://cdn.shopify.com/s/files/1/0268/6749/9079/files/FM7272DB-2.jpg,2,chalfont-5-pc-bedroom-set-w-2ns,,,,,,,,
chalfont-5-pc-bedroom-set-w-2ns,,,,,,,,,,,,,,,,,,,,,,,,,,,,,,,,https://cdn.shopify.com/s/files/1/0268/6749/9079/files/FM7272DB-3.jpg,3,chalfont-5-pc-bedroom-set-w-2ns,,,,,,,,
chalfont-5-pc-bedroom-set-w-2ns,,,,,,,,,,,,,,,,,,,,,,,,,,,,,,,,https://cdn.shopify.com/s/files/1/0268/6749/9079/files/FM7272DB-4.jpg,4,chalfont-5-pc-bedroom-set-w-2ns,,,,,,,,
chalfont-5-pc-bedroom-set-w-2ns,,,,,,,,,,,,,,,,,,,,,,,,,,,,,,,,https://cdn.shopify.com/s/files/1/0268/6749/9079/files/FM7272DB-5.jpg,5,chalfont-5-pc-bedroom-set-w-2ns,,,,,,,,
chalfont-5-pc-bedroom-set-w-2ns,,,,,,,,,,,,,,,,,,,,,,,,,,,,,,,,https://cdn.shopify.com/s/files/1/0268/6749/9079/files/FM7272DB-6.jpg,6,chalfont-5-pc-bedroom-set-w-2ns,,,,,,,,
chalfont-5-pc-bedroom-set-w-2ns-and-wp,CHALFONT 5 Pc. Bedroom Set w/ 2NS and WP,"<p><span style=""color:#1e73be;""><strong>FREE SHIPPING</strong></span><br>
Create a calm, coordinated retreat with CHALFONT 5 Pc. Bedroom Set w/ 2NS and WP. Designed as a bedroom bedroom set, it pairs easily with surrounding decor. Its Contemporary styling keeps the room feeling polished yet comfortable. Crafted with Engineered Wood, Rubberwood, Paper, Fabric, then finished in Dark Brown tones to suit a range of interiors.<br>
Product Dimensions: 118""W X 86""D X 55.5""H<br>
Size: Queen</p>

<p>Features<br>
- Channel Padded Headboard<br>
- Textured Drawer Front Panels<br>
- Reading Light<br>
- Warm Light LED<br>
- Center Glide<br>
- English Dovetail Included items and dimensions:<br>
- Queen Bed: color: Dark Brown; dimensions: 118"" W x 86""D x 55.5"" H; feature: Contemporary<br>
- Wall Panel (2 / CTN): color: Dark Brown; feature: Contemporary<br>
- Nightstand: color: Dark Brown; dimensions: 23.5"" W x 15.5""D x 24.5"" H; feature: Contemporary<br>
- Dresser: color: Dark Brown; dimensions: 61"" W x 16""D x 34"" H; feature: Contemporary</p>

<p>Materials: Engineered Wood, Rubberwood, Paper, Fabric.<br>
Color: Dark Brown<br>
Weight: 474.11 lbs</p>",GOODDEGG,Furniture > Furniture Sets > Bedroom Furniture Sets,Bedroom Set,"Furniture of America, Quick Ship Furniture, New Arrival, Indoor Furniture, 2026",TRUE,Size,Queen,,,,,,,,FM7272DB-Q-WP-5PC2NS,215053,shopify,20,deny,manual,2157,,TRUE,FALSE,,,,,,https://cdn.shopify.com/s/files/1/0268/6749/9079/files/FM7272DB-1-Z.jpg,1,chalfont-5-pc-bedroom-set-w-2ns-and-wp,FALSE,CHALFONT 5 Pc. Bedroom Set w/ 2NS and WP,"Shop CHALFONT 5 Pc. Bedroom Set w/ 2NS and WP. Contemporary style. Engineered Wood, Rubberwood build. Size: Queen. Free shipping. Buy now at GOODDEGG.",FM7272DB-1-Z.jpg,lb,,972,active
chalfont-5-pc-bedroom-set-w-2ns-and-wp,,,,,,,,,,,,,,,,,,,,,,,,,,,,,,,,https://cdn.shopify.com/s/files/1/0268/6749/9079/files/FM7272DB-2.jpg,2,chalfont-5-pc-bedroom-set-w-2ns-and-wp,,,,,,,,
chalfont-5-pc-bedroom-set-w-2ns-and-wp,,,,,,,,,,,,,,,,,,,,,,,,,,,,,,,,https://cdn.shopify.com/s/files/1/0268/6749/9079/files/FM7272DB-3.jpg,3,chalfont-5-pc-bedroom-set-w-2ns-and-wp,,,,,,,,
chalfont-5-pc-bedroom-set-w-2ns-and-wp,,,,,,,,,,,,,,,,,,,,,,,,,,,,,,,,https://cdn.shopify.com/s/files/1/0268/6749/9079/files/FM7272DB-4.jpg,4,chalfont-5-pc-bedroom-set-w-2ns-and-wp,,,,,,,,
chalfont-5-pc-bedroom-set-w-2ns-and-wp,,,,,,,,,,,,,,,,,,,,,,,,,,,,,,,,https://cdn.shopify.com/s/files/1/0268/6749/9079/files/FM7272DB-5.jpg,5,chalfont-5-pc-bedroom-set-w-2ns-and-wp,,,,,,,,
chalfont-5-pc-bedroom-set-w-2ns-and-wp,,,,,,,,,,,,,,,,,,,,,,,,,,,,,,,,https://cdn.shopify.com/s/files/1/0268/6749/9079/files/FM7272DB-6.jpg,6,chalfont-5-pc-bedroom-set-w-2ns-and-wp,,,,,,,,
chalfont-5-pc-bedroom-set-w-chest,CHALFONT 5 Pc. Bedroom Set w/ Chest,"<p><span style=""color:#1e73be;""><strong>FREE SHIPPING</strong></span><br>
CHALFONT 5 Pc. Bedroom Set w/ Chest completes the bedroom with a relaxed, pulled-together look. As a bedroom bedroom set, it is designed to coordinate with matching pieces. The Contemporary character adds definition without feeling heavy. With Engineered Wood, Rubberwood, Paper, Fabric construction and Dark Brown tones, it blends durability with visual warmth.<br>
Size: Queen</p>

<p>Features<br>
- Channel Padded Headboard<br>
- Textured Drawer Front Panels<br>
- Reading Light<br>
- Warm Light LED<br>
- Center Glide<br>
- English Dovetail Included items and dimensions:<br>
- Queen Bed: color: Dark Brown; dimensions: 118"" W x 86""D x 55.5"" H; feature: Contemporary<br>
- Nightstand: color: Dark Brown; dimensions: 23.5"" W x 15.5""D x 24.5"" H; feature: Contemporary<br>
- Dresser: color: Dark Brown; dimensions: 61"" W x 16""D x 34"" H; feature: Contemporary<br>
- Chest: color: Dark Brown; dimensions: 33"" W x 16""D x 50"" H; feature: Contemporary</p>

<p>Materials: Engineered Wood, Rubberwood, Paper, Fabric.<br>
Color: Dark Brown<br>
Weight: 505.83 lbs</p>",GOODDEGG,Furniture > Furniture Sets > Bedroom Furniture Sets,Bedroom Set,"Furniture of America, Quick Ship Furniture, New Arrival, Indoor Furniture, 2026",TRUE,Size,Queen,,,,,,,,FM7272DB-Q-5PC-C,229441,shopify,20,deny,manual,2160,,TRUE,FALSE,,,,,,https://cdn.shopify.com/s/files/1/0268/6749/9079/files/FM7272DB-1-Z.jpg,1,chalfont-5-pc-bedroom-set-w-chest,FALSE,CHALFONT 5 Pc. Bedroom Set w/ Chest,"Shop CHALFONT 5 Pc. Bedroom Set w/ Chest. Contemporary style. Engineered Wood, Rubberwood build. Size: Queen. Free shipping. Buy now at GOODDEGG.",FM7272DB-1-Z.jpg,lb,,928,active
chalfont-5-pc-bedroom-set-w-chest,,,,,,,,,,,,,,,,,,,,,,,,,,,,,,,,https://cdn.shopify.com/s/files/1/0268/6749/9079/files/FM7272DB-2.jpg,2,chalfont-5-pc-bedroom-set-w-chest,,,,,,,,
chalfont-5-pc-bedroom-set-w-chest,,,,,,,,,,,,,,,,,,,,,,,,,,,,,,,,https://cdn.shopify.com/s/files/1/0268/6749/9079/files/FM7272DB-3.jpg,3,chalfont-5-pc-bedroom-set-w-chest,,,,,,,,
chalfont-5-pc-bedroom-set-w-chest,,,,,,,,,,,,,,,,,,,,,,,,,,,,,,,,https://cdn.shopify.com/s/files/1/0268/6749/9079/files/FM7272DB-4.jpg,4,chalfont-5-pc-bedroom-set-w-chest,,,,,,,,
chalfont-5-pc-bedroom-set-w-chest,,,,,,,,,,,,,,,,,,,,,,,,,,,,,,,,https://cdn.shopify.com/s/files/1/0268/6749/9079/files/FM7272DB-5.jpg,5,chalfont-5-pc-bedroom-set-w-chest,,,,,,,,
chalfont-5-pc-bedroom-set-w-chest,,,,,,,,,,,,,,,,,,,,,,,,,,,,,,,,https://cdn.shopify.com/s/files/1/0268/6749/9079/files/FM7272DB-6.jpg,6,chalfont-5-pc-bedroom-set-w-chest,,,,,,,,
chalfont-5-pc-bedroom-set-w-chest-and-wp,CHALFONT 5 Pc. Bedroom Set w/ Chest and WP,"<p><span style=""color:#1e73be;""><strong>FREE SHIPPING</strong></span><br>
CHALFONT 5 Pc. Bedroom Set w/ Chest and WP brings a restful, finished feel to the bedroom. This bedroom bedroom set is made to fit naturally into the room. A Contemporary profile gives the space a refined, approachable look. Finished in Dark Brown tones, the Engineered Wood, Rubberwood, Paper, Fabric build keeps the look polished and practical.<br>
Product Dimensions: 118""W X 86""D X 55.5""H<br>
Size: Queen</p>

<p>Features<br>
- Channel Padded Headboard<br>
- Textured Drawer Front Panels<br>
- Reading Light<br>
- Warm Light LED<br>
- Center Glide<br>
- English Dovetail Included items and dimensions:<br>
- Queen Bed: color: Dark Brown; dimensions: 118"" W x 86""D x 55.5"" H; feature: Contemporary<br>
- Wall Panel (2 / CTN): color: Dark Brown; feature: Contemporary<br>
- Nightstand: color: Dark Brown; dimensions: 23.5"" W x 15.5""D x 24.5"" H; feature: Contemporary<br>
- Dresser: color: Dark Brown; dimensions: 61"" W x 16""D x 34"" H; feature: Contemporary<br>
- Chest: color: Dark Brown; dimensions: 33"" W x 16""D x 50"" H; feature: Contemporary</p>

<p>Materials: Engineered Wood, Rubberwood, Paper, Fabric.<br>
Color: Dark Brown<br>
Weight: 574.04 lbs</p>",GOODDEGG,Furniture > Furniture Sets > Bedroom Furniture Sets,Bedroom Set,"Furniture of America, Quick Ship Furniture, New Arrival, Indoor Furniture, 2026",TRUE,Size,Queen,,,,,,,,FM7272DB-Q-WP-5PC-C,260380,shopify,20,deny,manual,2547,,TRUE,FALSE,,,,,,https://cdn.shopify.com/s/files/1/0268/6749/9079/files/FM7272DB-1-Z.jpg,1,chalfont-5-pc-bedroom-set-w-chest-and-wp,FALSE,CHALFONT 5 Pc. Bedroom Set w/ Chest and WP,"Shop CHALFONT 5 Pc. Bedroom Set w/ Chest and WP. Contemporary style. Engineered Wood, Rubberwood build. Size: Queen. Free shipping. Buy now at GOODDEGG.",FM7272DB-1-Z.jpg,lb,,1068,active
chalfont-5-pc-bedroom-set-w-chest-and-wp,,,,,,,,,,,,,,,,,,,,,,,,,,,,,,,,https://cdn.shopify.com/s/files/1/0268/6749/9079/files/FM7272DB-2.jpg,2,chalfont-5-pc-bedroom-set-w-chest-and-wp,,,,,,,,
chalfont-5-pc-bedroom-set-w-chest-and-wp,,,,,,,,,,,,,,,,,,,,,,,,,,,,,,,,https://cdn.shopify.com/s/files/1/0268/6749/9079/files/FM7272DB-3.jpg,3,chalfont-5-pc-bedroom-set-w-chest-and-wp,,,,,,,,
chalfont-5-pc-bedroom-set-w-chest-and-wp,,,,,,,,,,,,,,,,,,,,,,,,,,,,,,,,https://cdn.shopify.com/s/files/1/0268/6749/9079/files/FM7272DB-4.jpg,4,chalfont-5-pc-bedroom-set-w-chest-and-wp,,,,,,,,
chalfont-5-pc-bedroom-set-w-chest-and-wp,,,,,,,,,,,,,,,,,,,,,,,,,,,,,,,,https://cdn.shopify.com/s/files/1/0268/6749/9079/files/FM7272DB-5.jpg,5,chalfont-5-pc-bedroom-set-w-chest-and-wp,,,,,,,,
chalfont-5-pc-bedroom-set-w-chest-and-wp,,,,,,,,,,,,,,,,,,,,,,,,,,,,,,,,https://cdn.shopify.com/s/files/1/0268/6749/9079/files/FM7272DB-6.jpg,6,chalfont-5-pc-bedroom-set-w-chest-and-wp,,,,,,,,
chemnitz-4-pc-bedroom-set,CHEMNITZ 4 Pc. Bedroom Set,"<p><span style=""color:#1e73be;""><strong>FREE SHIPPING</strong></span><br>
Elevate your space with CHEMNITZ, styled in Transitional and designed for everyday comfort.<br>
This bedroom bedroom set is made to fit naturally into the room. With Solid Wood, Others and Espresso or White tones, it blends structure and softness in one clean profile.<br>
Product Dimensions: 63&quot;W X 86&quot;D X 56&quot;H<br>
Size: Queen</p>

<p>Features<br>
- Solid Wood<br>
- Others<br>
- English Dovetail Front and French Dovetail Back<br>
- Felt-line Top Drawers<br>
- Beveled Mirror<br>
<strong>Variant Details</strong><br>
- <strong>Size: Queen | Color: Espresso | Dimensions: 63&quot;W X 86&quot;D X 56&quot;H | Weight: 477.4 lbs | Volume: 64.4 cuft</strong><br>
- <strong>Size: Queen | Color: White | Dimensions: 63&quot;W X 86&quot;D X 56&quot;H | Weight: 470.8 lbs | Volume: 64.8 cuft</strong><br>
</p>

<p>Materials: Solid Wood, Others.<br>
Color: Espresso or White<br>
Weight: 470.8 - 477.4 lbs</p>",GOODDEGG,Furniture > Furniture Sets > Bedroom Furniture Sets,Bedroom Set,"Furniture of America, Quick Ship Furniture, New Arrival, Indoor Furniture, 2026",TRUE,Color,Espresso,,,,,,,,FM7399ES-Q-4PC,216545,shopify,20,deny,manual,2547,,TRUE,FALSE,,,,,,https://cdn.shopify.com/s/files/1/0268/6749/9079/files/FM7399ES-1-Z.jpg,1,chemnitz-4-pc-bedroom-set,FALSE,CHEMNITZ 4 Pc. Bedroom Set,"Shop CHEMNITZ 4 Pc. Bedroom Set. Transitional style. Solid Wood, Others build. Multiple colors available. Free shipping. Buy now at GOODDEGG.",FM7399ES-1-Z.jpg,lb,,1059,active
chemnitz-4-pc-bedroom-set,,,,,,,,,White,,,,,,,,FM7399WH-Q-4PC,213551,shopify,20,deny,manual,2547,,TRUE,FALSE,,,,,,https://cdn.shopify.com/s/files/1/0268/6749/9079/files/FM7399ES-2.jpg,2,chemnitz-4-pc-bedroom-set,,,,FM7399WH-1.jpg,lb,,1059,
chemnitz-4-pc-bedroom-set,,,,,,,,,,,,,,,,,,,,,,,,,,,,,,,,https://cdn.shopify.com/s/files/1/0268/6749/9079/files/FM7399ES-3.jpg,3,chemnitz-4-pc-bedroom-set,,,,,,,,
chemnitz-4-pc-bedroom-set,,,,,,,,,,,,,,,,,,,,,,,,,,,,,,,,https://cdn.shopify.com/s/files/1/0268/6749/9079/files/FM7399ES-4.jpg,4,chemnitz-4-pc-bedroom-set,,,,,,,,
chemnitz-4-pc-bedroom-set,,,,,,,,,,,,,,,,,,,,,,,,,,,,,,,,https://cdn.shopify.com/s/files/1/0268/6749/9079/files/FM7399ES-5.jpg,5,chemnitz-4-pc-bedroom-set,,,,,,,,
chemnitz-4-pc-bedroom-set,,,,,,,,,,,,,,,,,,,,,,,,,,,,,,,,https://cdn.shopify.com/s/files/1/0268/6749/9079/files/FM7399WH-1.jpg,6,chemnitz-4-pc-bedroom-set,,,,,,,,
chemnitz-4-pc-bedroom-set,,,,,,,,,,,,,,,,,,,,,,,,,,,,,,,,https://cdn.shopify.com/s/files/1/0268/6749/9079/files/FM7399WH-2.jpg,7,chemnitz-4-pc-bedroom-set,,,,,,,,
chemnitz-4-pc-bedroom-set,,,,,,,,,,,,,,,,,,,,,,,,,,,,,,,,FM7399WH-3.jpg,8,chemnitz-4-pc-bedroom-set,,,,,,,,
chemnitz-5-pc-bedroom-set-w-2ns,CHEMNITZ 5 Pc. Bedroom Set w/2NS,"<p><span style=""color:#1e73be;""><strong>FREE SHIPPING</strong></span><br>
Elevate your space with CHEMNITZ, styled in Transitional and designed for everyday comfort.<br>
This bedroom bedroom set is made to fit naturally into the room. With Solid Wood, Others and Espresso or White tones, it blends structure and softness in one clean profile.<br>
Product Dimensions: .<br>
Size: Queen</p>

<p>Features<br>
- Solid Wood<br>
- Others<br>
- English Dovetail Front and French Dovetail Back<br>
- Felt-line Top Drawers<br>
- Beveled Mirror<br>
<strong>Variant Details</strong><br>
- <strong>Size: Queen | Color: Espresso | Dimensions: . | Weight: 541.2 lbs | Volume: 75.2 cuft</strong><br>
- <strong>Size: Queen | Color: White | Dimensions: . | Weight: 530.2 lbs | Volume: 75.6 cuft</strong><br>
</p>

<p>Materials: Solid Wood, Others.<br>
Color: Espresso or White<br>
Weight: 530.2 - 541.2 lbs</p>",GOODDEGG,Furniture > Furniture Sets > Bedroom Furniture Sets,Bedroom Set,"Furniture of America, Quick Ship Furniture, New Arrival, Indoor Furniture, 2026",TRUE,Color,Espresso,,,,,,,,FM7399ES-Q-5PC-2NS,245484,shopify,20,deny,manual,2937,,TRUE,FALSE,,,,,,https://cdn.shopify.com/s/files/1/0268/6749/9079/files/FM7399ES-1-Z.jpg,1,chemnitz-5-pc-bedroom-set-w-2ns,FALSE,CHEMNITZ 5 Pc. Bedroom Set w/2NS,"Shop CHEMNITZ 5 Pc. Bedroom Set w/2NS. Transitional style. Solid Wood, Others build. Multiple colors available. Free shipping. Buy now at GOODDEGG.",FM7399ES-1-Z.jpg,lb,,1229,active
chemnitz-5-pc-bedroom-set-w-2ns,,,,,,,,,White,,,,,,,,FM7399WH-Q-5PC-2NS,240495,shopify,20,deny,manual,2937,,TRUE,FALSE,,,,,,https://cdn.shopify.com/s/files/1/0268/6749/9079/files/FM7399ES-2.jpg,2,chemnitz-5-pc-bedroom-set-w-2ns,,,,FM7399WH-1.jpg,lb,,1169,
chemnitz-5-pc-bedroom-set-w-2ns,,,,,,,,,,,,,,,,,,,,,,,,,,,,,,,,https://cdn.shopify.com/s/files/1/0268/6749/9079/files/FM7399ES-3.jpg,3,chemnitz-5-pc-bedroom-set-w-2ns,,,,,,,,
chemnitz-5-pc-bedroom-set-w-2ns,,,,,,,,,,,,,,,,,,,,,,,,,,,,,,,,https://cdn.shopify.com/s/files/1/0268/6749/9079/files/FM7399ES-4.jpg,4,chemnitz-5-pc-bedroom-set-w-2ns,,,,,,,,
chemnitz-5-pc-bedroom-set-w-2ns,,,,,,,,,,,,,,,,,,,,,,,,,,,,,,,,https://cdn.shopify.com/s/files/1/0268/6749/9079/files/FM7399ES-5.jpg,5,chemnitz-5-pc-bedroom-set-w-2ns,,,,,,,,
chemnitz-5-pc-bedroom-set-w-2ns,,,,,,,,,,,,,,,,,,,,,,,,,,,,,,,,https://cdn.shopify.com/s/files/1/0268/6749/9079/files/FM7399WH-1.jpg,6,chemnitz-5-pc-bedroom-set-w-2ns,,,,,,,,
chemnitz-5-pc-bedroom-set-w-2ns,,,,,,,,,,,,,,,,,,,,,,,,,,,,,,,,https://cdn.shopify.com/s/files/1/0268/6749/9079/files/FM7399WH-2.jpg,7,chemnitz-5-pc-bedroom-set-w-2ns,,,,,,,,
chemnitz-5-pc-bedroom-set-w-2ns,,,,,,,,,,,,,,,,,,,,,,,,,,,,,,,,FM7399WH-3.jpg,8,chemnitz-5-pc-bedroom-set-w-2ns,,,,,,,,
chemnitz-5-pc-bedroom-set-w-chest,CHEMNITZ 5 Pc. Bedroom Set w/Chest,"<p><span style=""color:#1e73be;""><strong>FREE SHIPPING</strong></span><br>
Elevate your space with CHEMNITZ, styled in Transitional and designed for everyday comfort.<br>
This bedroom bedroom set is made to fit naturally into the room. With Solid Wood, Others and Espresso or White tones, it blends structure and softness in one clean profile.<br>
Product Dimensions: .<br>
Size: Queen</p>

<p>Features<br>
- Solid Wood<br>
- Others<br>
- English Dovetail Front and French Dovetail Back<br>
- Felt-line Top Drawers<br>
- Beveled Mirror<br>
<strong>Variant Details</strong><br>
- <strong>Size: Queen | Color: Espresso | Dimensions: . | Weight: 657.8 lbs | Volume: 92.5 cuft</strong><br>
- <strong>Size: Queen | Color: White | Dimensions: . | Weight: 708.4 lbs | Volume: 103.7 cuft</strong><br>
</p>

<p>Materials: Solid Wood, Others.<br>
Color: Espresso or White<br>
Weight: 657.8 - 708.4 lbs</p>",GOODDEGG,Furniture > Furniture Sets > Bedroom Furniture Sets,Bedroom Set,"Furniture of America, Quick Ship Furniture, New Arrival, Indoor Furniture, 2026",TRUE,Color,Espresso,,,,,,,,FM7399ES-Q-5PC-CHEST,298373,shopify,20,deny,manual,3444,,TRUE,FALSE,,,,,,https://cdn.shopify.com/s/files/1/0268/6749/9079/files/FM7399ES-1-Z.jpg,1,chemnitz-5-pc-bedroom-set-w-chest,FALSE,CHEMNITZ 5 Pc. Bedroom Set w/Chest,"Shop CHEMNITZ 5 Pc. Bedroom Set w/Chest. Transitional style. Solid Wood, Others build. Multiple colors available. Free shipping. Buy now at GOODDEGG.",FM7399ES-1-Z.jpg,lb,,1428,active
chemnitz-5-pc-bedroom-set-w-chest,,,,,,,,,White,,,,,,,,FM7399WH-Q-5PC-CHEST,321325,shopify,20,deny,manual,3444,,TRUE,FALSE,,,,,,https://cdn.shopify.com/s/files/1/0268/6749/9079/files/FM7399ES-2.jpg,2,chemnitz-5-pc-bedroom-set-w-chest,,,,FM7399WH-1.jpg,lb,,1399,
chemnitz-5-pc-bedroom-set-w-chest,,,,,,,,,,,,,,,,,,,,,,,,,,,,,,,,https://cdn.shopify.com/s/files/1/0268/6749/9079/files/FM7399ES-3.jpg,3,chemnitz-5-pc-bedroom-set-w-chest,,,,,,,,
chemnitz-5-pc-bedroom-set-w-chest,,,,,,,,,,,,,,,,,,,,,,,,,,,,,,,,https://cdn.shopify.com/s/files/1/0268/6749/9079/files/FM7399ES-4.jpg,4,chemnitz-5-pc-bedroom-set-w-chest,,,,,,,,
chemnitz-5-pc-bedroom-set-w-chest,,,,,,,,,,,,,,,,,,,,,,,,,,,,,,,,https://cdn.shopify.com/s/files/1/0268/6749/9079/files/FM7399ES-5.jpg,5,chemnitz-5-pc-bedroom-set-w-chest,,,,,,,,
chemnitz-5-pc-bedroom-set-w-chest,,,,,,,,,,,,,,,,,,,,,,,,,,,,,,,,https://cdn.shopify.com/s/files/1/0268/6749/9079/files/FM7399WH-1.jpg,6,chemnitz-5-pc-bedroom-set-w-chest,,,,,,,,
chemnitz-5-pc-bedroom-set-w-chest,,,,,,,,,,,,,,,,,,,,,,,,,,,,,,,,https://cdn.shopify.com/s/files/1/0268/6749/9079/files/FM7399WH-2.jpg,7,chemnitz-5-pc-bedroom-set-w-chest,,,,,,,,
chemnitz-5-pc-bedroom-set-w-chest,,,,,,,,,,,,,,,,,,,,,,,,,,,,,,,,FM7399WH-3.jpg,8,chemnitz-5-pc-bedroom-set-w-chest,,,,,,,,
chrissy-4-pc-bedroom-set,CHRISSY 4 Pc. Bedroom Set,"<p><span style=""color:#1e73be;""><strong>FREE SHIPPING</strong></span><br>
Elevate your space with CHRISSY, styled in Contemporary and designed for everyday comfort.<br>
This bedroom bedroom set is made to fit naturally into the room. With Solid Wood, Wood Veneer, Others, Solid Wood, Paper Veneer, Engineered Wood and Black or Gray or White tones, it blends structure and softness in one clean profile.<br>
Product Dimensions: 83 1/8&quot;L X 63 3/8&quot;W X 50 1/4&quot;H<br>
Size: Queen</p>

<p>Features<br>
- Solid Wood<br>
- Wood Veneer<br>
- Others<br>
- Panel Headboard<br>
- Footboard Drawers<br>
- Silver Accents<br>
- Hidden Jewelry Drawers<br>
- English Dovetail Drawer Construction<br>
- Mattress Ready<br>
<strong>Variant Details</strong><br>
- <strong>Size: Queen | Color: Black | Dimensions: - | Weight: 473.18 lbs | Volume: 62.6 cuft</strong><br>
- <strong>Size: Queen | Color: Gray | Dimensions: 83 1/8&quot;L X 63 3/8&quot;W X 50 1/4&quot;H | Weight: 477.19 lbs | Volume: 61.1 cuft</strong><br>
- <strong>Size: Queen | Color: White | Dimensions: 83 1/8&quot;L X 63 3/8&quot;W X 50 1/4&quot;H | Weight: 479.02 lbs | Volume: 61 cuft</strong><br>
</p>

<p>Materials: Solid Wood, Wood Veneer, Others, Solid Wood, Paper Veneer, Engineered Wood.<br>
Color: Black or Gray or White<br>
Weight: 473.18 - 479.02 lbs</p>",GOODDEGG,Furniture > Furniture Sets > Bedroom Furniture Sets,Bedroom Set,"Furniture of America, Quick Ship Furniture, New Arrival, Indoor Furniture, 2026",TRUE,Color,Black,,,,,,,,CM7552BK-Q-4PC,214631,shopify,20,deny,manual,1647,,TRUE,FALSE,,,,,,CM7552BK-1-c.jpg,1,chrissy-4-pc-bedroom-set,FALSE,CHRISSY 4 Pc. Bedroom Set,"Shop CHRISSY 4 Pc. Bedroom Set. Contemporary style. Solid Wood, Wood Veneer build. Multiple colors available. Free shipping. Buy now at GOODDEGG.",CM7552BK-1-c.jpg,lb,,739,active
chrissy-4-pc-bedroom-set,,,,,,,,,Gray,,,,,,,,CM7552GY-Q-4PC,216450,shopify,20,deny,manual,1647,,TRUE,FALSE,,,,,,https://cdn.shopify.com/s/files/1/0268/6749/9079/files/CM7552BK-2.jpg,2,chrissy-4-pc-bedroom-set,,,,CM7552GY-1-Z.jpg,lb,,739,
chrissy-4-pc-bedroom-set,,,,,,,,,White,,,,,,,,CM7552Q-4PC,217280,shopify,20,deny,manual,1647,,TRUE,FALSE,,,,,,https://cdn.shopify.com/s/files/1/0268/6749/9079/files/CM7552BK-3.jpg,3,chrissy-4-pc-bedroom-set,,,,CM7552-1.jpg,lb,,739,
chrissy-4-pc-bedroom-set,,,,,,,,,,,,,,,,,,,,,,,,,,,,,,,,https://cdn.shopify.com/s/files/1/0268/6749/9079/files/CM7552GY-1-Z.jpg,4,chrissy-4-pc-bedroom-set,,,,,,,,
chrissy-4-pc-bedroom-set,,,,,,,,,,,,,,,,,,,,,,,,,,,,,,,,https://cdn.shopify.com/s/files/1/0268/6749/9079/files/CM7552GY-1.jpg,5,chrissy-4-pc-bedroom-set,,,,,,,,
chrissy-4-pc-bedroom-set,,,,,,,,,,,,,,,,,,,,,,,,,,,,,,,,https://cdn.shopify.com/s/files/1/0268/6749/9079/files/CM7552-1.jpg,6,chrissy-4-pc-bedroom-set,,,,,,,,
chrissy-4-pc-bedroom-set,,,,,,,,,,,,,,,,,,,,,,,,,,,,,,,,https://cdn.shopify.com/s/files/1/0268/6749/9079/files/CM7552-3.jpg,7,chrissy-4-pc-bedroom-set,,,,,,,,
chrissy-5-pc-bedroom-set-w-2ns,CHRISSY 5 Pc. Bedroom Set w/2NS,"<p><span style=""color:#1e73be;""><strong>FREE SHIPPING</strong></span><br>
Elevate your space with CHRISSY, styled in Contemporary and designed for everyday comfort.<br>
This bedroom bedroom set is made to fit naturally into the room. With Solid Wood, Wood Veneer, Others, Solid Wood, Paper Veneer, Engineered Wood and Black or Gray or White tones, it blends structure and softness in one clean profile.<br>
Product Dimensions: 83 1/8&quot;L X 63 3/8&quot;W X 50 1/4&quot;H<br>
Size: Queen</p>

<p>Features<br>
- Solid Wood<br>
- Wood Veneer<br>
- Others<br>
- Panel Headboard<br>
- Footboard Drawers<br>
- Silver Accents<br>
- Hidden Jewelry Drawers<br>
- English Dovetail Drawer Construction<br>
- Mattress Ready<br>
<strong>Variant Details</strong><br>
- <strong>Size: Queen | Color: Black | Dimensions: - | Weight: 529.38 lbs | Volume: 72.3 cuft</strong><br>
- <strong>Size: Queen | Color: Gray | Dimensions: 83 1/8&quot;L X 63 3/8&quot;W X 50 1/4&quot;H | Weight: 535.49 lbs | Volume: 70.8 cuft</strong><br>
- <strong>Size: Queen | Color: White | Dimensions: 83 1/8&quot;L X 63 3/8&quot;W X 50 1/4&quot;H | Weight: 535.22 lbs | Volume: 70.7 cuft</strong><br>
</p>

<p>Materials: Solid Wood, Wood Veneer, Others, Solid Wood, Paper Veneer, Engineered Wood.<br>
Color: Black or Gray or White<br>
Weight: 529.38 - 535.49 lbs</p>",GOODDEGG,Furniture > Furniture Sets > Bedroom Furniture Sets,Bedroom Set,"Furniture of America, Quick Ship Furniture, New Arrival, Indoor Furniture, 2026",TRUE,Color,Black,,,,,,,,CM7552BK-Q-5PC-2NS,240123,shopify,20,deny,manual,1887,,TRUE,FALSE,,,,,,CM7552BK-1-c.jpg,1,chrissy-5-pc-bedroom-set-w-2ns,FALSE,CHRISSY 5 Pc. Bedroom Set w/2NS,"Shop CHRISSY 5 Pc. Bedroom Set w/2NS. Contemporary style. Solid Wood, Wood Veneer build. Multiple colors available. Free shipping. Buy now at GOODDEGG.",CM7552BK-1-c.jpg,lb,,849,active
chrissy-5-pc-bedroom-set-w-2ns,,,,,,,,,Gray,,,,,,,,CM7552GY-Q-5PC-2NS,242894,shopify,20,deny,manual,1887,,TRUE,FALSE,,,,,,https://cdn.shopify.com/s/files/1/0268/6749/9079/files/CM7552BK-2.jpg,2,chrissy-5-pc-bedroom-set-w-2ns,,,,CM7552GY-1-Z.jpg,lb,,849,
chrissy-5-pc-bedroom-set-w-2ns,,,,,,,,,White,,,,,,,,CM7552Q-5PC-2NS,242772,shopify,20,deny,manual,1887,,TRUE,FALSE,,,,,,https://cdn.shopify.com/s/files/1/0268/6749/9079/files/CM7552BK-3.jpg,3,chrissy-5-pc-bedroom-set-w-2ns,,,,CM7552-1.jpg,lb,,849,
chrissy-5-pc-bedroom-set-w-2ns,,,,,,,,,,,,,,,,,,,,,,,,,,,,,,,,https://cdn.shopify.com/s/files/1/0268/6749/9079/files/CM7552GY-1-Z.jpg,4,chrissy-5-pc-bedroom-set-w-2ns,,,,,,,,
chrissy-5-pc-bedroom-set-w-2ns,,,,,,,,,,,,,,,,,,,,,,,,,,,,,,,,https://cdn.shopify.com/s/files/1/0268/6749/9079/files/CM7552GY-1.jpg,5,chrissy-5-pc-bedroom-set-w-2ns,,,,,,,,
chrissy-5-pc-bedroom-set-w-2ns,,,,,,,,,,,,,,,,,,,,,,,,,,,,,,,,https://cdn.shopify.com/s/files/1/0268/6749/9079/files/CM7552-1.jpg,6,chrissy-5-pc-bedroom-set-w-2ns,,,,,,,,
chrissy-5-pc-bedroom-set-w-2ns,,,,,,,,,,,,,,,,,,,,,,,,,,,,,,,,https://cdn.shopify.com/s/files/1/0268/6749/9079/files/CM7552-3.jpg,7,chrissy-5-pc-bedroom-set-w-2ns,,,,,,,,
chrissy-5-pc-bedroom-set-w-chest,CHRISSY 5 Pc. Bedroom Set w/Chest,"<p><span style=""color:#1e73be;""><strong>FREE SHIPPING</strong></span><br>
Elevate your space with CHRISSY, styled in Contemporary and designed for everyday comfort.<br>
This bedroom bedroom set is made to fit naturally into the room. With Solid Wood, Wood Veneer, Others, Solid Wood, Paper Veneer, Engineered Wood and Black or Gray or White tones, it blends structure and softness in one clean profile.<br>
Product Dimensions: 83 1/8&quot;L X 63 3/8&quot;W X 50 1/4&quot;H<br>
Size: Queen</p>

<p>Features<br>
- Solid Wood<br>
- Wood Veneer<br>
- Others<br>
- Panel Headboard<br>
- Footboard Drawers<br>
- Silver Accents<br>
- Hidden Jewelry Drawers<br>
- English Dovetail Drawer Construction<br>
- Mattress Ready<br>
<strong>Variant Details</strong><br>
- <strong>Size: Queen | Color: Black | Dimensions: - | Weight: 634.07 lbs | Volume: 86.4 cuft</strong><br>
- <strong>Size: Queen | Color: Gray | Dimensions: 83 1/8&quot;L X 63 3/8&quot;W X 50 1/4&quot;H | Weight: 639.99 lbs | Volume: 84.2 cuft</strong><br>
- <strong>Size: Queen | Color: White | Dimensions: 83 1/8&quot;L X 63 3/8&quot;W X 50 1/4&quot;H | Weight: 639.91 lbs | Volume: 85 cuft</strong><br>
</p>

<p>Materials: Solid Wood, Wood Veneer, Others, Solid Wood, Paper Veneer, Engineered Wood.<br>
Color: Black or Gray or White<br>
Weight: 634.07 - 639.99 lbs</p>",GOODDEGG,Furniture > Furniture Sets > Bedroom Furniture Sets,Bedroom Set,"Furniture of America, Quick Ship Furniture, New Arrival, Indoor Furniture, 2026",TRUE,Color,Black,,,,,,,,CM7552BK-Q-5PC-CHEST,287609,shopify,20,deny,manual,2154,,TRUE,FALSE,,,,,,CM7552BK-1-c.jpg,1,chrissy-5-pc-bedroom-set-w-chest,FALSE,CHRISSY 5 Pc. Bedroom Set w/Chest,"Shop CHRISSY 5 Pc. Bedroom Set w/Chest. Contemporary style. Solid Wood, Wood Veneer build. Multiple colors available. Free shipping. Buy now at GOODDEGG.",CM7552BK-1-c.jpg,lb,,958,active
chrissy-5-pc-bedroom-set-w-chest,,,,,,,,,Gray,,,,,,,,CM7552GY-Q-5PC-CHEST,290295,shopify,20,deny,manual,2154,,TRUE,FALSE,,,,,,https://cdn.shopify.com/s/files/1/0268/6749/9079/files/CM7552BK-2.jpg,2,chrissy-5-pc-bedroom-set-w-chest,,,,CM7552GY-1-Z.jpg,lb,,958,
chrissy-5-pc-bedroom-set-w-chest,,,,,,,,,White,,,,,,,,CM7552Q-5PC-CHEST,290258,shopify,20,deny,manual,2154,,TRUE,FALSE,,,,,,https://cdn.shopify.com/s/files/1/0268/6749/9079/files/CM7552BK-3.jpg,3,chrissy-5-pc-bedroom-set-w-chest,,,,CM7552-1.jpg,lb,,958,
chrissy-5-pc-bedroom-set-w-chest,,,,,,,,,,,,,,,,,,,,,,,,,,,,,,,,https://cdn.shopify.com/s/files/1/0268/6749/9079/files/CM7552GY-1-Z.jpg,4,chrissy-5-pc-bedroom-set-w-chest,,,,,,,,
chrissy-5-pc-bedroom-set-w-chest,,,,,,,,,,,,,,,,,,,,,,,,,,,,,,,,https://cdn.shopify.com/s/files/1/0268/6749/9079/files/CM7552GY-1.jpg,5,chrissy-5-pc-bedroom-set-w-chest,,,,,,,,
chrissy-5-pc-bedroom-set-w-chest,,,,,,,,,,,,,,,,,,,,,,,,,,,,,,,,https://cdn.shopify.com/s/files/1/0268/6749/9079/files/CM7552-1.jpg,6,chrissy-5-pc-bedroom-set-w-chest,,,,,,,,
chrissy-5-pc-bedroom-set-w-chest,,,,,,,,,,,,,,,,,,,,,,,,,,,,,,,,https://cdn.shopify.com/s/files/1/0268/6749/9079/files/CM7552-3.jpg,7,chrissy-5-pc-bedroom-set-w-chest,,,,,,,,
christie-4-pc-bedroom-set,CHRISTIE 4 Pc. Bedroom Set,"<p><span style=""color:#1e73be;""><strong>FREE SHIPPING</strong></span><br>
CHRISTIE 4 Pc. Bedroom Set completes the bedroom with a relaxed, pulled-together look. As a bedroom bedroom set, it is designed to coordinate with matching pieces. The Contemporary character adds definition without feeling heavy. Built from Leatherette, Solid Wood, Wood Veneer, and finished in White tones for a clean, cohesive look.<br>
Product Dimensions: 93 7/8""L X 77""W X 27""H<br>
Size: Queen</p>

<p>Features<br>
- Low Profile Bed<br>
- Padded Headboard<br>
- Felt-lined Top Drawers<br>
- English Dovetail Drawer Construction<br>
- High Gloss Lacquer Coating<br>
- USB Charger in Night Stand<br>
- Slat Kit Included Included items and dimensions:<br>
- Nightstand: color: White; dimensions: 23 1 or 4"" W x 17 3 or 4""D x 7 1 or 8"" H; feature: Contemporary<br>
- Dresser: color: White; dimensions: 57 1 or 4"" W x 17 3 or 4""D x 31 7 or 8"" H; feature: Contemporary</p>

<p>Materials: Leatherette, Solid Wood, Wood Veneer.<br>
Color: White<br>
Weight: 451.8 lbs</p>",GOODDEGG,Furniture > Furniture Sets > Bedroom Furniture Sets,Bedroom Set,"Furniture of America, Quick Ship Furniture, New Arrival, Indoor Furniture, 2026",TRUE,Size,Queen,,,,,,,,CM7550Q-4PC,204933,shopify,20,deny,manual,2277,,TRUE,FALSE,,,,,,https://cdn.shopify.com/s/files/1/0268/6749/9079/files/CM7550-1.jpg,1,christie-4-pc-bedroom-set,FALSE,CHRISTIE 4 Pc. Bedroom Set,"Shop CHRISTIE 4 Pc. Bedroom Set. Contemporary style. Leatherette, Solid Wood build. Size: Queen. Free shipping. Buy now at GOODDEGG.",CM7550-1.jpg,lb,,939,active
christie-4-pc-bedroom-set,,,,,,,,,,,,,,,,,,,,,,,,,,,,,,,,https://cdn.shopify.com/s/files/1/0268/6749/9079/files/CM7550-4.jpg,2,christie-4-pc-bedroom-set,,,,,,,,
christie-4-pc-bedroom-set,,,,,,,,,,,,,,,,,,,,,,,,,,,,,,,,https://cdn.shopify.com/s/files/1/0268/6749/9079/files/CM7550-1-Z.jpg,3,christie-4-pc-bedroom-set,,,,,,,,
christie-5-pc-bedroom-set-w-2ns,CHRISTIE 5 Pc. Bedroom Set w/ 2NS,"<p><span style=""color:#1e73be;""><strong>FREE SHIPPING</strong></span><br>
CHRISTIE 5 Pc. Bedroom Set w/ 2NS brings a restful, finished feel to the bedroom. This bedroom bedroom set is made to fit naturally into the room. A Contemporary profile gives the space a refined, approachable look. Crafted with Leatherette, Solid Wood, Wood Veneer, then finished in White tones to suit a range of interiors.<br>
Product Dimensions: 93 7/8""L X 77""W X 27""H<br>
Size: Queen</p>

<p>Features<br>
- Low Profile Bed<br>
- Padded Headboard<br>
- Felt-lined Top Drawers<br>
- English Dovetail Drawer Construction<br>
- High Gloss Lacquer Coating<br>
- USB Charger in Night Stand<br>
- Slat Kit Included Included items and dimensions:<br>
- Nightstand: color: White; dimensions: 23 1 or 4"" W x 17 3 or 4""D x 7 1 or 8"" H; feature: Contemporary<br>
- Dresser: color: White; dimensions: 57 1 or 4"" W x 17 3 or 4""D x 31 7 or 8"" H; feature: Contemporary</p>

<p>Materials: Leatherette, Solid Wood, Wood Veneer.<br>
Color: White<br>
Weight: 490.14 lbs</p>",GOODDEGG,Furniture > Furniture Sets > Bedroom Furniture Sets,Bedroom Set,"Furniture of America, Quick Ship Furniture, New Arrival, Indoor Furniture, 2026",TRUE,Size,Queen,,,,,,,,CM7550Q-5PC-2NS,222324,shopify,20,deny,manual,2457,,TRUE,FALSE,,,,,,https://cdn.shopify.com/s/files/1/0268/6749/9079/files/CM7550-1.jpg,1,christie-5-pc-bedroom-set-w-2ns,FALSE,CHRISTIE 5 Pc. Bedroom Set w/ 2NS,"Shop CHRISTIE 5 Pc. Bedroom Set w/ 2NS. Contemporary style. Leatherette, Solid Wood build. Size: Queen. Free shipping. Buy now at GOODDEGG.",CM7550-1.jpg,lb,,1019,active
christie-5-pc-bedroom-set-w-2ns,,,,,,,,,,,,,,,,,,,,,,,,,,,,,,,,https://cdn.shopify.com/s/files/1/0268/6749/9079/files/CM7550-4.jpg,2,christie-5-pc-bedroom-set-w-2ns,,,,,,,,
christie-5-pc-bedroom-set-w-2ns,,,,,,,,,,,,,,,,,,,,,,,,,,,,,,,,https://cdn.shopify.com/s/files/1/0268/6749/9079/files/CM7550-1-Z.jpg,3,christie-5-pc-bedroom-set-w-2ns,,,,,,,,
christie-5-pc-bedroom-set-w-chest,CHRISTIE 5 Pc. Bedroom Set w/ Chest,"<p><span style=""color:#1e73be;""><strong>FREE SHIPPING</strong></span><br>
Create a calm, coordinated retreat with CHRISTIE 5 Pc. Bedroom Set w/ Chest. Designed as a bedroom bedroom set, it pairs easily with surrounding decor. Its Contemporary styling keeps the room feeling polished yet comfortable. With Leatherette, Solid Wood, Wood Veneer, construction and White tones, it blends durability with visual warmth.<br>
Product Dimensions: 93 7/8""L X 77""W X 27""H<br>
Size: Queen</p>

<p>Features<br>
- Low Profile Bed<br>
- Padded Headboard<br>
- Felt-lined Top Drawers<br>
- English Dovetail Drawer Construction<br>
- High Gloss Lacquer Coating<br>
- USB Charger in Night Stand<br>
- Slat Kit Included Included items and dimensions:<br>
- Nightstand: color: White; dimensions: 23 1 or 4"" W x 17 3 or 4""D x 7 1 or 8"" H; feature: Contemporary<br>
- Dresser: color: White; dimensions: 57 1 or 4"" W x 17 3 or 4""D x 31 7 or 8"" H; feature: Contemporary<br>
- Chest: color: White; dimensions: 31 1 or 8"" W x 17 3 or 4""D x 51"" H; feature: Contemporary</p>

<p>Materials: Leatherette, Solid Wood, Wood Veneer.<br>
Color: White<br>
Weight: 634.29 lbs</p>",GOODDEGG,Furniture > Furniture Sets > Bedroom Furniture Sets,Bedroom Set,"Furniture of America, Quick Ship Furniture, New Arrival, Indoor Furniture, 2026",TRUE,Size,Queen,,,,,,,,CM7550Q-5PC-CHEST,287709,shopify,20,deny,manual,3084,,TRUE,FALSE,,,,,,https://cdn.shopify.com/s/files/1/0268/6749/9079/files/CM7550-1.jpg,1,christie-5-pc-bedroom-set-w-chest,FALSE,CHRISTIE 5 Pc. Bedroom Set w/ Chest,"Shop CHRISTIE 5 Pc. Bedroom Set w/ Chest. Contemporary style. Leatherette, Solid Wood build. Size: Queen. Free shipping. Buy now at GOODDEGG.",CM7550-1.jpg,lb,,1278,active
christie-5-pc-bedroom-set-w-chest,,,,,,,,,,,,,,,,,,,,,,,,,,,,,,,,https://cdn.shopify.com/s/files/1/0268/6749/9079/files/CM7550-4.jpg,2,christie-5-pc-bedroom-set-w-chest,,,,,,,,
christie-5-pc-bedroom-set-w-chest,,,,,,,,,,,,,,,,,,,,,,,,,,,,,,,,https://cdn.shopify.com/s/files/1/0268/6749/9079/files/CM7550-1-Z.jpg,3,christie-5-pc-bedroom-set-w-chest,,,,,,,,
cleburne-4-pc-bedroom-set,CLEBURNE 4 Pc. Bedroom Set,"<p><span style=""color:#1e73be;""><strong>FREE SHIPPING</strong></span><br>
CLEBURNE 4 Pc. Bedroom Set brings a restful, finished feel to the bedroom. This bedroom bedroom set is made to fit naturally into the room.<br>
Product Dimensions: 70.5""W X 92""D X 49.5""H<br>
Size: Queen Included items and dimensions:<br>
- Queen Headboard w/ LED: dimensions: 70.6"" W x 3.9""D x 49.6"" H<br>
- Queen Slats w/ Footboard (led): dimensions: 81.1"" W x 16.5""D x 10.4"" H<br>
- Nightstand w/ LED: color: Light Gray; dimensions: 26.5"" W x 16""D x 23"" H; feature: Contemporary<br>
- Dresser w/ LED: color: Light Gray; dimensions: 62.5"" W x 17.5""D x 33"" H; feature: Contemporary<br>
Weight: 715.51 lbs</p>",GOODDEGG,Furniture > Furniture Sets > Bedroom Furniture Sets,Bedroom Set,"Furniture of America, Quick Ship Furniture, New Arrival, Indoor Furniture, 2026",TRUE,Size,Queen,,,,,,,,FM72011LG-Q-4PC,324550,shopify,20,deny,manual,3177,,TRUE,FALSE,,,,,,FM72011LG-1.jpg,1,cleburne-4-pc-bedroom-set,FALSE,CLEBURNE 4 Pc. Bedroom Set,Shop CLEBURNE 4 Pc. Bedroom Set. Size: Queen. Free shipping. Buy now at GOODDEGG.,FM72011LG-1.jpg,lb,,1299,active
cleburne-4-pc-bedroom-set,,,,,,,,,,,,,,,,,,,,,,,,,,,,,,,,FM72011LG-2.jpg,2,cleburne-4-pc-bedroom-set,,,,,,,,
cleburne-4-pc-bedroom-set,,,,,,,,,,,,,,,,,,,,,,,,,,,,,,,,FM72011LG-3.jpg,3,cleburne-4-pc-bedroom-set,,,,,,,,
cleburne-5-pc-bedroom-set-w-2ns,CLEBURNE 5 Pc. Bedroom Set w/ 2NS,"<p><span style=""color:#1e73be;""><strong>FREE SHIPPING</strong></span><br>
Create a calm, coordinated retreat with CLEBURNE 5 Pc. Bedroom Set w/ 2NS. Designed as a bedroom bedroom set, it pairs easily with surrounding decor.<br>
Product Dimensions: 70.5""W X 92""D X 49.5""H<br>
Size: Queen Included items and dimensions:<br>
- Queen Headboard w/ LED: dimensions: 70.6"" W x 3.9""D x 49.6"" H<br>
- Queen Slats w/ Footboard (led): dimensions: 81.1"" W x 16.5""D x 10.4"" H<br>
- Nightstand w/ LED: color: Light Gray; dimensions: 26.5"" W x 16""D x 23"" H; feature: Contemporary<br>
- Dresser w/ LED: color: Light Gray; dimensions: 62.5"" W x 17.5""D x 33"" H; feature: Contemporary<br>
Weight: 790.47 lbs</p>",GOODDEGG,Furniture > Furniture Sets > Bedroom Furniture Sets,Bedroom Set,"Furniture of America, Quick Ship Furniture, New Arrival, Indoor Furniture, 2026",TRUE,Size,Queen,,,,,,,,FM72011LG-Q-5PC-2NS,358551,shopify,20,deny,manual,3627,,TRUE,FALSE,,,,,,FM72011LG-1.jpg,1,cleburne-5-pc-bedroom-set-w-2ns,FALSE,CLEBURNE 5 Pc. Bedroom Set w/ 2NS,Shop CLEBURNE 5 Pc. Bedroom Set w/ 2NS. Size: Queen. Free shipping. Buy now at GOODDEGG.,FM72011LG-1.jpg,lb,,1479,active
cleburne-5-pc-bedroom-set-w-2ns,,,,,,,,,,,,,,,,,,,,,,,,,,,,,,,,FM72011LG-2.jpg,2,cleburne-5-pc-bedroom-set-w-2ns,,,,,,,,
cleburne-5-pc-bedroom-set-w-2ns,,,,,,,,,,,,,,,,,,,,,,,,,,,,,,,,FM72011LG-3.jpg,3,cleburne-5-pc-bedroom-set-w-2ns,,,,,,,,
cleburne-5-pc-bedroom-set-w-chest,CLEBURNE 5 Pc. Bedroom Set w/ Chest,"<p><span style=""color:#1e73be;""><strong>FREE SHIPPING</strong></span><br>
CLEBURNE 5 Pc. Bedroom Set w/ Chest completes the bedroom with a relaxed, pulled-together look. As a bedroom bedroom set, it is designed to coordinate with matching pieces.<br>
Product Dimensions: 70.5""W X 92""D X 49.5""H<br>
Size: Queen Included items and dimensions:<br>
- Queen Headboard w/ LED: dimensions: 70.6"" W x 3.9""D x 49.6"" H<br>
- Queen Slats w/ Footboard (led): dimensions: 81.1"" W x 16.5""D x 10.4"" H<br>
- Nightstand w/ LED: color: Light Gray; dimensions: 26.5"" W x 16""D x 23"" H; feature: Contemporary<br>
- Dresser w/ LED: color: Light Gray; dimensions: 62.5"" W x 17.5""D x 33"" H; feature: Contemporary<br>
- Chest w/ LED: color: Light Gray; dimensions: 35.5"" W x 19""D x 47"" H; feature: Contemporary<br>
Weight: 936.81 lbs</p>",GOODDEGG,Furniture > Furniture Sets > Bedroom Furniture Sets,Bedroom Set,"Furniture of America, Quick Ship Furniture, New Arrival, Indoor Furniture, 2026",TRUE,Size,Queen,,,,,,,,FM72011LG-Q-5PC-CHE,424930,shopify,20,deny,manual,4314,,TRUE,FALSE,,,,,,FM72011LG-1.jpg,1,cleburne-5-pc-bedroom-set-w-chest,FALSE,CLEBURNE 5 Pc. Bedroom Set w/ Chest,Shop CLEBURNE 5 Pc. Bedroom Set w/ Chest. Size: Queen. Free shipping. Buy now at GOODDEGG.,FM72011LG-1.jpg,lb,,1799,active
cleburne-5-pc-bedroom-set-w-chest,,,,,,,,,,,,,,,,,,,,,,,,,,,,,,,,FM72011LG-2.jpg,2,cleburne-5-pc-bedroom-set-w-chest,,,,,,,,
cleburne-5-pc-bedroom-set-w-chest,,,,,,,,,,,,,,,,,,,,,,,,,,,,,,,,FM72011LG-3.jpg,3,cleburne-5-pc-bedroom-set-w-chest,,,,,,,,
clementine-4-pc-bedroom-set,CLEMENTINE 4 Pc. Bedroom Set,"<p><span style=""color:#1e73be;""><strong>FREE SHIPPING</strong></span><br>
CLEMENTINE 4 Pc. Bedroom Set brings a restful, finished feel to the bedroom. This bedroom bedroom set is made to fit naturally into the room. A Contemporary profile gives the space a refined, approachable look. Crafted with Leatherette, Solid Wood, Wood Veneer, Engineered Wood, then finished in Glossy White tones to suit a range of interiors.<br>
Product Dimensions: 84 1/8""L X 63 3/8""W X 48 5/8""H<br>
Size: Queen</p>

<p>Features<br>
- Button Tufted Padded Headboard<br>
- LED Lights Trim on Headboard<br>
- Chrome Accents<br>
- High Gloss Lacquer Coating<br>
- Felt-lined Top Drawers & Ball Bearing Metal Glides<br>
- English Dovetail Drawer Construction<br>
- Foundation Required Included items and dimensions:<br>
- Nightstand: color: Glossy White; dimensions: 23 1 or 4"" W x 15 3 or 8""D x 22 5 or 8"" H; feature: Contemporary<br>
- Dresser: color: Glossy White; dimensions: 63"" W x 17 3 or 4""D x 33 7 or 8"" H; feature: Contemporary</p>

<p>Materials: Leatherette, Solid Wood, Wood Veneer, Engineered Wood.<br>
Color: Glossy White<br>
Weight: 399.03 lbs</p>",GOODDEGG,Furniture > Furniture Sets > Bedroom Furniture Sets,Bedroom Set,"Furniture of America, Quick Ship Furniture, New Arrival, Indoor Furniture, 2026",TRUE,Size,Queen,,,,,,,,CM7201Q-4PC,180997,shopify,20,deny,manual,2277,,TRUE,FALSE,,,,,,https://cdn.shopify.com/s/files/1/0268/6749/9079/files/CM7201-Z.jpg,1,clementine-4-pc-bedroom-set,FALSE,CLEMENTINE 4 Pc. Bedroom Set,"Shop CLEMENTINE 4 Pc. Bedroom Set. Contemporary style. Leatherette, Solid Wood build. Size: Queen. Free shipping. Buy now at GOODDEGG.",CM7201-Z.jpg,lb,,929,active
clementine-4-pc-bedroom-set,,,,,,,,,,,,,,,,,,,,,,,,,,,,,,,,https://cdn.shopify.com/s/files/1/0268/6749/9079/files/CM7201.jpg,2,clementine-4-pc-bedroom-set,,,,,,,,
clementine-4-pc-bedroom-set,,,,,,,,,,,,,,,,,,,,,,,,,,,,,,,,https://cdn.shopify.com/s/files/1/0268/6749/9079/files/CM7201N-DRAWER-Z.jpg,3,clementine-4-pc-bedroom-set,,,,,,,,
clementine-4-pc-bedroom-set,,,,,,,,,,,,,,,,,,,,,,,,,,,,,,,,https://cdn.shopify.com/s/files/1/0268/6749/9079/files/CM7201-button-Z.jpg,4,clementine-4-pc-bedroom-set,,,,,,,,
clementine-5-pc-bedroom-set-w-2ns,CLEMENTINE 5 Pc. Bedroom Set w/ 2NS,"<p><span style=""color:#1e73be;""><strong>FREE SHIPPING</strong></span><br>
Create a calm, coordinated retreat with CLEMENTINE 5 Pc. Bedroom Set w/ 2NS. Designed as a bedroom bedroom set, it pairs easily with surrounding decor. Its Contemporary styling keeps the room feeling polished yet comfortable. With Leatherette, Solid Wood, Wood Veneer, Engineered Wood construction and Glossy White tones, it blends durability with visual warmth.<br>
Product Dimensions: 84 1/8""L X 63 3/8""W X 48 5/8""H<br>
Size: Queen</p>

<p>Features<br>
- Button Tufted Padded Headboard<br>
- LED Lights Trim on Headboard<br>
- Chrome Accents<br>
- High Gloss Lacquer Coating<br>
- Felt-lined Top Drawers & Ball Bearing Metal Glides<br>
- English Dovetail Drawer Construction<br>
- Foundation Required Included items and dimensions:<br>
- Nightstand: color: Glossy White; dimensions: 23 1 or 4"" W x 15 3 or 8""D x 22 5 or 8"" H; feature: Contemporary<br>
- Dresser: color: Glossy White; dimensions: 63"" W x 17 3 or 4""D x 33 7 or 8"" H; feature: Contemporary</p>

<p>Materials: Leatherette, Solid Wood, Wood Veneer, Engineered Wood.<br>
Color: Glossy White<br>
Weight: 458.55 lbs</p>",GOODDEGG,Furniture > Furniture Sets > Bedroom Furniture Sets,Bedroom Set,"Furniture of America, Quick Ship Furniture, New Arrival, Indoor Furniture, 2026",TRUE,Size,Queen,,,,,,,,CM7201Q-5PC-2NS,207995,shopify,20,deny,manual,2607,,TRUE,FALSE,,,,,,https://cdn.shopify.com/s/files/1/0268/6749/9079/files/CM7201-Z.jpg,1,clementine-5-pc-bedroom-set-w-2ns,FALSE,CLEMENTINE 5 Pc. Bedroom Set w/ 2NS,"Shop CLEMENTINE 5 Pc. Bedroom Set w/ 2NS. Contemporary style. Leatherette, Solid Wood build. Size: Queen. Free shipping. Buy now at GOODDEGG.",CM7201-Z.jpg,lb,,1069,active
clementine-5-pc-bedroom-set-w-2ns,,,,,,,,,,,,,,,,,,,,,,,,,,,,,,,,https://cdn.shopify.com/s/files/1/0268/6749/9079/files/CM7201.jpg,2,clementine-5-pc-bedroom-set-w-2ns,,,,,,,,
clementine-5-pc-bedroom-set-w-2ns,,,,,,,,,,,,,,,,,,,,,,,,,,,,,,,,https://cdn.shopify.com/s/files/1/0268/6749/9079/files/CM7201N-DRAWER-Z.jpg,3,clementine-5-pc-bedroom-set-w-2ns,,,,,,,,
clementine-5-pc-bedroom-set-w-2ns,,,,,,,,,,,,,,,,,,,,,,,,,,,,,,,,https://cdn.shopify.com/s/files/1/0268/6749/9079/files/CM7201-button-Z.jpg,4,clementine-5-pc-bedroom-set-w-2ns,,,,,,,,
clementine-5-pc-bedroom-set-w-chest,CLEMENTINE 5 Pc. Bedroom Set w/ Chest,"<p><span style=""color:#1e73be;""><strong>FREE SHIPPING</strong></span><br>
CLEMENTINE 5 Pc. Bedroom Set w/ Chest completes the bedroom with a relaxed, pulled-together look. As a bedroom bedroom set, it is designed to coordinate with matching pieces. The Contemporary character adds definition without feeling heavy. Finished in Glossy White tones, the Leatherette, Solid Wood, Wood Veneer, Engineered Wood build keeps the look polished and practical.<br>
Product Dimensions: 84 1/8""L X 63 3/8""W X 48 5/8""H<br>
Size: Queen</p>

<p>Features<br>
- Button Tufted Padded Headboard<br>
- LED Lights Trim on Headboard<br>
- Chrome Accents<br>
- High Gloss Lacquer Coating<br>
- Felt-lined Top Drawers & Ball Bearing Metal Glides<br>
- English Dovetail Drawer Construction<br>
- Foundation Required Included items and dimensions:<br>
- Nightstand: color: Glossy White; dimensions: 23 1 or 4"" W x 15 3 or 8""D x 22 5 or 8"" H; feature: Contemporary<br>
- Dresser: color: Glossy White; dimensions: 63"" W x 17 3 or 4""D x 33 7 or 8"" H; feature: Contemporary<br>
- Chest: color: Glossy White; dimensions: 35"" W x 17 3 or 4""D x 50 7 or 8"" H; feature: Contemporary</p>

<p>Materials: Leatherette, Solid Wood, Wood Veneer, Engineered Wood.<br>
Color: Glossy White<br>
Weight: 553.35 lbs</p>",GOODDEGG,Furniture > Furniture Sets > Bedroom Furniture Sets,Bedroom Set,"Furniture of America, Quick Ship Furniture, New Arrival, Indoor Furniture, 2026",TRUE,Size,Queen,,,,,,,,CM7201Q-5PC-CHEST,250995,shopify,20,deny,manual,3174,,TRUE,FALSE,,,,,,https://cdn.shopify.com/s/files/1/0268/6749/9079/files/CM7201-Z.jpg,1,clementine-5-pc-bedroom-set-w-chest,FALSE,CLEMENTINE 5 Pc. Bedroom Set w/ Chest,"Shop CLEMENTINE 5 Pc. Bedroom Set w/ Chest. Contemporary style. Leatherette, Solid Wood build. Size: Queen. Free shipping. Buy now at GOODDEGG.",CM7201-Z.jpg,lb,,1278,active
clementine-5-pc-bedroom-set-w-chest,,,,,,,,,,,,,,,,,,,,,,,,,,,,,,,,https://cdn.shopify.com/s/files/1/0268/6749/9079/files/CM7201.jpg,2,clementine-5-pc-bedroom-set-w-chest,,,,,,,,
clementine-5-pc-bedroom-set-w-chest,,,,,,,,,,,,,,,,,,,,,,,,,,,,,,,,https://cdn.shopify.com/s/files/1/0268/6749/9079/files/CM7201N-DRAWER-Z.jpg,3,clementine-5-pc-bedroom-set-w-chest,,,,,,,,
clementine-5-pc-bedroom-set-w-chest,,,,,,,,,,,,,,,,,,,,,,,,,,,,,,,,https://cdn.shopify.com/s/files/1/0268/6749/9079/files/CM7201-button-Z.jpg,4,clementine-5-pc-bedroom-set-w-chest,,,,,,,,
conwy-4-pc-bedroom-set,CONWY 4 Pc. Bedroom Set,"<p><span style=""color:#1e73be;""><strong>FREE SHIPPING</strong></span><br>
CONWY 4 Pc. Bedroom Set brings a restful, finished feel to the bedroom. This bedroom bedroom set is made to fit naturally into the room. A Contemporary profile gives the space a refined, approachable look. Finished in Gray tones, the Paper Veneer, Engineered Wood build keeps the look polished and practical.<br>
Product Dimensions: 87 1/2""L X 63 5/8""W X 56 1/4""H<br>
Size: Queen</p>

<p>Features<br>
- Bookcase Headboard<br>
- Two-tone Design w/ Black Trim<br>
- Finger Pull Handles<br>
- Foundation Required Included items and dimensions:<br>
- Nightstand: color: Gray; dimensions: 23 5 or 8"" W x 16 3 or 8""D x 24 3 or 4"" H; feature: Contemporary<br>
- Dresser: color: Gray; dimensions: 59"" W x 16 3 or 8""D x 37"" H; feature: Contemporary</p>

<p>Materials: Paper Veneer, Engineered Wood.<br>
Color: Gray<br>
Weight: 375.61 lbs</p>",GOODDEGG,Furniture > Furniture Sets > Bedroom Furniture Sets,Bedroom Set,"Furniture of America, Quick Ship Furniture, New Arrival, Indoor Furniture, 2026",TRUE,Size,Queen,,,,,,,,CM7549Q-4PC,170374,shopify,20,deny,manual,1707,,TRUE,FALSE,,,,,,https://cdn.shopify.com/s/files/1/0268/6749/9079/files/CM7549-1-Z.jpg,1,conwy-4-pc-bedroom-set,FALSE,CONWY 4 Pc. Bedroom Set,"Shop CONWY 4 Pc. Bedroom Set. Contemporary style. Paper Veneer, Engineered Wood build. Size: Queen. Free shipping. Buy now at GOODDEGG.",CM7549-1-Z.jpg,lb,,749,active
conwy-4-pc-bedroom-set,,,,,,,,,,,,,,,,,,,,,,,,,,,,,,,,https://cdn.shopify.com/s/files/1/0268/6749/9079/files/CM7549-1.jpg,2,conwy-4-pc-bedroom-set,,,,,,,,
conwy-5-pc-bedroom-set-w-2ns,CONWY 5 Pc. Bedroom Set w/ 2NS,"<p><span style=""color:#1e73be;""><strong>FREE SHIPPING</strong></span><br>
Create a calm, coordinated retreat with CONWY 5 Pc. Bedroom Set w/ 2NS. Designed as a bedroom bedroom set, it pairs easily with surrounding decor. Its Contemporary styling keeps the room feeling polished yet comfortable. Built from Paper Veneer, Engineered Wood and finished in Gray tones for a clean, cohesive look.<br>
Product Dimensions: 87 1/2""L X 63 5/8""W X 56 1/4""H<br>
Size: Queen</p>

<p>Features<br>
- Bookcase Headboard<br>
- Two-tone Design w/ Black Trim<br>
- Finger Pull Handles<br>
- Foundation Required Included items and dimensions:<br>
- Nightstand: color: Gray; dimensions: 23 5 or 8"" W x 16 3 or 8""D x 24 3 or 4"" H; feature: Contemporary<br>
- Dresser: color: Gray; dimensions: 59"" W x 16 3 or 8""D x 37"" H; feature: Contemporary</p>

<p>Materials: Paper Veneer, Engineered Wood.<br>
Color: Gray<br>
Weight: 422.77 lbs</p>",GOODDEGG,Furniture > Furniture Sets > Bedroom Furniture Sets,Bedroom Set,"Furniture of America, Quick Ship Furniture, New Arrival, Indoor Furniture, 2026",TRUE,Size,Queen,,,,,,,,CM7549Q-5PC-2NS,191765,shopify,20,deny,manual,1977,,TRUE,FALSE,,,,,,https://cdn.shopify.com/s/files/1/0268/6749/9079/files/CM7549-1-Z.jpg,1,conwy-5-pc-bedroom-set-w-2ns,FALSE,CONWY 5 Pc. Bedroom Set w/ 2NS,"Shop CONWY 5 Pc. Bedroom Set w/ 2NS. Contemporary style. Paper Veneer, Engineered Wood build. Size: Queen. Free shipping. Buy now at GOODDEGG.",CM7549-1-Z.jpg,lb,,869,active
conwy-5-pc-bedroom-set-w-2ns,,,,,,,,,,,,,,,,,,,,,,,,,,,,,,,,https://cdn.shopify.com/s/files/1/0268/6749/9079/files/CM7549-1.jpg,2,conwy-5-pc-bedroom-set-w-2ns,,,,,,,,
conwy-5-pc-bedroom-set-w-chest,CONWY 5 Pc. Bedroom Set w/ Chest,"<p><span style=""color:#1e73be;""><strong>FREE SHIPPING</strong></span><br>
CONWY 5 Pc. Bedroom Set w/ Chest completes the bedroom with a relaxed, pulled-together look. As a bedroom bedroom set, it is designed to coordinate with matching pieces. The Contemporary character adds definition without feeling heavy. Crafted with Paper Veneer, Engineered Wood, then finished in Gray tones to suit a range of interiors.<br>
Product Dimensions: 87 1/2""L X 63 5/8""W X 56 1/4""H<br>
Size: Queen</p>

<p>Features<br>
- Bookcase Headboard<br>
- Two-tone Design w/ Black Trim<br>
- Finger Pull Handles<br>
- Foundation Required Included items and dimensions:<br>
- Nightstand: color: Gray; dimensions: 23 5 or 8"" W x 16 3 or 8""D x 24 3 or 4"" H; feature: Contemporary<br>
- Dresser: color: Gray; dimensions: 59"" W x 16 3 or 8""D x 37"" H; feature: Contemporary<br>
- Chest: color: Gray; dimensions: 35"" W x 16 3 or 8""D x 48 7 or 8"" H; feature: Contemporary</p>

<p>Materials: Paper Veneer, Engineered Wood.<br>
Color: Gray<br>
Weight: 519.75 lbs</p>",GOODDEGG,Furniture > Furniture Sets > Bedroom Furniture Sets,Bedroom Set,"Furniture of America, Quick Ship Furniture, New Arrival, Indoor Furniture, 2026",TRUE,Size,Queen,,,,,,,,CM7549Q-5PC-CHEST,235755,shopify,20,deny,manual,2274,,TRUE,FALSE,,,,,,https://cdn.shopify.com/s/files/1/0268/6749/9079/files/CM7549-1-Z.jpg,1,conwy-5-pc-bedroom-set-w-chest,FALSE,CONWY 5 Pc. Bedroom Set w/ Chest,"Shop CONWY 5 Pc. Bedroom Set w/ Chest. Contemporary style. Paper Veneer, Engineered Wood build. Size: Queen. Free shipping. Buy now at GOODDEGG.",CM7549-1-Z.jpg,lb,,1008,active
conwy-5-pc-bedroom-set-w-chest,,,,,,,,,,,,,,,,,,,,,,,,,,,,,,,,https://cdn.shopify.com/s/files/1/0268/6749/9079/files/CM7549-1.jpg,2,conwy-5-pc-bedroom-set-w-chest,,,,,,,,
crowthorne-4-pc-bedroom-set,CROWTHORNE 4 Pc. Bedroom Set,"<p><span style=""color:#1e73be;""><strong>FREE SHIPPING</strong></span><br>
Elevate your space with CROWTHORNE, styled in Contemporary and designed for everyday comfort.<br>
This bedroom bedroom set is made to fit naturally into the room. With Solid Rubberwood, White Oak Veneer, Metal, Engineered Wood and White Oak or Warm Gray tones, it blends structure and softness in one clean profile.<br>
Product Dimensions: 63.5&quot;W X 86&quot;D X 56.5&quot;H<br>
Size: Queen</p>

<p>Features<br>
- Solid Rubberwood<br>
- White Oak Veneer<br>
- Metal<br>
- Engineered Wood<br>
- Rounded Edges<br>
- Metal Slide Glide<br>
- French Front &amp; English Back Dovetail Drawers<br>
- Charging Port on Nightstand<br>
- Jewelry Tray Drawer<br>
- Felt-Lined Top Drawer<br>
- Cedarwood-lined Bottom Drawer<br>
- Heavy Duty Nickel Metal Hardware<br>
<strong>Variant Details</strong><br>
- <strong>Size: Queen | Color: White Oak | Dimensions: 63.5&quot;W X 86&quot;D X 56.5&quot;H | Weight: 496.75 lbs | Volume: 61.9 cuft</strong><br>
- <strong>Size: Queen | Color: Warm Gray | Dimensions: 63.5&quot;W X 86&quot;D X 56.5&quot;H | Weight: 498.11 lbs | Volume: 62.9 cuft</strong><br>
</p>

<p>Materials: Solid Rubberwood, White Oak Veneer, Metal, Engineered Wood.<br>
Color: White Oak or Warm Gray<br>
Weight: 496.75 - 498.11 lbs</p>",GOODDEGG,Furniture > Furniture Sets > Bedroom Furniture Sets,Bedroom Set,"Furniture of America, Quick Ship Furniture, New Arrival, Indoor Furniture, 2026",TRUE,Color,White Oak,,,,,,,,FM70100AK-Q-4PC,225322,shopify,20,deny,manual,3177,,TRUE,FALSE,,,,,,https://cdn.shopify.com/s/files/1/0268/6749/9079/files/FM70100AK-1-Z.jpg,1,crowthorne-4-pc-bedroom-set,FALSE,CROWTHORNE 4 Pc. Bedroom Set,"Shop CROWTHORNE 4 Pc. Bedroom Set. Contemporary style. Solid Rubberwood, White Oak Veneer build. Multiple colors available. Free shipping. Buy now at GOODDEGG.",FM70100AK-1-Z.jpg,lb,,1269,active
crowthorne-4-pc-bedroom-set,,,,,,,,,Warm Gray,,,,,,,,FM70100GY-Q-4PC,225939,shopify,20,deny,manual,3177,,TRUE,FALSE,,,,,,https://cdn.shopify.com/s/files/1/0268/6749/9079/files/FM70100AK-2.jpg,2,crowthorne-4-pc-bedroom-set,,,,FM70100GY-1-Z.jpg,lb,,1269,
crowthorne-4-pc-bedroom-set,,,,,,,,,,,,,,,,,,,,,,,,,,,,,,,,https://cdn.shopify.com/s/files/1/0268/6749/9079/files/FM70100AK-WB-1.jpg,3,crowthorne-4-pc-bedroom-set,,,,,,,,
crowthorne-4-pc-bedroom-set,,,,,,,,,,,,,,,,,,,,,,,,,,,,,,,,https://cdn.shopify.com/s/files/1/0268/6749/9079/files/FM70100AK-WB-2.jpg,4,crowthorne-4-pc-bedroom-set,,,,,,,,
crowthorne-4-pc-bedroom-set,,,,,,,,,,,,,,,,,,,,,,,,,,,,,,,,https://cdn.shopify.com/s/files/1/0268/6749/9079/files/FM70100AK-WB-3.jpg,5,crowthorne-4-pc-bedroom-set,,,,,,,,
crowthorne-4-pc-bedroom-set,,,,,,,,,,,,,,,,,,,,,,,,,,,,,,,,https://cdn.shopify.com/s/files/1/0268/6749/9079/files/FM70100AK-WB-4.jpg,6,crowthorne-4-pc-bedroom-set,,,,,,,,
crowthorne-4-pc-bedroom-set,,,,,,,,,,,,,,,,,,,,,,,,,,,,,,,,https://cdn.shopify.com/s/files/1/0268/6749/9079/files/FM70100AK-N-WB-1.jpg,7,crowthorne-4-pc-bedroom-set,,,,,,,,
crowthorne-4-pc-bedroom-set,,,,,,,,,,,,,,,,,,,,,,,,,,,,,,,,https://cdn.shopify.com/s/files/1/0268/6749/9079/files/FM70100AK-D-WB-1.jpg,8,crowthorne-4-pc-bedroom-set,,,,,,,,
crowthorne-4-pc-bedroom-set,,,,,,,,,,,,,,,,,,,,,,,,,,,,,,,,https://cdn.shopify.com/s/files/1/0268/6749/9079/files/FM70100GY-1-Z.jpg,9,crowthorne-4-pc-bedroom-set,,,,,,,,
crowthorne-4-pc-bedroom-set,,,,,,,,,,,,,,,,,,,,,,,,,,,,,,,,https://cdn.shopify.com/s/files/1/0268/6749/9079/files/FM70100GY-2.jpg,10,crowthorne-4-pc-bedroom-set,,,,,,,,
crowthorne-4-pc-bedroom-set,,,,,,,,,,,,,,,,,,,,,,,,,,,,,,,,https://cdn.shopify.com/s/files/1/0268/6749/9079/files/FM70100GY-N-WB-1.jpg,11,crowthorne-4-pc-bedroom-set,,,,,,,,
crowthorne-4-pc-bedroom-set,,,,,,,,,,,,,,,,,,,,,,,,,,,,,,,,https://cdn.shopify.com/s/files/1/0268/6749/9079/files/FM70100GY-N-WB-2.jpg,12,crowthorne-4-pc-bedroom-set,,,,,,,,
crowthorne-4-pc-bedroom-set,,,,,,,,,,,,,,,,,,,,,,,,,,,,,,,,https://cdn.shopify.com/s/files/1/0268/6749/9079/files/FM70100GY-N-WB-3.jpg,13,crowthorne-4-pc-bedroom-set,,,,,,,,
crowthorne-4-pc-bedroom-set,,,,,,,,,,,,,,,,,,,,,,,,,,,,,,,,https://cdn.shopify.com/s/files/1/0268/6749/9079/files/FM70100GY-N-WB-4.jpg,14,crowthorne-4-pc-bedroom-set,,,,,,,,
crowthorne-4-pc-bedroom-set,,,,,,,,,,,,,,,,,,,,,,,,,,,,,,,,https://cdn.shopify.com/s/files/1/0268/6749/9079/files/FM70100GY-N-WB-5.jpg,15,crowthorne-4-pc-bedroom-set,,,,,,,,
crowthorne-4-pc-bedroom-set,,,,,,,,,,,,,,,,,,,,,,,,,,,,,,,,FM70100GY-N-WB-6.jpg,16,crowthorne-4-pc-bedroom-set,,,,,,,,
crowthorne-4-pc-bedroom-set,,,,,,,,,,,,,,,,,,,,,,,,,,,,,,,,https://cdn.shopify.com/s/files/1/0268/6749/9079/files/FM70100GY-N-WB-7.jpg,17,crowthorne-4-pc-bedroom-set,,,,,,,,
crowthorne-5-pc-bedroom-set-w-2ns,CROWTHORNE 5 Pc. Bedroom Set w/2NS,"<p><span style=""color:#1e73be;""><strong>FREE SHIPPING</strong></span><br>
Elevate your space with CROWTHORNE, styled in Contemporary and designed for everyday comfort.<br>
This bedroom bedroom set is made to fit naturally into the room. With Solid Rubberwood, White Oak Veneer, Metal, Engineered Wood and White Oak or Warm Gray tones, it blends structure and softness in one clean profile.<br>
Product Dimensions: 63.5&quot;W X 86&quot;D X 56.5&quot;H<br>
Size: Queen</p>

<p>Features<br>
- Solid Rubberwood<br>
- White Oak Veneer<br>
- Metal<br>
- Engineered Wood<br>
- Rounded Edges<br>
- Metal Slide Glide<br>
- French Front &amp; English Back Dovetail Drawers<br>
- Charging Port on Nightstand<br>
- Jewelry Tray Drawer<br>
- Felt-Lined Top Drawer<br>
- Cedarwood-lined Bottom Drawer<br>
- Heavy Duty Nickel Metal Hardware<br>
<strong>Variant Details</strong><br>
- <strong>Size: Queen | Color: White Oak | Dimensions: 63.5&quot;W X 86&quot;D X 56.5&quot;H | Weight: 561.25 lbs | Volume: 72.4 cuft</strong><br>
- <strong>Size: Queen | Color: Warm Gray | Dimensions: 63.5&quot;W X 86&quot;D X 56.5&quot;H | Weight: 563.01 lbs | Volume: 73.4 cuft</strong><br>
</p>

<p>Materials: Solid Rubberwood, White Oak Veneer, Metal, Engineered Wood.<br>
Color: White Oak or Warm Gray<br>
Weight: 561.25 - 563.01 lbs</p>",GOODDEGG,Furniture > Furniture Sets > Bedroom Furniture Sets,Bedroom Set,"Furniture of America, Quick Ship Furniture, New Arrival, Indoor Furniture, 2026",TRUE,Color,White Oak,,,,,,,,FM70100AK-Q-5PC-2NS,254579,shopify,20,deny,manual,3687,,TRUE,FALSE,,,,,,https://cdn.shopify.com/s/files/1/0268/6749/9079/files/FM70100AK-1-Z.jpg,1,crowthorne-5-pc-bedroom-set-w-2ns,FALSE,CROWTHORNE 5 Pc. Bedroom Set w/2NS,Shop CROWTHORNE 5 Pc. Bedroom Set w/2NS. Multiple colors available. Free shipping from GOODDEGG. Buy now.,FM70100AK-1-Z.jpg,lb,,1479,active
crowthorne-5-pc-bedroom-set-w-2ns,,,,,,,,,Warm Gray,,,,,,,,FM70100GY-Q-5PC-2NS,255377,shopify,20,deny,manual,3687,,TRUE,FALSE,,,,,,https://cdn.shopify.com/s/files/1/0268/6749/9079/files/FM70100AK-2.jpg,2,crowthorne-5-pc-bedroom-set-w-2ns,,,,FM70100GY-1-Z.jpg,lb,,1479,
crowthorne-5-pc-bedroom-set-w-2ns,,,,,,,,,,,,,,,,,,,,,,,,,,,,,,,,https://cdn.shopify.com/s/files/1/0268/6749/9079/files/FM70100AK-WB-1.jpg,3,crowthorne-5-pc-bedroom-set-w-2ns,,,,,,,,
crowthorne-5-pc-bedroom-set-w-2ns,,,,,,,,,,,,,,,,,,,,,,,,,,,,,,,,https://cdn.shopify.com/s/files/1/0268/6749/9079/files/FM70100AK-WB-2.jpg,4,crowthorne-5-pc-bedroom-set-w-2ns,,,,,,,,
crowthorne-5-pc-bedroom-set-w-2ns,,,,,,,,,,,,,,,,,,,,,,,,,,,,,,,,https://cdn.shopify.com/s/files/1/0268/6749/9079/files/FM70100AK-WB-3.jpg,5,crowthorne-5-pc-bedroom-set-w-2ns,,,,,,,,
crowthorne-5-pc-bedroom-set-w-2ns,,,,,,,,,,,,,,,,,,,,,,,,,,,,,,,,https://cdn.shopify.com/s/files/1/0268/6749/9079/files/FM70100AK-WB-4.jpg,6,crowthorne-5-pc-bedroom-set-w-2ns,,,,,,,,
crowthorne-5-pc-bedroom-set-w-2ns,,,,,,,,,,,,,,,,,,,,,,,,,,,,,,,,https://cdn.shopify.com/s/files/1/0268/6749/9079/files/FM70100AK-N-WB-1.jpg,7,crowthorne-5-pc-bedroom-set-w-2ns,,,,,,,,
crowthorne-5-pc-bedroom-set-w-2ns,,,,,,,,,,,,,,,,,,,,,,,,,,,,,,,,https://cdn.shopify.com/s/files/1/0268/6749/9079/files/FM70100AK-D-WB-1.jpg,8,crowthorne-5-pc-bedroom-set-w-2ns,,,,,,,,
crowthorne-5-pc-bedroom-set-w-2ns,,,,,,,,,,,,,,,,,,,,,,,,,,,,,,,,https://cdn.shopify.com/s/files/1/0268/6749/9079/files/FM70100GY-1-Z.jpg,9,crowthorne-5-pc-bedroom-set-w-2ns,,,,,,,,
crowthorne-5-pc-bedroom-set-w-2ns,,,,,,,,,,,,,,,,,,,,,,,,,,,,,,,,https://cdn.shopify.com/s/files/1/0268/6749/9079/files/FM70100GY-2.jpg,10,crowthorne-5-pc-bedroom-set-w-2ns,,,,,,,,
crowthorne-5-pc-bedroom-set-w-2ns,,,,,,,,,,,,,,,,,,,,,,,,,,,,,,,,https://cdn.shopify.com/s/files/1/0268/6749/9079/files/FM70100GY-N-WB-1.jpg,11,crowthorne-5-pc-bedroom-set-w-2ns,,,,,,,,
crowthorne-5-pc-bedroom-set-w-2ns,,,,,,,,,,,,,,,,,,,,,,,,,,,,,,,,https://cdn.shopify.com/s/files/1/0268/6749/9079/files/FM70100GY-N-WB-2.jpg,12,crowthorne-5-pc-bedroom-set-w-2ns,,,,,,,,
crowthorne-5-pc-bedroom-set-w-2ns,,,,,,,,,,,,,,,,,,,,,,,,,,,,,,,,https://cdn.shopify.com/s/files/1/0268/6749/9079/files/FM70100GY-N-WB-3.jpg,13,crowthorne-5-pc-bedroom-set-w-2ns,,,,,,,,
crowthorne-5-pc-bedroom-set-w-2ns,,,,,,,,,,,,,,,,,,,,,,,,,,,,,,,,https://cdn.shopify.com/s/files/1/0268/6749/9079/files/FM70100GY-N-WB-4.jpg,14,crowthorne-5-pc-bedroom-set-w-2ns,,,,,,,,
crowthorne-5-pc-bedroom-set-w-2ns,,,,,,,,,,,,,,,,,,,,,,,,,,,,,,,,https://cdn.shopify.com/s/files/1/0268/6749/9079/files/FM70100GY-N-WB-5.jpg,15,crowthorne-5-pc-bedroom-set-w-2ns,,,,,,,,
crowthorne-5-pc-bedroom-set-w-2ns,,,,,,,,,,,,,,,,,,,,,,,,,,,,,,,,FM70100GY-N-WB-6.jpg,16,crowthorne-5-pc-bedroom-set-w-2ns,,,,,,,,
crowthorne-5-pc-bedroom-set-w-2ns,,,,,,,,,,,,,,,,,,,,,,,,,,,,,,,,https://cdn.shopify.com/s/files/1/0268/6749/9079/files/FM70100GY-N-WB-7.jpg,17,crowthorne-5-pc-bedroom-set-w-2ns,,,,,,,,
crowthorne-5-pc-bedroom-set-w-chest,CROWTHORNE 5 Pc. Bedroom Set w/Chest,"<p><span style=""color:#1e73be;""><strong>FREE SHIPPING</strong></span><br>
Elevate your space with CROWTHORNE, styled in Contemporary and designed for everyday comfort.<br>
This bedroom bedroom set is made to fit naturally into the room. With Solid Rubberwood, White Oak Veneer, Metal, Engineered Wood and White Oak or Warm Gray tones, it blends structure and softness in one clean profile.<br>
Product Dimensions: 63.5&quot;W X 86&quot;D X 56.5&quot;H<br>
Size: Queen</p>

<p>Features<br>
- Solid Rubberwood<br>
- White Oak Veneer<br>
- Metal<br>
- Engineered Wood<br>
- Rounded Edges<br>
- Metal Slide Glide<br>
- French Front &amp; English Back Dovetail Drawers<br>
- Charging Port on Nightstand<br>
- Jewelry Tray Drawer<br>
- Felt-Lined Top Drawer<br>
- Cedarwood-lined Bottom Drawer<br>
- Heavy Duty Nickel Metal Hardware<br>
<strong>Variant Details</strong><br>
- <strong>Size: Queen | Color: White Oak | Dimensions: 63.5&quot;W X 86&quot;D X 56.5&quot;H | Weight: 711.65 lbs | Volume: 89.9 cuft</strong><br>
- <strong>Size: Queen | Color: Warm Gray | Dimensions: 63.5&quot;W X 86&quot;D X 56.5&quot;H | Weight: 714.31 lbs | Volume: 91.7 cuft</strong><br>
</p>

<p>Materials: Solid Rubberwood, White Oak Veneer, Metal, Engineered Wood.<br>
Color: White Oak or Warm Gray<br>
Weight: 711.65 - 714.31 lbs</p>",GOODDEGG,Furniture > Furniture Sets > Bedroom Furniture Sets,Bedroom Set,"Furniture of America, Quick Ship Furniture, New Arrival, Indoor Furniture, 2026",TRUE,Color,White Oak,,,,,,,,FM70100AK-Q-5PC-C,322799,shopify,20,deny,manual,4284,,TRUE,FALSE,,,,,,https://cdn.shopify.com/s/files/1/0268/6749/9079/files/FM70100AK-1-Z.jpg,1,crowthorne-5-pc-bedroom-set-w-chest,FALSE,CROWTHORNE 5 Pc. Bedroom Set w/Chest,Shop CROWTHORNE 5 Pc. Bedroom Set w/Chest. Multiple colors available. Free shipping from GOODDEGG. Buy now.,FM70100AK-1-Z.jpg,lb,,1738,active
crowthorne-5-pc-bedroom-set-w-chest,,,,,,,,,Warm Gray,,,,,,,,FM70100GY-Q-5PC-C,324006,shopify,20,deny,manual,4284,,TRUE,FALSE,,,,,,https://cdn.shopify.com/s/files/1/0268/6749/9079/files/FM70100AK-2.jpg,2,crowthorne-5-pc-bedroom-set-w-chest,,,,FM70100GY-1-Z.jpg,lb,,1738,
crowthorne-5-pc-bedroom-set-w-chest,,,,,,,,,,,,,,,,,,,,,,,,,,,,,,,,https://cdn.shopify.com/s/files/1/0268/6749/9079/files/FM70100AK-WB-1.jpg,3,crowthorne-5-pc-bedroom-set-w-chest,,,,,,,,
crowthorne-5-pc-bedroom-set-w-chest,,,,,,,,,,,,,,,,,,,,,,,,,,,,,,,,https://cdn.shopify.com/s/files/1/0268/6749/9079/files/FM70100AK-WB-2.jpg,4,crowthorne-5-pc-bedroom-set-w-chest,,,,,,,,
crowthorne-5-pc-bedroom-set-w-chest,,,,,,,,,,,,,,,,,,,,,,,,,,,,,,,,https://cdn.shopify.com/s/files/1/0268/6749/9079/files/FM70100AK-WB-3.jpg,5,crowthorne-5-pc-bedroom-set-w-chest,,,,,,,,
crowthorne-5-pc-bedroom-set-w-chest,,,,,,,,,,,,,,,,,,,,,,,,,,,,,,,,https://cdn.shopify.com/s/files/1/0268/6749/9079/files/FM70100AK-WB-4.jpg,6,crowthorne-5-pc-bedroom-set-w-chest,,,,,,,,
crowthorne-5-pc-bedroom-set-w-chest,,,,,,,,,,,,,,,,,,,,,,,,,,,,,,,,https://cdn.shopify.com/s/files/1/0268/6749/9079/files/FM70100AK-N-WB-1.jpg,7,crowthorne-5-pc-bedroom-set-w-chest,,,,,,,,
crowthorne-5-pc-bedroom-set-w-chest,,,,,,,,,,,,,,,,,,,,,,,,,,,,,,,,https://cdn.shopify.com/s/files/1/0268/6749/9079/files/FM70100AK-D-WB-1.jpg,8,crowthorne-5-pc-bedroom-set-w-chest,,,,,,,,
crowthorne-5-pc-bedroom-set-w-chest,,,,,,,,,,,,,,,,,,,,,,,,,,,,,,,,https://cdn.shopify.com/s/files/1/0268/6749/9079/files/FM70100AK-C-WB-1.jpg,9,crowthorne-5-pc-bedroom-set-w-chest,,,,,,,,
crowthorne-5-pc-bedroom-set-w-chest,,,,,,,,,,,,,,,,,,,,,,,,,,,,,,,,https://cdn.shopify.com/s/files/1/0268/6749/9079/files/FM70100GY-1-Z.jpg,10,crowthorne-5-pc-bedroom-set-w-chest,,,,,,,,
crowthorne-5-pc-bedroom-set-w-chest,,,,,,,,,,,,,,,,,,,,,,,,,,,,,,,,https://cdn.shopify.com/s/files/1/0268/6749/9079/files/FM70100GY-2.jpg,11,crowthorne-5-pc-bedroom-set-w-chest,,,,,,,,
crowthorne-5-pc-bedroom-set-w-chest,,,,,,,,,,,,,,,,,,,,,,,,,,,,,,,,https://cdn.shopify.com/s/files/1/0268/6749/9079/files/FM70100GY-N-WB-1.jpg,12,crowthorne-5-pc-bedroom-set-w-chest,,,,,,,,
crowthorne-5-pc-bedroom-set-w-chest,,,,,,,,,,,,,,,,,,,,,,,,,,,,,,,,https://cdn.shopify.com/s/files/1/0268/6749/9079/files/FM70100GY-N-WB-2.jpg,13,crowthorne-5-pc-bedroom-set-w-chest,,,,,,,,
crowthorne-5-pc-bedroom-set-w-chest,,,,,,,,,,,,,,,,,,,,,,,,,,,,,,,,https://cdn.shopify.com/s/files/1/0268/6749/9079/files/FM70100GY-N-WB-3.jpg,14,crowthorne-5-pc-bedroom-set-w-chest,,,,,,,,
crowthorne-5-pc-bedroom-set-w-chest,,,,,,,,,,,,,,,,,,,,,,,,,,,,,,,,https://cdn.shopify.com/s/files/1/0268/6749/9079/files/FM70100GY-N-WB-4.jpg,15,crowthorne-5-pc-bedroom-set-w-chest,,,,,,,,
crowthorne-5-pc-bedroom-set-w-chest,,,,,,,,,,,,,,,,,,,,,,,,,,,,,,,,https://cdn.shopify.com/s/files/1/0268/6749/9079/files/FM70100GY-N-WB-5.jpg,16,crowthorne-5-pc-bedroom-set-w-chest,,,,,,,,
crowthorne-5-pc-bedroom-set-w-chest,,,,,,,,,,,,,,,,,,,,,,,,,,,,,,,,FM70100GY-N-WB-6.jpg,17,crowthorne-5-pc-bedroom-set-w-chest,,,,,,,,
crowthorne-5-pc-bedroom-set-w-chest,,,,,,,,,,,,,,,,,,,,,,,,,,,,,,,,https://cdn.shopify.com/s/files/1/0268/6749/9079/files/FM70100GY-N-WB-7.jpg,18,crowthorne-5-pc-bedroom-set-w-chest,,,,,,,,
demetria-4-pc-bedroom-set,DEMETRIA 4 Pc. Bedroom Set,"<p><span style=""color:#1e73be;""><strong>FREE SHIPPING</strong></span><br>
Create a calm, coordinated retreat with DEMETRIA 4 Pc. Bedroom Set. Designed as a bedroom bedroom set, it pairs easily with surrounding decor. Its Contemporary styling keeps the room feeling polished yet comfortable. Finished in Metallic Gray tones, the Fabric, Mirror, Solid Wood, Engineered Wood build keeps the look polished and practical.<br>
Product Dimensions: 90 5/8""L X 63 1/2""W X 67 7/8""H<br>
Size: Queen</p>

<p>Features<br>
- Crystal-Like Acrylic Button Tufted Headboard<br>
- Pebbled Texture Diamond Pattern<br>
- LED Light Trim on Headboard<br>
- Felt-lined Top Drawers<br>
- English Dovetail Drawer Construction<br>
- Foundation Required Included items and dimensions:<br>
- Nightstand: color: Metallic Gray; dimensions: 29 5 or 8"" L x 17 1 or 2"" W x 30 1 or 2"" H; feature: Contemporary<br>
- Dresser: color: Metallic Gray; dimensions: 64 7 or 8"" L x 17 or 1 or 2"" W x 40 7 or 8"" H; feature: Contemporary</p>

<p>Materials: Fabric, Mirror, Solid Wood, Engineered Wood.<br>
Color: Metallic Gray<br>
Weight: 543.62 lbs</p>",GOODDEGG,Furniture > Furniture Sets > Bedroom Furniture Sets,Bedroom Set,"Furniture of America, Quick Ship Furniture, New Arrival, Indoor Furniture, 2026",TRUE,Size,Queen,,,,,,,,CM7584Q-4PC,246582,shopify,20,deny,manual,3507,,TRUE,FALSE,,,,,,https://cdn.shopify.com/s/files/1/0268/6749/9079/files/CM7584-1.jpg,1,demetria-4-pc-bedroom-set,FALSE,DEMETRIA 4 Pc. Bedroom Set,"Shop DEMETRIA 4 Pc. Bedroom Set. Contemporary style. Fabric, Mirror build. Size: Queen. Free shipping. Buy now at GOODDEGG.",CM7584-1.jpg,lb,,1329,active
demetria-4-pc-bedroom-set,,,,,,,,,,,,,,,,,,,,,,,,,,,,,,,,https://cdn.shopify.com/s/files/1/0268/6749/9079/files/CM7584-Z.jpg,2,demetria-4-pc-bedroom-set,,,,,,,,
demetria-5-pc-bedroom-set-w-2ns,DEMETRIA 5 Pc. Bedroom Set w/ 2NS,"<p><span style=""color:#1e73be;""><strong>FREE SHIPPING</strong></span><br>
DEMETRIA 5 Pc. Bedroom Set w/ 2NS completes the bedroom with a relaxed, pulled-together look. As a bedroom bedroom set, it is designed to coordinate with matching pieces. The Contemporary character adds definition without feeling heavy. Built from Fabric, Mirror, Solid Wood, Engineered Wood and finished in Metallic Gray tones for a clean, cohesive look.<br>
Product Dimensions: 90 5/8""L X 63 1/2""W X 67 7/8""H<br>
Size: Queen</p>

<p>Features<br>
- Crystal-Like Acrylic Button Tufted Headboard<br>
- Pebbled Texture Diamond Pattern<br>
- LED Light Trim on Headboard<br>
- Felt-lined Top Drawers<br>
- English Dovetail Drawer Construction<br>
- Foundation Required Included items and dimensions:<br>
- Nightstand: color: Metallic Gray; dimensions: 29 5 or 8"" L x 17 1 or 2"" W x 30 1 or 2"" H; feature: Contemporary<br>
- Dresser: color: Metallic Gray; dimensions: 64 7 or 8"" L x 17 or 1 or 2"" W x 40 7 or 8"" H; feature: Contemporary</p>

<p>Materials: Fabric, Mirror, Solid Wood, Engineered Wood.<br>
Color: Metallic Gray<br>
Weight: 652.74 lbs</p>",GOODDEGG,Furniture > Furniture Sets > Bedroom Furniture Sets,Bedroom Set,"Furniture of America, Quick Ship Furniture, New Arrival, Indoor Furniture, 2026",TRUE,Size,Queen,,,,,,,,CM7584Q-5PC-2NS,296078,shopify,20,deny,manual,4047,,TRUE,FALSE,,,,,,https://cdn.shopify.com/s/files/1/0268/6749/9079/files/CM7584-1.jpg,1,demetria-5-pc-bedroom-set-w-2ns,FALSE,DEMETRIA 5 Pc. Bedroom Set w/ 2NS,"Shop DEMETRIA 5 Pc. Bedroom Set w/ 2NS. Contemporary style. Fabric, Mirror build. Size: Queen. Free shipping. Buy now at GOODDEGG.",CM7584-1.jpg,lb,,1529,active
demetria-5-pc-bedroom-set-w-2ns,,,,,,,,,,,,,,,,,,,,,,,,,,,,,,,,https://cdn.shopify.com/s/files/1/0268/6749/9079/files/CM7584-Z.jpg,2,demetria-5-pc-bedroom-set-w-2ns,,,,,,,,
demetria-5-pc-bedroom-set-w-chest,DEMETRIA 5 Pc. Bedroom Set w/ Chest,"<p><span style=""color:#1e73be;""><strong>FREE SHIPPING</strong></span><br>
DEMETRIA 5 Pc. Bedroom Set w/ Chest brings a restful, finished feel to the bedroom. This bedroom bedroom set is made to fit naturally into the room. A Contemporary profile gives the space a refined, approachable look. Crafted with Fabric, Mirror, Solid Wood, Engineered Wood, then finished in Metallic Gray tones to suit a range of interiors.<br>
Product Dimensions: 90 5/8""L X 63 1/2""W X 67 7/8""H<br>
Size: Queen</p>

<p>Features<br>
- Pebbled Texture Diamond Pattern<br>
- Felt-lined Top Drawers<br>
- English Dovetail Drawer Construction Included items and dimensions:<br>
- Nightstand: color: Metallic Gray; dimensions: 29 5 or 8"" L x 17 1 or 2"" W x 30 1 or 2"" H; feature: Contemporary<br>
- Dresser: color: Metallic Gray; dimensions: 64 7 or 8"" L x 17 or 1 or 2"" W x 40 7 or 8"" H; feature: Contemporary<br>
- Chest: color: Metallic Gray; dimensions: 37 3 or 4"" L x 17 1 or 2"" W x 53 7 or 8"" H; feature: Contemporary</p>

<p>Materials: Fabric, Mirror, Solid Wood, Engineered Wood.<br>
Color: Metallic Gray<br>
Weight: 695.73 lbs</p>",GOODDEGG,Furniture > Furniture Sets > Bedroom Furniture Sets,Bedroom Set,"Furniture of America, Quick Ship Furniture, New Arrival, Indoor Furniture, 2026",TRUE,Size,Queen,,,,,,,,CM7584Q-5PC-CHEST,315578,shopify,20,deny,manual,4524,,TRUE,FALSE,,,,,,https://cdn.shopify.com/s/files/1/0268/6749/9079/files/CM7584-1.jpg,1,demetria-5-pc-bedroom-set-w-chest,FALSE,DEMETRIA 5 Pc. Bedroom Set w/ Chest,"Shop DEMETRIA 5 Pc. Bedroom Set w/ Chest. Contemporary style. Fabric, Mirror build. Size: Queen. Free shipping. Buy now at GOODDEGG.",CM7584-1.jpg,lb,,1728,active
demetria-5-pc-bedroom-set-w-chest,,,,,,,,,,,,,,,,,,,,,,,,,,,,,,,,https://cdn.shopify.com/s/files/1/0268/6749/9079/files/CM7584DR-1.jpg,2,demetria-5-pc-bedroom-set-w-chest,,,,,,,,
demetria-5-pc-bedroom-set-w-chest,,,,,,,,,,,,,,,,,,,,,,,,,,,,,,,,https://cdn.shopify.com/s/files/1/0268/6749/9079/files/CM7584N-1.jpg,3,demetria-5-pc-bedroom-set-w-chest,,,,,,,,
demetria-5-pc-bedroom-set-w-chest,,,,,,,,,,,,,,,,,,,,,,,,,,,,,,,,https://cdn.shopify.com/s/files/1/0268/6749/9079/files/CM7584N-Z.jpg,4,demetria-5-pc-bedroom-set-w-chest,,,,,,,,
dubuque-4-pc-bedroom-set,DUBUQUE 4 Pc. Bedroom Set,"<p><span style=""color:#1e73be;""><strong>FREE SHIPPING</strong></span><br>
Create a calm, coordinated retreat with DUBUQUE 4 Pc. Bedroom Set. Designed as a bedroom bedroom set, it pairs easily with surrounding decor.<br>
Product Dimensions: 63.5""W X 82.5""D X 53.5""H<br>
Size: Queen Included items and dimensions:<br>
- Queen Headboard Footboard (4: dimensions: 63.4"" W x 2.1""D x 53.7"" H<br>
- Side Rail w/ Based Leg X 2: dimensions: 80.3"" W x 1.7""D x 5.5"" H<br>
- Nightstand: color: Light Gray; dimensions: 21.5"" W x 15""D x 23"" H; feature: Contemporary<br>
- Dresser: color: Light Gray; dimensions: 58"" W x 16""D x 33.5"" H; feature: Contemporary<br>
Weight: 313.43 lbs</p>",GOODDEGG,Furniture > Furniture Sets > Bedroom Furniture Sets,Bedroom Set,"Furniture of America, Quick Ship Furniture, New Arrival, Indoor Furniture, 2026",TRUE,Size,Queen,,,,,,,,FM72003LG-Q-4PC,142169,shopify,20,deny,manual,1017,,TRUE,FALSE,,,,,,https://cdn.shopify.com/s/files/1/0268/6749/9079/files/FM72003LG-1.jpg,1,dubuque-4-pc-bedroom-set,FALSE,DUBUQUE 4 Pc. Bedroom Set,Shop DUBUQUE 4 Pc. Bedroom Set. Size: Queen. Free shipping. Buy now at GOODDEGG.,FM72003LG-1.jpg,lb,,459,active
dubuque-4-pc-bedroom-set,,,,,,,,,,,,,,,,,,,,,,,,,,,,,,,,FM72003LG-D-1.jpg,2,dubuque-4-pc-bedroom-set,,,,,,,,
dubuque-4-pc-bedroom-set,,,,,,,,,,,,,,,,,,,,,,,,,,,,,,,,FM72003LG-D-2.jpg,3,dubuque-4-pc-bedroom-set,,,,,,,,
dubuque-4-pc-bedroom-set,,,,,,,,,,,,,,,,,,,,,,,,,,,,,,,,FM72003LG-N-WB-1.jpg,4,dubuque-4-pc-bedroom-set,,,,,,,,
dubuque-4-pc-bedroom-set,,,,,,,,,,,,,,,,,,,,,,,,,,,,,,,,https://cdn.shopify.com/s/files/1/0268/6749/9079/files/FM72003LG-N-WB-6.jpg,5,dubuque-4-pc-bedroom-set,,,,,,,,
dubuque-5-pc-bedroom-set-w-2ns,DUBUQUE 5 Pc. Bedroom Set w/ 2NS,"<p><span style=""color:#1e73be;""><strong>FREE SHIPPING</strong></span><br>
DUBUQUE 5 Pc. Bedroom Set w/ 2NS completes the bedroom with a relaxed, pulled-together look. As a bedroom bedroom set, it is designed to coordinate with matching pieces.<br>
Product Dimensions: 63.5""W X 82.5""D X 53.5""H<br>
Size: Queen Included items and dimensions:<br>
- Queen Headboard Footboard (4: dimensions: 63.4"" W x 2.1""D x 53.7"" H<br>
- Side Rail w/ Based Leg X 2: dimensions: 80.3"" W x 1.7""D x 5.5"" H<br>
- Nightstand: color: Light Gray; dimensions: 21.5"" W x 15""D x 23"" H; feature: Contemporary<br>
- Dresser: color: Light Gray; dimensions: 58"" W x 16""D x 33.5"" H; feature: Contemporary<br>
Weight: 351.33 lbs</p>",GOODDEGG,Furniture > Furniture Sets > Bedroom Furniture Sets,Bedroom Set,"Furniture of America, Quick Ship Furniture, New Arrival, Indoor Furniture, 2026",TRUE,Size,Queen,,,,,,,,FM72003LG-Q-5PC-2NS,159361,shopify,20,deny,manual,1167,,TRUE,FALSE,,,,,,https://cdn.shopify.com/s/files/1/0268/6749/9079/files/FM72003LG-1.jpg,1,dubuque-5-pc-bedroom-set-w-2ns,FALSE,DUBUQUE 5 Pc. Bedroom Set w/ 2NS,Shop DUBUQUE 5 Pc. Bedroom Set w/ 2NS. Size: Queen. Free shipping. Buy now at GOODDEGG.,FM72003LG-1.jpg,lb,,539,active
dubuque-5-pc-bedroom-set-w-2ns,,,,,,,,,,,,,,,,,,,,,,,,,,,,,,,,FM72003LG-D-1.jpg,2,dubuque-5-pc-bedroom-set-w-2ns,,,,,,,,
dubuque-5-pc-bedroom-set-w-2ns,,,,,,,,,,,,,,,,,,,,,,,,,,,,,,,,FM72003LG-D-2.jpg,3,dubuque-5-pc-bedroom-set-w-2ns,,,,,,,,
dubuque-5-pc-bedroom-set-w-2ns,,,,,,,,,,,,,,,,,,,,,,,,,,,,,,,,FM72003LG-N-WB-1.jpg,4,dubuque-5-pc-bedroom-set-w-2ns,,,,,,,,
dubuque-5-pc-bedroom-set-w-2ns,,,,,,,,,,,,,,,,,,,,,,,,,,,,,,,,https://cdn.shopify.com/s/files/1/0268/6749/9079/files/FM72003LG-N-WB-6.jpg,5,dubuque-5-pc-bedroom-set-w-2ns,,,,,,,,
dubuque-5-pc-bedroom-set-w-chest,DUBUQUE 5 Pc. Bedroom Set w/ Chest,"<p><span style=""color:#1e73be;""><strong>FREE SHIPPING</strong></span><br>
DUBUQUE 5 Pc. Bedroom Set w/ Chest brings a restful, finished feel to the bedroom. This bedroom bedroom set is made to fit naturally into the room.<br>
Product Dimensions: 63.5""W X 82.5""D X 53.5""H<br>
Size: Queen Included items and dimensions:<br>
- Queen Headboard Footboard (4: dimensions: 63.4"" W x 2.1""D x 53.7"" H<br>
- Side Rail w/ Based Leg X 2: dimensions: 80.3"" W x 1.7""D x 5.5"" H<br>
- Nightstand: color: Light Gray; dimensions: 21.5"" W x 15""D x 23"" H; feature: Contemporary<br>
- Dresser: color: Light Gray; dimensions: 58"" W x 16""D x 33.5"" H; feature: Contemporary<br>
- Chest: color: Light Gray; dimensions: 31.5"" W x 16""D x 47"" H; feature: Contemporary<br>
Weight: 461.93 lbs</p>",GOODDEGG,Furniture > Furniture Sets > Bedroom Furniture Sets,Bedroom Set,"Furniture of America, Quick Ship Furniture, New Arrival, Indoor Furniture, 2026",TRUE,Size,Queen,,,,,,,,FM72003LG-Q-5PC-CHE,209528,shopify,20,deny,manual,1494,,TRUE,FALSE,,,,,,https://cdn.shopify.com/s/files/1/0268/6749/9079/files/FM72003LG-1.jpg,1,dubuque-5-pc-bedroom-set-w-chest,FALSE,DUBUQUE 5 Pc. Bedroom Set w/ Chest,Shop DUBUQUE 5 Pc. Bedroom Set w/ Chest. Size: Queen. Free shipping. Buy now at GOODDEGG.,FM72003LG-1.jpg,lb,,699,active
dubuque-5-pc-bedroom-set-w-chest,,,,,,,,,,,,,,,,,,,,,,,,,,,,,,,,FM72003LG-D-1.jpg,2,dubuque-5-pc-bedroom-set-w-chest,,,,,,,,
dubuque-5-pc-bedroom-set-w-chest,,,,,,,,,,,,,,,,,,,,,,,,,,,,,,,,FM72003LG-D-2.jpg,3,dubuque-5-pc-bedroom-set-w-chest,,,,,,,,
dubuque-5-pc-bedroom-set-w-chest,,,,,,,,,,,,,,,,,,,,,,,,,,,,,,,,FM72003LG-N-WB-1.jpg,4,dubuque-5-pc-bedroom-set-w-chest,,,,,,,,
dubuque-5-pc-bedroom-set-w-chest,,,,,,,,,,,,,,,,,,,,,,,,,,,,,,,,https://cdn.shopify.com/s/files/1/0268/6749/9079/files/FM72003LG-N-WB-6.jpg,5,dubuque-5-pc-bedroom-set-w-chest,,,,,,,,
eleanora-4-pc-bedroom-set,ELEANORA 4 Pc. Bedroom Set,"<p><span style=""color:#1e73be;""><strong>FREE SHIPPING</strong></span><br>
Elevate your space with ELEANORA, styled in Glam and designed for everyday comfort.<br>
This bedroom bedroom set is made to fit naturally into the room. With Fabric, Solid Wood, Engineered Wood and Black or Silver tones, it blends structure and softness in one clean profile.<br>
Product Dimensions: 89&quot;L X 75&quot;W X 74&quot;H<br>
Size: Queen</p>

<p>Features<br>
- Fabric<br>
- Solid Wood<br>
- Engineered Wood<br>
- Padded Channel Headboard<br>
- Crystal-like Acrylic Handles<br>
- Curved Front Panels on Case Goods<br>
- Felt-lined Top Drawer<br>
- Full-extension Drawer<br>
- Turned Wood Leg<br>
<strong>Variant Details</strong><br>
- <strong>Size: Queen | Color: Black | Dimensions: 89&quot;L X 75&quot;W X 74&quot;H | Weight: 542.35 lbs | Volume: 68.4 cuft</strong><br>
- <strong>Size: Queen | Color: Silver | Dimensions: 89&quot;L X 75&quot;W X 74&quot;H | Weight: 542.35 lbs | Volume: 68.4 cuft</strong><br>
</p>

<p>Materials: Fabric, Solid Wood, Engineered Wood.<br>
Color: Black or Silver<br>
Weight: 542.35 lbs</p>",GOODDEGG,Furniture > Furniture Sets > Bedroom Furniture Sets,Bedroom Set,"Furniture of America, Quick Ship Furniture, New Arrival, Indoor Furniture, 2026",TRUE,Color,Black,,,,,,,,FM7416BK-Q-4PC,246006,shopify,20,deny,manual,3087,,TRUE,FALSE,,,,,,https://cdn.shopify.com/s/files/1/0268/6749/9079/files/FM7416BK-1-Z.jpg,1,eleanora-4-pc-bedroom-set,FALSE,ELEANORA 4 Pc. Bedroom Set,"Shop ELEANORA 4 Pc. Bedroom Set. Glam style. Fabric, Solid Wood build. Multiple colors available. Free shipping. Buy now at GOODDEGG.",FM7416BK-1-Z.jpg,lb,,1299,active
eleanora-4-pc-bedroom-set,,,,,,,,,Silver,,,,,,,,FM7416SV-Q-4PC,246006,shopify,20,deny,manual,3087,,TRUE,FALSE,,,,,,FM7416BK-2.jpg,2,eleanora-4-pc-bedroom-set,,,,FM7416SV-1-Z.jpg,lb,,1299,
eleanora-4-pc-bedroom-set,,,,,,,,,,,,,,,,,,,,,,,,,,,,,,,,https://cdn.shopify.com/s/files/1/0268/6749/9079/files/FM7416BK-3.jpg,3,eleanora-4-pc-bedroom-set,,,,,,,,
eleanora-4-pc-bedroom-set,,,,,,,,,,,,,,,,,,,,,,,,,,,,,,,,FM7416BK-N-2.jpg,4,eleanora-4-pc-bedroom-set,,,,,,,,
eleanora-4-pc-bedroom-set,,,,,,,,,,,,,,,,,,,,,,,,,,,,,,,,FM7416BK-D-M-1.jpg,5,eleanora-4-pc-bedroom-set,,,,,,,,
eleanora-4-pc-bedroom-set,,,,,,,,,,,,,,,,,,,,,,,,,,,,,,,,https://cdn.shopify.com/s/files/1/0268/6749/9079/files/FM7415BK-N-USB.jpg,6,eleanora-4-pc-bedroom-set,,,,,,,,
eleanora-4-pc-bedroom-set,,,,,,,,,,,,,,,,,,,,,,,,,,,,,,,,https://cdn.shopify.com/s/files/1/0268/6749/9079/files/FM7416SV-1-Z.jpg,7,eleanora-4-pc-bedroom-set,,,,,,,,
eleanora-4-pc-bedroom-set,,,,,,,,,,,,,,,,,,,,,,,,,,,,,,,,https://cdn.shopify.com/s/files/1/0268/6749/9079/files/FM7416SV-2.jpg,8,eleanora-4-pc-bedroom-set,,,,,,,,
eleanora-4-pc-bedroom-set,,,,,,,,,,,,,,,,,,,,,,,,,,,,,,,,https://cdn.shopify.com/s/files/1/0268/6749/9079/files/FM7416SV-3.jpg,9,eleanora-4-pc-bedroom-set,,,,,,,,
eleanora-4-pc-bedroom-set,,,,,,,,,,,,,,,,,,,,,,,,,,,,,,,,https://cdn.shopify.com/s/files/1/0268/6749/9079/files/FM7416SV-4.jpg,10,eleanora-4-pc-bedroom-set,,,,,,,,
eleanora-4-pc-bedroom-set,,,,,,,,,,,,,,,,,,,,,,,,,,,,,,,,https://cdn.shopify.com/s/files/1/0268/6749/9079/files/FM7416SV-5.jpg,11,eleanora-4-pc-bedroom-set,,,,,,,,
eleanora-5-pc-bedroom-set-w-2ns,ELEANORA 5 Pc. Bedroom Set w/2NS,"<p><span style=""color:#1e73be;""><strong>FREE SHIPPING</strong></span><br>
Elevate your space with ELEANORA, styled in Glam and designed for everyday comfort.<br>
This bedroom bedroom set is made to fit naturally into the room. With Fabric, Solid Wood, Engineered Wood and Black or Silver tones, it blends structure and softness in one clean profile.<br>
Product Dimensions: .<br>
Size: Queen</p>

<p>Features<br>
- Fabric<br>
- Solid Wood<br>
- Engineered Wood<br>
- Padded Channel Headboard<br>
- Crystal-like Acrylic Handles<br>
- Curved Front Panels on Case Goods<br>
- Felt-lined Top Drawer<br>
- Full-extension Drawer<br>
- Turned Wood Leg<br>
<strong>Variant Details</strong><br>
- <strong>Size: Queen | Color: Black | Dimensions: . | Weight: 617.31 lbs | Volume: 77.9 cuft</strong><br>
- <strong>Size: Queen | Color: Silver | Dimensions: . | Weight: 617.31 lbs | Volume: 77.9 cuft</strong><br>
</p>

<p>Materials: Fabric, Solid Wood, Engineered Wood.<br>
Color: Black or Silver<br>
Weight: 617.31 lbs</p>",GOODDEGG,Furniture > Furniture Sets > Bedroom Furniture Sets,Bedroom Set,"Furniture of America, Quick Ship Furniture, New Arrival, Indoor Furniture, 2026",TRUE,Color,Black,,,,,,,,FM7416BK-Q-5PC-2NS,280007,shopify,20,deny,manual,3537,,TRUE,FALSE,,,,,,https://cdn.shopify.com/s/files/1/0268/6749/9079/files/FM7416BK-1-Z.jpg,1,eleanora-5-pc-bedroom-set-w-2ns,FALSE,ELEANORA 5 Pc. Bedroom Set w/2NS,"Shop ELEANORA 5 Pc. Bedroom Set w/2NS. Glam style. Fabric, Solid Wood build. Multiple colors available. Free shipping. Buy now at GOODDEGG.",FM7416BK-1-Z.jpg,lb,,1479,active
eleanora-5-pc-bedroom-set-w-2ns,,,,,,,,,Silver,,,,,,,,FM7416SV-Q-5PC-2NS,280007,shopify,20,deny,manual,3537,,TRUE,FALSE,,,,,,FM7416BK-2.jpg,2,eleanora-5-pc-bedroom-set-w-2ns,,,,FM7416SV-1-Z.jpg,lb,,1479,
eleanora-5-pc-bedroom-set-w-2ns,,,,,,,,,,,,,,,,,,,,,,,,,,,,,,,,https://cdn.shopify.com/s/files/1/0268/6749/9079/files/FM7416BK-3.jpg,3,eleanora-5-pc-bedroom-set-w-2ns,,,,,,,,
eleanora-5-pc-bedroom-set-w-2ns,,,,,,,,,,,,,,,,,,,,,,,,,,,,,,,,FM7416BK-N-2.jpg,4,eleanora-5-pc-bedroom-set-w-2ns,,,,,,,,
eleanora-5-pc-bedroom-set-w-2ns,,,,,,,,,,,,,,,,,,,,,,,,,,,,,,,,FM7416BK-D-M-1.jpg,5,eleanora-5-pc-bedroom-set-w-2ns,,,,,,,,
eleanora-5-pc-bedroom-set-w-2ns,,,,,,,,,,,,,,,,,,,,,,,,,,,,,,,,https://cdn.shopify.com/s/files/1/0268/6749/9079/files/FM7415BK-N-USB.jpg,6,eleanora-5-pc-bedroom-set-w-2ns,,,,,,,,
eleanora-5-pc-bedroom-set-w-2ns,,,,,,,,,,,,,,,,,,,,,,,,,,,,,,,,https://cdn.shopify.com/s/files/1/0268/6749/9079/files/FM7416SV-1-Z.jpg,7,eleanora-5-pc-bedroom-set-w-2ns,,,,,,,,
eleanora-5-pc-bedroom-set-w-2ns,,,,,,,,,,,,,,,,,,,,,,,,,,,,,,,,https://cdn.shopify.com/s/files/1/0268/6749/9079/files/FM7416SV-2.jpg,8,eleanora-5-pc-bedroom-set-w-2ns,,,,,,,,
eleanora-5-pc-bedroom-set-w-2ns,,,,,,,,,,,,,,,,,,,,,,,,,,,,,,,,https://cdn.shopify.com/s/files/1/0268/6749/9079/files/FM7416SV-3.jpg,9,eleanora-5-pc-bedroom-set-w-2ns,,,,,,,,
eleanora-5-pc-bedroom-set-w-2ns,,,,,,,,,,,,,,,,,,,,,,,,,,,,,,,,https://cdn.shopify.com/s/files/1/0268/6749/9079/files/FM7416SV-4.jpg,10,eleanora-5-pc-bedroom-set-w-2ns,,,,,,,,
eleanora-5-pc-bedroom-set-w-2ns,,,,,,,,,,,,,,,,,,,,,,,,,,,,,,,,https://cdn.shopify.com/s/files/1/0268/6749/9079/files/FM7416SV-5.jpg,11,eleanora-5-pc-bedroom-set-w-2ns,,,,,,,,
eleanora-5-pc-bedroom-set-w-chest,ELEANORA 5 Pc. Bedroom Set w/Chest,"<p><span style=""color:#1e73be;""><strong>FREE SHIPPING</strong></span><br>
Elevate your space with ELEANORA, styled in Glam and designed for everyday comfort.<br>
This bedroom bedroom set is made to fit naturally into the room. With Fabric, Solid Wood, Engineered Wood and Black or Silver tones, it blends structure and softness in one clean profile.<br>
Product Dimensions: .<br>
Size: Queen</p>

<p>Features<br>
- Fabric<br>
- Solid Wood<br>
- Engineered Wood<br>
- Padded Channel Headboard<br>
- Crystal-like Acrylic Handles<br>
- Curved Front Panels on Case Goods<br>
- Felt-lined Top Drawer<br>
- Full-extension Drawer<br>
- Turned Wood Leg<br>
<strong>Variant Details</strong><br>
- <strong>Size: Queen | Color: Black | Dimensions: . | Weight: 720.92 lbs | Volume: 91.1 cuft</strong><br>
- <strong>Size: Queen | Color: Silver | Dimensions: . | Weight: 720.92 lbs | Volume: 91.1 cuft</strong><br>
</p>

<p>Materials: Fabric, Solid Wood, Engineered Wood.<br>
Color: Black or Silver<br>
Weight: 720.92 lbs</p>",GOODDEGG,Furniture > Furniture Sets > Bedroom Furniture Sets,Bedroom Set,"Furniture of America, Quick Ship Furniture, New Arrival, Indoor Furniture, 2026",TRUE,Color,Black,,,,,,,,FM7416BK-Q-5PC-CHEST,327004,shopify,20,deny,manual,3744,,TRUE,FALSE,,,,,,https://cdn.shopify.com/s/files/1/0268/6749/9079/files/FM7416BK-1-Z.jpg,1,eleanora-5-pc-bedroom-set-w-chest,FALSE,ELEANORA 5 Pc. Bedroom Set w/Chest,"Shop ELEANORA 5 Pc. Bedroom Set w/Chest. Glam style. Fabric, Solid Wood build. Multiple colors available. Free shipping. Buy now at GOODDEGG.",FM7416BK-1-Z.jpg,lb,,1588,active
eleanora-5-pc-bedroom-set-w-chest,,,,,,,,,Silver,,,,,,,,FM7416SV-Q-5PC-CHEST,327004,shopify,20,deny,manual,3804,,TRUE,FALSE,,,,,,FM7416BK-2.jpg,2,eleanora-5-pc-bedroom-set-w-chest,,,,FM7416SV-1-Z.jpg,lb,,1588,
eleanora-5-pc-bedroom-set-w-chest,,,,,,,,,,,,,,,,,,,,,,,,,,,,,,,,https://cdn.shopify.com/s/files/1/0268/6749/9079/files/FM7416BK-3.jpg,3,eleanora-5-pc-bedroom-set-w-chest,,,,,,,,
eleanora-5-pc-bedroom-set-w-chest,,,,,,,,,,,,,,,,,,,,,,,,,,,,,,,,FM7416BK-N-2.jpg,4,eleanora-5-pc-bedroom-set-w-chest,,,,,,,,
eleanora-5-pc-bedroom-set-w-chest,,,,,,,,,,,,,,,,,,,,,,,,,,,,,,,,FM7416BK-D-M-1.jpg,5,eleanora-5-pc-bedroom-set-w-chest,,,,,,,,
eleanora-5-pc-bedroom-set-w-chest,,,,,,,,,,,,,,,,,,,,,,,,,,,,,,,,FM7416BK-C-2.jpg,6,eleanora-5-pc-bedroom-set-w-chest,,,,,,,,
eleanora-5-pc-bedroom-set-w-chest,,,,,,,,,,,,,,,,,,,,,,,,,,,,,,,,https://cdn.shopify.com/s/files/1/0268/6749/9079/files/FM7415BK-N-USB.jpg,7,eleanora-5-pc-bedroom-set-w-chest,,,,,,,,
eleanora-5-pc-bedroom-set-w-chest,,,,,,,,,,,,,,,,,,,,,,,,,,,,,,,,https://cdn.shopify.com/s/files/1/0268/6749/9079/files/FM7416SV-1-Z.jpg,8,eleanora-5-pc-bedroom-set-w-chest,,,,,,,,
eleanora-5-pc-bedroom-set-w-chest,,,,,,,,,,,,,,,,,,,,,,,,,,,,,,,,https://cdn.shopify.com/s/files/1/0268/6749/9079/files/FM7416SV-2.jpg,9,eleanora-5-pc-bedroom-set-w-chest,,,,,,,,
eleanora-5-pc-bedroom-set-w-chest,,,,,,,,,,,,,,,,,,,,,,,,,,,,,,,,https://cdn.shopify.com/s/files/1/0268/6749/9079/files/FM7416SV-3.jpg,10,eleanora-5-pc-bedroom-set-w-chest,,,,,,,,
eleanora-5-pc-bedroom-set-w-chest,,,,,,,,,,,,,,,,,,,,,,,,,,,,,,,,https://cdn.shopify.com/s/files/1/0268/6749/9079/files/FM7416SV-4.jpg,11,eleanora-5-pc-bedroom-set-w-chest,,,,,,,,
eleanora-5-pc-bedroom-set-w-chest,,,,,,,,,,,,,,,,,,,,,,,,,,,,,,,,https://cdn.shopify.com/s/files/1/0268/6749/9079/files/FM7416SV-5.jpg,12,eleanora-5-pc-bedroom-set-w-chest,,,,,,,,
eliora-4-pc-bedroom-set,ELIORA 4 Pc. Bedroom Set,"<p><span style=""color:#1e73be;""><strong>FREE SHIPPING</strong></span><br>
ELIORA 4 Pc. Bedroom Set brings a restful, finished feel to the bedroom. This bedroom bedroom set is made to fit naturally into the room. A Glam profile gives the space a refined, approachable look. Finished in Silver tones, the Leatherette, Mirror, Resin, Solid Wood, build keeps the look polished and practical.<br>
Size: Queen</p>

<p>Features<br>
- Button Tufted Padded Headboard<br>
- Crystal-like Acrylic Buttons<br>
- Felt-lined Top Drawer & Full-extension Ball Bearing Glides<br>
- USB Charger on Night Stand<br>
- Crystal Knobs<br>
- Foundation Required Included items and dimensions:<br>
- Nightstand w/ USB: color: Silver; dimensions: 28"" W x 18""D x 29"" H; feature: Glam<br>
- Dresser: color: Silver; dimensions: 64"" W x 18""D x 43"" H; feature: Glam</p>

<p>Materials: Leatherette, Mirror, Resin, Solid Wood.<br>
Color: Silver<br>
Weight: 591.8 lbs</p>",GOODDEGG,Furniture > Furniture Sets > Bedroom Furniture Sets,Bedroom Set,"Furniture of America, Quick Ship Furniture, New Arrival, Indoor Furniture, 2026",TRUE,Size,Queen,,,,,,,,FOA7890Q-4PC,268436,shopify,20,deny,manual,3747,,TRUE,FALSE,,,,,,https://cdn.shopify.com/s/files/1/0268/6749/9079/files/FOA7890-1-Z.jpg,1,eliora-4-pc-bedroom-set,FALSE,ELIORA 4 Pc. Bedroom Set,"Shop ELIORA 4 Pc. Bedroom Set. Glam style. Leatherette, Mirror build. Size: Queen. Free shipping. Buy now at GOODDEGG.",FOA7890-1-Z.jpg,lb,,1489,active
eliora-4-pc-bedroom-set,,,,,,,,,,,,,,,,,,,,,,,,,,,,,,,,https://cdn.shopify.com/s/files/1/0268/6749/9079/files/FOA7890-2.jpg,2,eliora-4-pc-bedroom-set,,,,,,,,
eliora-4-pc-bedroom-set,,,,,,,,,,,,,,,,,,,,,,,,,,,,,,,,https://cdn.shopify.com/s/files/1/0268/6749/9079/files/FOA7890-3.jpg,3,eliora-4-pc-bedroom-set,,,,,,,,
eliora-4-pc-bedroom-set,,,,,,,,,,,,,,,,,,,,,,,,,,,,,,,,https://cdn.shopify.com/s/files/1/0268/6749/9079/files/FOA7890-4.jpg,4,eliora-4-pc-bedroom-set,,,,,,,,
eliora-4-pc-bedroom-set,,,,,,,,,,,,,,,,,,,,,,,,,,,,,,,,https://cdn.shopify.com/s/files/1/0268/6749/9079/files/FOA7890-5.jpg,5,eliora-4-pc-bedroom-set,,,,,,,,
eliora-4-pc-bedroom-set,,,,,,,,,,,,,,,,,,,,,,,,,,,,,,,,https://cdn.shopify.com/s/files/1/0268/6749/9079/files/FOA7890-6.jpg,6,eliora-4-pc-bedroom-set,,,,,,,,
eliora-4-pc-bedroom-set,,,,,,,,,,,,,,,,,,,,,,,,,,,,,,,,FOA7890-7.jpg,7,eliora-4-pc-bedroom-set,,,,,,,,
eliora-4-pc-bedroom-set,,,,,,,,,,,,,,,,,,,,,,,,,,,,,,,,FOA7890-8.jpg,8,eliora-4-pc-bedroom-set,,,,,,,,
eliora-5-pc-bedroom-set-w-2ns,ELIORA 5 Pc. Bedroom Set w/ 2NS,"<p><span style=""color:#1e73be;""><strong>FREE SHIPPING</strong></span><br>
Create a calm, coordinated retreat with ELIORA 5 Pc. Bedroom Set w/ 2NS. Designed as a bedroom bedroom set, it pairs easily with surrounding decor. Its Glam styling keeps the room feeling polished yet comfortable. Built from Leatherette, Mirror, Resin, Solid Wood, and finished in Silver tones for a clean, cohesive look.<br>
Size: Queen</p>

<p>Features<br>
- Button Tufted Padded Headboard<br>
- Crystal-like Acrylic Buttons<br>
- Felt-lined Top Drawer & Full-extension Ball Bearing Glides<br>
- USB Charger on Night Stand<br>
- Crystal Knobs<br>
- Foundation Required Included items and dimensions:<br>
- Nightstand w/ USB: color: Silver; dimensions: 28"" W x 18""D x 29"" H; feature: Glam<br>
- Dresser: color: Silver; dimensions: 64"" W x 18""D x 43"" H; feature: Glam</p>

<p>Materials: Leatherette, Mirror, Resin, Solid Wood.<br>
Color: Silver<br>
Weight: 697.4 lbs</p>",GOODDEGG,Furniture > Furniture Sets > Bedroom Furniture Sets,Bedroom Set,"Furniture of America, Quick Ship Furniture, New Arrival, Indoor Furniture, 2026",TRUE,Size,Queen,,,,,,,,FOA7890Q-5PC-2NS,316335,shopify,20,deny,manual,4407,,TRUE,FALSE,,,,,,https://cdn.shopify.com/s/files/1/0268/6749/9079/files/FOA7890-1-Z.jpg,1,eliora-5-pc-bedroom-set-w-2ns,FALSE,ELIORA 5 Pc. Bedroom Set w/ 2NS,"Shop ELIORA 5 Pc. Bedroom Set w/ 2NS. Glam style. Leatherette, Mirror build. Size: Queen. Free shipping. Buy now at GOODDEGG.",FOA7890-1-Z.jpg,lb,,1759,active
eliora-5-pc-bedroom-set-w-2ns,,,,,,,,,,,,,,,,,,,,,,,,,,,,,,,,https://cdn.shopify.com/s/files/1/0268/6749/9079/files/FOA7890-2.jpg,2,eliora-5-pc-bedroom-set-w-2ns,,,,,,,,
eliora-5-pc-bedroom-set-w-2ns,,,,,,,,,,,,,,,,,,,,,,,,,,,,,,,,https://cdn.shopify.com/s/files/1/0268/6749/9079/files/FOA7890-3.jpg,3,eliora-5-pc-bedroom-set-w-2ns,,,,,,,,
eliora-5-pc-bedroom-set-w-2ns,,,,,,,,,,,,,,,,,,,,,,,,,,,,,,,,https://cdn.shopify.com/s/files/1/0268/6749/9079/files/FOA7890-4.jpg,4,eliora-5-pc-bedroom-set-w-2ns,,,,,,,,
eliora-5-pc-bedroom-set-w-2ns,,,,,,,,,,,,,,,,,,,,,,,,,,,,,,,,https://cdn.shopify.com/s/files/1/0268/6749/9079/files/FOA7890-5.jpg,5,eliora-5-pc-bedroom-set-w-2ns,,,,,,,,
eliora-5-pc-bedroom-set-w-2ns,,,,,,,,,,,,,,,,,,,,,,,,,,,,,,,,https://cdn.shopify.com/s/files/1/0268/6749/9079/files/FOA7890-6.jpg,6,eliora-5-pc-bedroom-set-w-2ns,,,,,,,,
eliora-5-pc-bedroom-set-w-2ns,,,,,,,,,,,,,,,,,,,,,,,,,,,,,,,,FOA7890-7.jpg,7,eliora-5-pc-bedroom-set-w-2ns,,,,,,,,
eliora-5-pc-bedroom-set-w-2ns,,,,,,,,,,,,,,,,,,,,,,,,,,,,,,,,FOA7890-8.jpg,8,eliora-5-pc-bedroom-set-w-2ns,,,,,,,,
eliora-5-pc-bedroom-set-w-chest,ELIORA 5 Pc. Bedroom Set w/ Chest,"<p><span style=""color:#1e73be;""><strong>FREE SHIPPING</strong></span><br>
ELIORA 5 Pc. Bedroom Set w/ Chest completes the bedroom with a relaxed, pulled-together look. As a bedroom bedroom set, it is designed to coordinate with matching pieces. The Glam character adds definition without feeling heavy. Crafted with Leatherette, Mirror, Resin, Solid Wood, then finished in Silver tones to suit a range of interiors.<br>
Size: Queen</p>

<p>Features<br>
- Button Tufted Padded Headboard<br>
- Crystal-like Acrylic Buttons<br>
- Felt-lined Top Drawer & Full-extension Ball Bearing Glides<br>
- USB Charger on Night Stand<br>
- Crystal Knobs<br>
- Foundation Required Included items and dimensions:<br>
- Nightstand w/ USB: color: Silver; dimensions: 28"" W x 18""D x 29"" H; feature: Glam<br>
- Dresser: color: Silver; dimensions: 64"" W x 18""D x 43"" H; feature: Glam<br>
- Chest: color: Silver; dimensions: 38"" W x 18""D x 54 1 or 2"" H; feature: Glam</p>

<p>Materials: Leatherette, Mirror, Resin, Solid Wood.<br>
Color: Silver<br>
Weight: 805.2 lbs</p>",GOODDEGG,Furniture > Furniture Sets > Bedroom Furniture Sets,Bedroom Set,"Furniture of America, Quick Ship Furniture, New Arrival, Indoor Furniture, 2026",TRUE,Size,Queen,,,,,,,,FOA7890Q-5PC-CHEST,365233,shopify,20,deny,manual,4824,,TRUE,FALSE,,,,,,https://cdn.shopify.com/s/files/1/0268/6749/9079/files/FOA7890-1-Z.jpg,1,eliora-5-pc-bedroom-set-w-chest,FALSE,ELIORA 5 Pc. Bedroom Set w/ Chest,"Shop ELIORA 5 Pc. Bedroom Set w/ Chest. Glam style. Leatherette, Mirror build. Size: Queen. Free shipping. Buy now at GOODDEGG.",FOA7890-1-Z.jpg,lb,,1928,active
eliora-5-pc-bedroom-set-w-chest,,,,,,,,,,,,,,,,,,,,,,,,,,,,,,,,https://cdn.shopify.com/s/files/1/0268/6749/9079/files/FOA7890-2.jpg,2,eliora-5-pc-bedroom-set-w-chest,,,,,,,,
eliora-5-pc-bedroom-set-w-chest,,,,,,,,,,,,,,,,,,,,,,,,,,,,,,,,https://cdn.shopify.com/s/files/1/0268/6749/9079/files/FOA7890-3.jpg,3,eliora-5-pc-bedroom-set-w-chest,,,,,,,,
eliora-5-pc-bedroom-set-w-chest,,,,,,,,,,,,,,,,,,,,,,,,,,,,,,,,https://cdn.shopify.com/s/files/1/0268/6749/9079/files/FOA7890-4.jpg,4,eliora-5-pc-bedroom-set-w-chest,,,,,,,,
eliora-5-pc-bedroom-set-w-chest,,,,,,,,,,,,,,,,,,,,,,,,,,,,,,,,https://cdn.shopify.com/s/files/1/0268/6749/9079/files/FOA7890-5.jpg,5,eliora-5-pc-bedroom-set-w-chest,,,,,,,,
eliora-5-pc-bedroom-set-w-chest,,,,,,,,,,,,,,,,,,,,,,,,,,,,,,,,https://cdn.shopify.com/s/files/1/0268/6749/9079/files/FOA7890-6.jpg,6,eliora-5-pc-bedroom-set-w-chest,,,,,,,,
eliora-5-pc-bedroom-set-w-chest,,,,,,,,,,,,,,,,,,,,,,,,,,,,,,,,FOA7890-7.jpg,7,eliora-5-pc-bedroom-set-w-chest,,,,,,,,
eliora-5-pc-bedroom-set-w-chest,,,,,,,,,,,,,,,,,,,,,,,,,,,,,,,,FOA7890-8.jpg,8,eliora-5-pc-bedroom-set-w-chest,,,,,,,,
elkton-4-pc-bedroom-set,ELKTON 4 Pc. Bedroom Set,"<p><span style=""color:#1e73be;""><strong>FREE SHIPPING</strong></span><br>
ELKTON 4 Pc. Bedroom Set brings a restful, finished feel to the bedroom. This bedroom bedroom set is made to fit naturally into the room. A Cottage profile gives the space a refined, approachable look. With Solid Wood, Wood Veneer, Engineered Wood construction and Oak tones, it blends durability with visual warmth.<br>
Product Dimensions: 85 1/8""L X 63 5/8""W X 55 1/2""H<br>
Size: Queen</p>

<p>Features<br>
- Cottage<br>
- Headboard w/ Top Shelf<br>
- Wood Detailed Panels<br>
- Footboard Drawers<br>
- Felt-lined Top Drawers<br>
- Antique Handle Pulls<br>
- Mattress Ready Included items and dimensions:<br>
- Nightstand: color: Oak; dimensions: 26"" W x 16 1 or 2""D x 25"" H; feature: Cottage<br>
- Dresser: color: Oak; dimensions: 59"" W x 16 1 or 2""D x 36"" H; feature: Cottage</p>

<p>Materials: Solid Wood, Wood Veneer, Engineered Wood.<br>
Color: Oak<br>
Weight: 393.5 lbs</p>",GOODDEGG,Furniture > Furniture Sets > Bedroom Furniture Sets,Bedroom Set,"Furniture of America, Quick Ship Furniture, New Arrival, Indoor Furniture, 2026",TRUE,Size,Queen,,,,,,,,CM7072Q-4PC,178489,shopify,20,deny,manual,2277,,TRUE,FALSE,,,,,,https://cdn.shopify.com/s/files/1/0268/6749/9079/files/CM7072-Z.jpg,1,elkton-4-pc-bedroom-set,FALSE,ELKTON 4 Pc. Bedroom Set,"Shop ELKTON 4 Pc. Bedroom Set. Cottage style. Solid Wood, Wood Veneer build. Size: Queen. Free shipping. Buy now at GOODDEGG.",CM7072-Z.jpg,lb,,909,active
elkton-4-pc-bedroom-set,,,,,,,,,,,,,,,,,,,,,,,,,,,,,,,,https://cdn.shopify.com/s/files/1/0268/6749/9079/files/CM7072-headboard-Z.jpg,2,elkton-4-pc-bedroom-set,,,,,,,,
elkton-4-pc-bedroom-set,,,,,,,,,,,,,,,,,,,,,,,,,,,,,,,,https://cdn.shopify.com/s/files/1/0268/6749/9079/files/CM7072-DRAWER-Z.jpg,3,elkton-4-pc-bedroom-set,,,,,,,,
elkton-4-pc-bedroom-set,,,,,,,,,,,,,,,,,,,,,,,,,,,,,,,,https://cdn.shopify.com/s/files/1/0268/6749/9079/files/CM7072.jpg,4,elkton-4-pc-bedroom-set,,,,,,,,
elkton-5-pc-bedroom-set-w-2ns,ELKTON 5 Pc. Bedroom Set w/ 2NS,"<p><span style=""color:#1e73be;""><strong>FREE SHIPPING</strong></span><br>
Create a calm, coordinated retreat with ELKTON 5 Pc. Bedroom Set w/ 2NS. Designed as a bedroom bedroom set, it pairs easily with surrounding decor. Its Cottage styling keeps the room feeling polished yet comfortable. Finished in Oak tones, the Solid Wood, Wood Veneer, Engineered Wood build keeps the look polished and practical.<br>
Product Dimensions: 85 1/8""L X 63 5/8""W X 55 1/2""H<br>
Size: Queen</p>

<p>Features<br>
- Cottage<br>
- Headboard w/ Top Shelf<br>
- Wood Detailed Panels<br>
- Footboard Drawers<br>
- Felt-lined Top Drawers<br>
- Antique Handle Pulls<br>
- Mattress Ready Included items and dimensions:<br>
- Nightstand: color: Oak; dimensions: 26"" W x 16 1 or 2""D x 25"" H; feature: Cottage<br>
- Dresser: color: Oak; dimensions: 59"" W x 16 1 or 2""D x 36"" H; feature: Cottage</p>

<p>Materials: Solid Wood, Wood Veneer, Engineered Wood.<br>
Color: Oak<br>
Weight: 446.41 lbs</p>",GOODDEGG,Furniture > Furniture Sets > Bedroom Furniture Sets,Bedroom Set,"Furniture of America, Quick Ship Furniture, New Arrival, Indoor Furniture, 2026",TRUE,Size,Queen,,,,,,,,CM7072Q-5PC-2NS,202488,shopify,20,deny,manual,2607,,TRUE,FALSE,,,,,,https://cdn.shopify.com/s/files/1/0268/6749/9079/files/CM7072-Z.jpg,1,elkton-5-pc-bedroom-set-w-2ns,FALSE,ELKTON 5 Pc. Bedroom Set w/ 2NS,"Shop ELKTON 5 Pc. Bedroom Set w/ 2NS. Cottage style. Solid Wood, Wood Veneer build. Size: Queen. Free shipping. Buy now at GOODDEGG.",CM7072-Z.jpg,lb,,1039,active
elkton-5-pc-bedroom-set-w-2ns,,,,,,,,,,,,,,,,,,,,,,,,,,,,,,,,https://cdn.shopify.com/s/files/1/0268/6749/9079/files/CM7072-headboard-Z.jpg,2,elkton-5-pc-bedroom-set-w-2ns,,,,,,,,
elkton-5-pc-bedroom-set-w-2ns,,,,,,,,,,,,,,,,,,,,,,,,,,,,,,,,https://cdn.shopify.com/s/files/1/0268/6749/9079/files/CM7072-DRAWER-Z.jpg,3,elkton-5-pc-bedroom-set-w-2ns,,,,,,,,
elkton-5-pc-bedroom-set-w-2ns,,,,,,,,,,,,,,,,,,,,,,,,,,,,,,,,https://cdn.shopify.com/s/files/1/0268/6749/9079/files/CM7072.jpg,4,elkton-5-pc-bedroom-set-w-2ns,,,,,,,,
elkton-5-pc-bedroom-set-w-chest,ELKTON 5 Pc. Bedroom Set w/ Chest,"<p><span style=""color:#1e73be;""><strong>FREE SHIPPING</strong></span><br>
ELKTON 5 Pc. Bedroom Set w/ Chest completes the bedroom with a relaxed, pulled-together look. As a bedroom bedroom set, it is designed to coordinate with matching pieces. The Cottage character adds definition without feeling heavy. Built from Solid Wood, Wood Veneer, Engineered Wood and finished in Oak tones for a clean, cohesive look.<br>
Product Dimensions: 85 1/8""L X 63 5/8""W X 55 1/2""H<br>
Size: Queen</p>

<p>Features<br>
- Cottage<br>
- Headboard w/ Top Shelf<br>
- Wood Detailed Panels<br>
- Footboard Drawers<br>
- Felt-lined Top Drawers<br>
- Antique Handle Pulls<br>
- Mattress Ready Included items and dimensions:<br>
- Nightstand: color: Oak; dimensions: 26"" W x 16 1 or 2""D x 25"" H; feature: Cottage<br>
- Dresser: color: Oak; dimensions: 59"" W x 16 1 or 2""D x 36"" H; feature: Cottage<br>
- Chest: color: Oak; dimensions: 33 7 or 8"" W x 16 1 or 2""D x 48 1 or 4"" H; feature: Cottage</p>

<p>Materials: Solid Wood, Wood Veneer, Engineered Wood.<br>
Color: Oak<br>
Weight: 515.85 lbs</p>",GOODDEGG,Furniture > Furniture Sets > Bedroom Furniture Sets,Bedroom Set,"Furniture of America, Quick Ship Furniture, New Arrival, Indoor Furniture, 2026",TRUE,Size,Queen,,,,,,,,CM7072Q-5PC-CHEST,233986,shopify,20,deny,manual,2934,,TRUE,FALSE,,,,,,https://cdn.shopify.com/s/files/1/0268/6749/9079/files/CM7072-Z.jpg,1,elkton-5-pc-bedroom-set-w-chest,FALSE,ELKTON 5 Pc. Bedroom Set w/ Chest,"Shop ELKTON 5 Pc. Bedroom Set w/ Chest. Cottage style. Solid Wood, Wood Veneer build. Size: Queen. Free shipping. Buy now at GOODDEGG.",CM7072-Z.jpg,lb,,1178,active
elkton-5-pc-bedroom-set-w-chest,,,,,,,,,,,,,,,,,,,,,,,,,,,,,,,,https://cdn.shopify.com/s/files/1/0268/6749/9079/files/CM7072-headboard-Z.jpg,2,elkton-5-pc-bedroom-set-w-chest,,,,,,,,
elkton-5-pc-bedroom-set-w-chest,,,,,,,,,,,,,,,,,,,,,,,,,,,,,,,,https://cdn.shopify.com/s/files/1/0268/6749/9079/files/CM7072-DRAWER-Z.jpg,3,elkton-5-pc-bedroom-set-w-chest,,,,,,,,
elkton-5-pc-bedroom-set-w-chest,,,,,,,,,,,,,,,,,,,,,,,,,,,,,,,,https://cdn.shopify.com/s/files/1/0268/6749/9079/files/CM7072.jpg,4,elkton-5-pc-bedroom-set-w-chest,,,,,,,,
emmeline-4-pc-bedroom-set,EMMELINE 4 Pc. Bedroom Set,"<p><span style=""color:#1e73be;""><strong>FREE SHIPPING</strong></span><br>
Elevate your space with EMMELINE, styled in Contemporary and designed for everyday comfort.<br>
This bedroom bedroom set is made to fit naturally into the room. With Leatherette, Solid Wood, Engineered Wood and Silver or White tones, it blends structure and softness in one clean profile.<br>
Product Dimensions: 85 1/2&quot;L X 62 3/4&quot;W X 67 1/4&quot;H<br>
Size: Queen</p>

<p>Features<br>
- Leatherette<br>
- Solid Wood<br>
- Engineered Wood<br>
- Padded Headboard<br>
- LED Lights in Headboard &amp; Mirror<br>
- Footboard Drawers<br>
- Embossed Art Deco Pattern w/ Mirror Trims<br>
- Faux Diamond Chrome Pulls &amp; Acrylic Legs<br>
- USB Charger in Night Stand &amp; Hidden Jewelry Drawers in Dresser<br>
- Mattress Ready<br>
<strong>Variant Details</strong><br>
- <strong>Size: Queen | Color: Silver | Dimensions: 85 1/2&quot;L X 62 3/4&quot;W X 67 1/4&quot;H | Weight: 686.9 lbs | Volume: 76.7 cuft</strong><br>
- <strong>Size: Queen | Color: White | Dimensions: 85 1/2&quot;L X 62 3/4&quot;W X 67 1/4&quot;H | Weight: 686.9 lbs | Volume: 77.1 cuft</strong><br>
</p>

<p>Materials: Leatherette, Solid Wood, Engineered Wood.<br>
Color: Silver or White<br>
Weight: 686.9 lbs</p>",GOODDEGG,Furniture > Furniture Sets > Bedroom Furniture Sets,Bedroom Set,"Furniture of America, Quick Ship Furniture, New Arrival, Indoor Furniture, 2026",TRUE,Color,Silver,,,,,,,,FOA7147Q-4PC,311573,shopify,20,deny,manual,4167,,TRUE,FALSE,,,,,,https://cdn.shopify.com/s/files/1/0268/6749/9079/files/FOA7147-1-Z.jpg,1,emmeline-4-pc-bedroom-set,FALSE,EMMELINE 4 Pc. Bedroom Set,"Shop EMMELINE 4 Pc. Bedroom Set. Contemporary style. Leatherette, Solid Wood build. Multiple colors available. Free shipping. Buy now at GOODDEGG.",FOA7147-1-Z.jpg,lb,,1699,active
emmeline-4-pc-bedroom-set,,,,,,,,,White,,,,,,,,FOA7147WH-Q-4PC,311573,shopify,20,deny,manual,4167,,TRUE,FALSE,,,,,,https://cdn.shopify.com/s/files/1/0268/6749/9079/files/FOA7147-2.jpg,2,emmeline-4-pc-bedroom-set,,,,FOA7147WH-1-Z.jpg,lb,,1699,
emmeline-4-pc-bedroom-set,,,,,,,,,,,,,,,,,,,,,,,,,,,,,,,,https://cdn.shopify.com/s/files/1/0268/6749/9079/files/FOA7147-3.jpg,3,emmeline-4-pc-bedroom-set,,,,,,,,
emmeline-4-pc-bedroom-set,,,,,,,,,,,,,,,,,,,,,,,,,,,,,,,,https://cdn.shopify.com/s/files/1/0268/6749/9079/files/FOA7147-4.jpg,4,emmeline-4-pc-bedroom-set,,,,,,,,
emmeline-4-pc-bedroom-set,,,,,,,,,,,,,,,,,,,,,,,,,,,,,,,,https://cdn.shopify.com/s/files/1/0268/6749/9079/files/FOA7147-5.jpg,5,emmeline-4-pc-bedroom-set,,,,,,,,
emmeline-4-pc-bedroom-set,,,,,,,,,,,,,,,,,,,,,,,,,,,,,,,,https://cdn.shopify.com/s/files/1/0268/6749/9079/files/FOA7147-6.jpg,6,emmeline-4-pc-bedroom-set,,,,,,,,
emmeline-4-pc-bedroom-set,,,,,,,,,,,,,,,,,,,,,,,,,,,,,,,,https://cdn.shopify.com/s/files/1/0268/6749/9079/files/FOA7147-7.jpg,7,emmeline-4-pc-bedroom-set,,,,,,,,
emmeline-4-pc-bedroom-set,,,,,,,,,,,,,,,,,,,,,,,,,,,,,,,,https://cdn.shopify.com/s/files/1/0268/6749/9079/files/FOA7147-8.jpg,8,emmeline-4-pc-bedroom-set,,,,,,,,
emmeline-4-pc-bedroom-set,,,,,,,,,,,,,,,,,,,,,,,,,,,,,,,,FOA7147-9.jpg,9,emmeline-4-pc-bedroom-set,,,,,,,,
emmeline-4-pc-bedroom-set,,,,,,,,,,,,,,,,,,,,,,,,,,,,,,,,https://cdn.shopify.com/s/files/1/0268/6749/9079/files/FOA7147-10.jpg,10,emmeline-4-pc-bedroom-set,,,,,,,,
emmeline-4-pc-bedroom-set,,,,,,,,,,,,,,,,,,,,,,,,,,,,,,,,https://cdn.shopify.com/s/files/1/0268/6749/9079/files/FOA7147WH-1-Z.jpg,11,emmeline-4-pc-bedroom-set,,,,,,,,
emmeline-4-pc-bedroom-set,,,,,,,,,,,,,,,,,,,,,,,,,,,,,,,,https://cdn.shopify.com/s/files/1/0268/6749/9079/files/FOA7147WH-2.jpg,12,emmeline-4-pc-bedroom-set,,,,,,,,
emmeline-4-pc-bedroom-set,,,,,,,,,,,,,,,,,,,,,,,,,,,,,,,,https://cdn.shopify.com/s/files/1/0268/6749/9079/files/FOA7147WH-3.jpg,13,emmeline-4-pc-bedroom-set,,,,,,,,
emmeline-4-pc-bedroom-set,,,,,,,,,,,,,,,,,,,,,,,,,,,,,,,,https://cdn.shopify.com/s/files/1/0268/6749/9079/files/FOA7147WH-4.jpg,14,emmeline-4-pc-bedroom-set,,,,,,,,
emmeline-4-pc-bedroom-set,,,,,,,,,,,,,,,,,,,,,,,,,,,,,,,,https://cdn.shopify.com/s/files/1/0268/6749/9079/files/FOA7147WH-5.jpg,15,emmeline-4-pc-bedroom-set,,,,,,,,
emmeline-4-pc-bedroom-set,,,,,,,,,,,,,,,,,,,,,,,,,,,,,,,,https://cdn.shopify.com/s/files/1/0268/6749/9079/files/FOA7147WH-6.jpg,16,emmeline-4-pc-bedroom-set,,,,,,,,
emmeline-4-pc-bedroom-set,,,,,,,,,,,,,,,,,,,,,,,,,,,,,,,,https://cdn.shopify.com/s/files/1/0268/6749/9079/files/FOA7147WH-7.jpg,17,emmeline-4-pc-bedroom-set,,,,,,,,
emmeline-4-pc-bedroom-set,,,,,,,,,,,,,,,,,,,,,,,,,,,,,,,,https://cdn.shopify.com/s/files/1/0268/6749/9079/files/FOA7147WH-8.jpg,18,emmeline-4-pc-bedroom-set,,,,,,,,
emmeline-4-pc-bedroom-set,,,,,,,,,,,,,,,,,,,,,,,,,,,,,,,,https://cdn.shopify.com/s/files/1/0268/6749/9079/files/FOA7147WH-9.jpg,19,emmeline-4-pc-bedroom-set,,,,,,,,
emmeline-5-pc-bedroom-set-w-2ns,EMMELINE 5 Pc. Bedroom Set w/2NS,"<p><span style=""color:#1e73be;""><strong>FREE SHIPPING</strong></span><br>
Elevate your space with EMMELINE, styled in Contemporary and designed for everyday comfort.<br>
This bedroom bedroom set is made to fit naturally into the room. With Leatherette, Solid Wood, Engineered Wood and Silver or White tones, it blends structure and softness in one clean profile.<br>
Product Dimensions: 85 1/2&quot;L X 62 3/4&quot;W X 67 1/4&quot;H<br>
Size: Queen</p>

<p>Features<br>
- Leatherette<br>
- Solid Wood<br>
- Engineered Wood<br>
- Padded Headboard<br>
- LED Lights in Headboard &amp; Mirror<br>
- Footboard Drawers<br>
- Embossed Art Deco Pattern w/ Mirror Trims<br>
- Faux Diamond Chrome Pulls &amp; Acrylic Legs<br>
- USB Charger in Night Stand &amp; Hidden Jewelry Drawers in Dresser<br>
- Mattress Ready<br>
<strong>Variant Details</strong><br>
- <strong>Size: Queen | Color: Silver | Dimensions: 85 1/2&quot;L X 62 3/4&quot;W X 67 1/4&quot;H | Weight: 790.5 lbs | Volume: 88 cuft</strong><br>
- <strong>Size: Queen | Color: White | Dimensions: 85 1/2&quot;L X 62 3/4&quot;W X 67 1/4&quot;H | Weight: 790.5 lbs | Volume: 88.4 cuft</strong><br>
</p>

<p>Materials: Leatherette, Solid Wood, Engineered Wood.<br>
Color: Silver or White<br>
Weight: 790.5 lbs</p>",GOODDEGG,Furniture > Furniture Sets > Bedroom Furniture Sets,Bedroom Set,"Furniture of America, Quick Ship Furniture, New Arrival, Indoor Furniture, 2026",TRUE,Color,Silver,,,,,,,,FOA7147Q-5PC-2NS,358565,shopify,20,deny,manual,4857,,TRUE,FALSE,,,,,,https://cdn.shopify.com/s/files/1/0268/6749/9079/files/FOA7147-1-Z.jpg,1,emmeline-5-pc-bedroom-set-w-2ns,FALSE,EMMELINE 5 Pc. Bedroom Set w/2NS,"Shop EMMELINE 5 Pc. Bedroom Set w/2NS. Contemporary style. Leatherette, Solid Wood build. Multiple colors available. Free shipping. Buy now at GOODDEGG.",FOA7147-1-Z.jpg,lb,,1899,active
emmeline-5-pc-bedroom-set-w-2ns,,,,,,,,,White,,,,,,,,FOA7147WH-Q-5PC-2NS,358565,shopify,20,deny,manual,4857,,TRUE,FALSE,,,,,,https://cdn.shopify.com/s/files/1/0268/6749/9079/files/FOA7147-2.jpg,2,emmeline-5-pc-bedroom-set-w-2ns,,,,FOA7147WH-1-Z.jpg,lb,,1899,
emmeline-5-pc-bedroom-set-w-2ns,,,,,,,,,,,,,,,,,,,,,,,,,,,,,,,,https://cdn.shopify.com/s/files/1/0268/6749/9079/files/FOA7147-3.jpg,3,emmeline-5-pc-bedroom-set-w-2ns,,,,,,,,
emmeline-5-pc-bedroom-set-w-2ns,,,,,,,,,,,,,,,,,,,,,,,,,,,,,,,,https://cdn.shopify.com/s/files/1/0268/6749/9079/files/FOA7147-4.jpg,4,emmeline-5-pc-bedroom-set-w-2ns,,,,,,,,
emmeline-5-pc-bedroom-set-w-2ns,,,,,,,,,,,,,,,,,,,,,,,,,,,,,,,,https://cdn.shopify.com/s/files/1/0268/6749/9079/files/FOA7147-5.jpg,5,emmeline-5-pc-bedroom-set-w-2ns,,,,,,,,
emmeline-5-pc-bedroom-set-w-2ns,,,,,,,,,,,,,,,,,,,,,,,,,,,,,,,,https://cdn.shopify.com/s/files/1/0268/6749/9079/files/FOA7147-6.jpg,6,emmeline-5-pc-bedroom-set-w-2ns,,,,,,,,
emmeline-5-pc-bedroom-set-w-2ns,,,,,,,,,,,,,,,,,,,,,,,,,,,,,,,,https://cdn.shopify.com/s/files/1/0268/6749/9079/files/FOA7147-7.jpg,7,emmeline-5-pc-bedroom-set-w-2ns,,,,,,,,
emmeline-5-pc-bedroom-set-w-2ns,,,,,,,,,,,,,,,,,,,,,,,,,,,,,,,,https://cdn.shopify.com/s/files/1/0268/6749/9079/files/FOA7147-8.jpg,8,emmeline-5-pc-bedroom-set-w-2ns,,,,,,,,
emmeline-5-pc-bedroom-set-w-2ns,,,,,,,,,,,,,,,,,,,,,,,,,,,,,,,,FOA7147-9.jpg,9,emmeline-5-pc-bedroom-set-w-2ns,,,,,,,,
emmeline-5-pc-bedroom-set-w-2ns,,,,,,,,,,,,,,,,,,,,,,,,,,,,,,,,https://cdn.shopify.com/s/files/1/0268/6749/9079/files/FOA7147-10.jpg,10,emmeline-5-pc-bedroom-set-w-2ns,,,,,,,,
emmeline-5-pc-bedroom-set-w-2ns,,,,,,,,,,,,,,,,,,,,,,,,,,,,,,,,https://cdn.shopify.com/s/files/1/0268/6749/9079/files/FOA7147WH-1-Z.jpg,11,emmeline-5-pc-bedroom-set-w-2ns,,,,,,,,
emmeline-5-pc-bedroom-set-w-2ns,,,,,,,,,,,,,,,,,,,,,,,,,,,,,,,,https://cdn.shopify.com/s/files/1/0268/6749/9079/files/FOA7147WH-2.jpg,12,emmeline-5-pc-bedroom-set-w-2ns,,,,,,,,
emmeline-5-pc-bedroom-set-w-2ns,,,,,,,,,,,,,,,,,,,,,,,,,,,,,,,,https://cdn.shopify.com/s/files/1/0268/6749/9079/files/FOA7147WH-3.jpg,13,emmeline-5-pc-bedroom-set-w-2ns,,,,,,,,
emmeline-5-pc-bedroom-set-w-2ns,,,,,,,,,,,,,,,,,,,,,,,,,,,,,,,,https://cdn.shopify.com/s/files/1/0268/6749/9079/files/FOA7147WH-4.jpg,14,emmeline-5-pc-bedroom-set-w-2ns,,,,,,,,
emmeline-5-pc-bedroom-set-w-2ns,,,,,,,,,,,,,,,,,,,,,,,,,,,,,,,,https://cdn.shopify.com/s/files/1/0268/6749/9079/files/FOA7147WH-5.jpg,15,emmeline-5-pc-bedroom-set-w-2ns,,,,,,,,
emmeline-5-pc-bedroom-set-w-2ns,,,,,,,,,,,,,,,,,,,,,,,,,,,,,,,,https://cdn.shopify.com/s/files/1/0268/6749/9079/files/FOA7147WH-6.jpg,16,emmeline-5-pc-bedroom-set-w-2ns,,,,,,,,
emmeline-5-pc-bedroom-set-w-2ns,,,,,,,,,,,,,,,,,,,,,,,,,,,,,,,,https://cdn.shopify.com/s/files/1/0268/6749/9079/files/FOA7147WH-7.jpg,17,emmeline-5-pc-bedroom-set-w-2ns,,,,,,,,
emmeline-5-pc-bedroom-set-w-2ns,,,,,,,,,,,,,,,,,,,,,,,,,,,,,,,,https://cdn.shopify.com/s/files/1/0268/6749/9079/files/FOA7147WH-8.jpg,18,emmeline-5-pc-bedroom-set-w-2ns,,,,,,,,
emmeline-5-pc-bedroom-set-w-2ns,,,,,,,,,,,,,,,,,,,,,,,,,,,,,,,,https://cdn.shopify.com/s/files/1/0268/6749/9079/files/FOA7147WH-9.jpg,19,emmeline-5-pc-bedroom-set-w-2ns,,,,,,,,
emmeline-5-pc-bedroom-set-w-chest,EMMELINE 5 Pc. Bedroom Set w/Chest,"<p><span style=""color:#1e73be;""><strong>FREE SHIPPING</strong></span><br>
Elevate your space with EMMELINE, styled in Contemporary and designed for everyday comfort.<br>
This bedroom bedroom set is made to fit naturally into the room. With Leatherette, Solid Wood, Engineered Wood and Silver or White tones, it blends structure and softness in one clean profile.<br>
Product Dimensions: 85 1/2&quot;L X 62 3/4&quot;W X 67 1/4&quot;H<br>
Size: Queen</p>

<p>Features<br>
- Leatherette<br>
- Solid Wood<br>
- Engineered Wood<br>
- Padded Headboard<br>
- LED Lights in Headboard &amp; Mirror<br>
- Footboard Drawers<br>
- Embossed Art Deco Pattern w/ Mirror Trims<br>
- Faux Diamond Chrome Pulls &amp; Acrylic Legs<br>
- USB Charger in Night Stand &amp; Hidden Jewelry Drawers in Dresser<br>
- Mattress Ready<br>
<strong>Variant Details</strong><br>
- <strong>Size: Queen | Color: Silver | Dimensions: 85 1/2&quot;L X 62 3/4&quot;W X 67 1/4&quot;H | Weight: 895.9 lbs | Volume: 106 cuft</strong><br>
- <strong>Size: Queen | Color: White | Dimensions: 85 1/2&quot;L X 62 3/4&quot;W X 67 1/4&quot;H | Weight: 895.9 lbs | Volume: 106.4 cuft</strong><br>
</p>

<p>Materials: Leatherette, Solid Wood, Engineered Wood.<br>
Color: Silver or White<br>
Weight: 895.9 lbs</p>",GOODDEGG,Furniture > Furniture Sets > Bedroom Furniture Sets,Bedroom Set,"Furniture of America, Quick Ship Furniture, New Arrival, Indoor Furniture, 2026",TRUE,Color,Silver,,,,,,,,FOA7147Q-5PC-CHEST,406373,shopify,20,deny,manual,5244,,TRUE,FALSE,,,,,,https://cdn.shopify.com/s/files/1/0268/6749/9079/files/FOA7147-1-Z.jpg,1,emmeline-5-pc-bedroom-set-w-chest,FALSE,EMMELINE 5 Pc. Bedroom Set w/Chest,"Shop EMMELINE 5 Pc. Bedroom Set w/Chest. Contemporary style. Leatherette, Solid Wood build. Multiple colors available. Free shipping. Buy now at GOODDEGG.",FOA7147-1-Z.jpg,lb,,2099,active
emmeline-5-pc-bedroom-set-w-chest,,,,,,,,,White,,,,,,,,FOA7147WH-Q-5PC-CHE,406373,shopify,20,deny,manual,5244,,TRUE,FALSE,,,,,,https://cdn.shopify.com/s/files/1/0268/6749/9079/files/FOA7147-2.jpg,2,emmeline-5-pc-bedroom-set-w-chest,,,,FOA7147WH-1-Z.jpg,lb,,2099,
emmeline-5-pc-bedroom-set-w-chest,,,,,,,,,,,,,,,,,,,,,,,,,,,,,,,,https://cdn.shopify.com/s/files/1/0268/6749/9079/files/FOA7147-3.jpg,3,emmeline-5-pc-bedroom-set-w-chest,,,,,,,,
emmeline-5-pc-bedroom-set-w-chest,,,,,,,,,,,,,,,,,,,,,,,,,,,,,,,,https://cdn.shopify.com/s/files/1/0268/6749/9079/files/FOA7147-4.jpg,4,emmeline-5-pc-bedroom-set-w-chest,,,,,,,,
emmeline-5-pc-bedroom-set-w-chest,,,,,,,,,,,,,,,,,,,,,,,,,,,,,,,,https://cdn.shopify.com/s/files/1/0268/6749/9079/files/FOA7147-5.jpg,5,emmeline-5-pc-bedroom-set-w-chest,,,,,,,,
emmeline-5-pc-bedroom-set-w-chest,,,,,,,,,,,,,,,,,,,,,,,,,,,,,,,,https://cdn.shopify.com/s/files/1/0268/6749/9079/files/FOA7147-6.jpg,6,emmeline-5-pc-bedroom-set-w-chest,,,,,,,,
emmeline-5-pc-bedroom-set-w-chest,,,,,,,,,,,,,,,,,,,,,,,,,,,,,,,,https://cdn.shopify.com/s/files/1/0268/6749/9079/files/FOA7147-7.jpg,7,emmeline-5-pc-bedroom-set-w-chest,,,,,,,,
emmeline-5-pc-bedroom-set-w-chest,,,,,,,,,,,,,,,,,,,,,,,,,,,,,,,,https://cdn.shopify.com/s/files/1/0268/6749/9079/files/FOA7147-8.jpg,8,emmeline-5-pc-bedroom-set-w-chest,,,,,,,,
emmeline-5-pc-bedroom-set-w-chest,,,,,,,,,,,,,,,,,,,,,,,,,,,,,,,,FOA7147-9.jpg,9,emmeline-5-pc-bedroom-set-w-chest,,,,,,,,
emmeline-5-pc-bedroom-set-w-chest,,,,,,,,,,,,,,,,,,,,,,,,,,,,,,,,https://cdn.shopify.com/s/files/1/0268/6749/9079/files/FOA7147-10.jpg,10,emmeline-5-pc-bedroom-set-w-chest,,,,,,,,
emmeline-5-pc-bedroom-set-w-chest,,,,,,,,,,,,,,,,,,,,,,,,,,,,,,,,https://cdn.shopify.com/s/files/1/0268/6749/9079/files/FOA7147WH-1-Z.jpg,11,emmeline-5-pc-bedroom-set-w-chest,,,,,,,,
emmeline-5-pc-bedroom-set-w-chest,,,,,,,,,,,,,,,,,,,,,,,,,,,,,,,,https://cdn.shopify.com/s/files/1/0268/6749/9079/files/FOA7147WH-2.jpg,12,emmeline-5-pc-bedroom-set-w-chest,,,,,,,,
emmeline-5-pc-bedroom-set-w-chest,,,,,,,,,,,,,,,,,,,,,,,,,,,,,,,,https://cdn.shopify.com/s/files/1/0268/6749/9079/files/FOA7147WH-3.jpg,13,emmeline-5-pc-bedroom-set-w-chest,,,,,,,,
emmeline-5-pc-bedroom-set-w-chest,,,,,,,,,,,,,,,,,,,,,,,,,,,,,,,,https://cdn.shopify.com/s/files/1/0268/6749/9079/files/FOA7147WH-4.jpg,14,emmeline-5-pc-bedroom-set-w-chest,,,,,,,,
emmeline-5-pc-bedroom-set-w-chest,,,,,,,,,,,,,,,,,,,,,,,,,,,,,,,,https://cdn.shopify.com/s/files/1/0268/6749/9079/files/FOA7147WH-5.jpg,15,emmeline-5-pc-bedroom-set-w-chest,,,,,,,,
emmeline-5-pc-bedroom-set-w-chest,,,,,,,,,,,,,,,,,,,,,,,,,,,,,,,,https://cdn.shopify.com/s/files/1/0268/6749/9079/files/FOA7147WH-6.jpg,16,emmeline-5-pc-bedroom-set-w-chest,,,,,,,,
emmeline-5-pc-bedroom-set-w-chest,,,,,,,,,,,,,,,,,,,,,,,,,,,,,,,,https://cdn.shopify.com/s/files/1/0268/6749/9079/files/FOA7147WH-7.jpg,17,emmeline-5-pc-bedroom-set-w-chest,,,,,,,,
emmeline-5-pc-bedroom-set-w-chest,,,,,,,,,,,,,,,,,,,,,,,,,,,,,,,,https://cdn.shopify.com/s/files/1/0268/6749/9079/files/FOA7147WH-8.jpg,18,emmeline-5-pc-bedroom-set-w-chest,,,,,,,,
emmeline-5-pc-bedroom-set-w-chest,,,,,,,,,,,,,,,,,,,,,,,,,,,,,,,,https://cdn.shopify.com/s/files/1/0268/6749/9079/files/FOA7147WH-9.jpg,19,emmeline-5-pc-bedroom-set-w-chest,,,,,,,,
erlach-4-pc-bedroom-set,ERLACH 4 Pc. Bedroom Set,"<p><span style=""color:#1e73be;""><strong>FREE SHIPPING</strong></span><br>
Elevate your space with ERLACH, styled in Contemporary and designed for everyday comfort.<br>
This bedroom bedroom set is made to fit naturally into the room. With Metal, Solid Wood, Wood Veneer, Others and Black/Chrome or White/Chrome tones, it blends structure and softness in one clean profile.<br>
Product Dimensions: 83 7/8&quot;L X 63 3/8&quot;W X 40&quot;H<br>
Size: Queen</p>

<p>Features<br>
- Metal<br>
- Solid Wood<br>
- Wood Veneer<br>
- Others<br>
- Chrome Accent<br>
- Low Profile Platform<br>
- High Gloss Finish<br>
- Bracket Feet<br>
- Chrome Bar Pulls<br>
- Embedded LED Light<br>
<strong>Variant Details</strong><br>
- <strong>Size: Queen | Color: Black/Chrome | Dimensions: - | Weight: 493.82 lbs | Volume: 55.2 cuft</strong><br>
- <strong>Size: Queen | Color: White/Chrome | Dimensions: 83 7/8&quot;L X 63 3/8&quot;W X 40&quot;H | Weight: 496.64 lbs | Volume: 55.6 cuft</strong><br>
</p>

<p>Materials: Metal, Solid Wood, Wood Veneer, Others.<br>
Color: Black/Chrome or White/Chrome<br>
Weight: 493.82 - 496.64 lbs</p>",GOODDEGG,Furniture > Furniture Sets > Bedroom Furniture Sets,Bedroom Set,"Furniture of America, Quick Ship Furniture, New Arrival, Indoor Furniture, 2026",TRUE,Color,Black/Chrome,,,,,,,,FOA7189BK-Q-4PC,223993,shopify,20,deny,manual,2517,,TRUE,FALSE,,,,,,https://cdn.shopify.com/s/files/1/0268/6749/9079/files/FOA7189BK-1-Z.jpg,1,erlach-4-pc-bedroom-set,FALSE,ERLACH 4 Pc. Bedroom Set,"Shop ERLACH 4 Pc. Bedroom Set. Contemporary style. Metal, Solid Wood build. Multiple colors available. Free shipping. Buy now at GOODDEGG.",FOA7189BK-1-Z.jpg,lb,,1099,active
erlach-4-pc-bedroom-set,,,,,,,,,White/Chrome,,,,,,,,FOA7189WH-Q-4PC,225272,shopify,20,deny,manual,2517,,TRUE,FALSE,,,,,,https://cdn.shopify.com/s/files/1/0268/6749/9079/files/FOA7189BK-2.jpg,2,erlach-4-pc-bedroom-set,,,,FOA7189WH-1-Z.jpg,lb,,1099,
erlach-4-pc-bedroom-set,,,,,,,,,,,,,,,,,,,,,,,,,,,,,,,,https://cdn.shopify.com/s/files/1/0268/6749/9079/files/FOA7189BK-3.jpg,3,erlach-4-pc-bedroom-set,,,,,,,,
erlach-4-pc-bedroom-set,,,,,,,,,,,,,,,,,,,,,,,,,,,,,,,,https://cdn.shopify.com/s/files/1/0268/6749/9079/files/FOA7189WH-1-Z.jpg,4,erlach-4-pc-bedroom-set,,,,,,,,
erlach-4-pc-bedroom-set,,,,,,,,,,,,,,,,,,,,,,,,,,,,,,,,https://cdn.shopify.com/s/files/1/0268/6749/9079/files/FOA7189WH-2.jpg,5,erlach-4-pc-bedroom-set,,,,,,,,
erlach-4-pc-bedroom-set,,,,,,,,,,,,,,,,,,,,,,,,,,,,,,,,https://cdn.shopify.com/s/files/1/0268/6749/9079/files/FOA7189WH-3.jpg,6,erlach-4-pc-bedroom-set,,,,,,,,
erlach-5-pc-bedroom-set-w-2ns,ERLACH 5 Pc. Bedroom Set w/2NS,"<p><span style=""color:#1e73be;""><strong>FREE SHIPPING</strong></span><br>
Elevate your space with ERLACH, styled in Contemporary and designed for everyday comfort.<br>
This bedroom bedroom set is made to fit naturally into the room. With Metal, Solid Wood, Wood Veneer, Others and Black/Chrome or White/Chrome tones, it blends structure and softness in one clean profile.<br>
Product Dimensions: 83 7/8&quot;L X 63 3/8&quot;W X 40&quot;H<br>
Size: Queen</p>

<p>Features<br>
- Metal<br>
- Solid Wood<br>
- Wood Veneer<br>
- Others<br>
- Chrome Accent<br>
- Low Profile Platform<br>
- High Gloss Finish<br>
- Bracket Feet<br>
- Chrome Bar Pulls<br>
- Embedded LED Light<br>
<strong>Variant Details</strong><br>
- <strong>Size: Queen | Color: Black/Chrome | Dimensions: - | Weight: 557.29 lbs | Volume: 63.3 cuft</strong><br>
- <strong>Size: Queen | Color: White/Chrome | Dimensions: 83 7/8&quot;L X 63 3/8&quot;W X 40&quot;H | Weight: 560.57 lbs | Volume: 63.9 cuft</strong><br>
</p>

<p>Materials: Metal, Solid Wood, Wood Veneer, Others.<br>
Color: Black/Chrome or White/Chrome<br>
Weight: 557.29 - 560.57 lbs</p>",GOODDEGG,Furniture > Furniture Sets > Bedroom Furniture Sets,Bedroom Set,"Furniture of America, Quick Ship Furniture, New Arrival, Indoor Furniture, 2026",TRUE,Color,Black/Chrome,,,,,,,,FOA7189BK-Q-5PC-2NS,252782,shopify,20,deny,manual,2877,,TRUE,FALSE,,,,,,https://cdn.shopify.com/s/files/1/0268/6749/9079/files/FOA7189BK-1-Z.jpg,1,erlach-5-pc-bedroom-set-w-2ns,FALSE,ERLACH 5 Pc. Bedroom Set w/2NS,"Shop ERLACH 5 Pc. Bedroom Set w/2NS. Contemporary style. Metal, Solid Wood build. Multiple colors available. Free shipping. Buy now at GOODDEGG.",FOA7189BK-1-Z.jpg,lb,,1259,active
erlach-5-pc-bedroom-set-w-2ns,,,,,,,,,White/Chrome,,,,,,,,FOA7189WH-Q-5PC-2NS,254270,shopify,20,deny,manual,2877,,TRUE,FALSE,,,,,,https://cdn.shopify.com/s/files/1/0268/6749/9079/files/FOA7189BK-2.jpg,2,erlach-5-pc-bedroom-set-w-2ns,,,,FOA7189WH-1-Z.jpg,lb,,1259,
erlach-5-pc-bedroom-set-w-2ns,,,,,,,,,,,,,,,,,,,,,,,,,,,,,,,,https://cdn.shopify.com/s/files/1/0268/6749/9079/files/FOA7189BK-3.jpg,3,erlach-5-pc-bedroom-set-w-2ns,,,,,,,,
erlach-5-pc-bedroom-set-w-2ns,,,,,,,,,,,,,,,,,,,,,,,,,,,,,,,,https://cdn.shopify.com/s/files/1/0268/6749/9079/files/FOA7189WH-1-Z.jpg,4,erlach-5-pc-bedroom-set-w-2ns,,,,,,,,
erlach-5-pc-bedroom-set-w-2ns,,,,,,,,,,,,,,,,,,,,,,,,,,,,,,,,https://cdn.shopify.com/s/files/1/0268/6749/9079/files/FOA7189WH-2.jpg,5,erlach-5-pc-bedroom-set-w-2ns,,,,,,,,
erlach-5-pc-bedroom-set-w-2ns,,,,,,,,,,,,,,,,,,,,,,,,,,,,,,,,https://cdn.shopify.com/s/files/1/0268/6749/9079/files/FOA7189WH-3.jpg,6,erlach-5-pc-bedroom-set-w-2ns,,,,,,,,
erlach-5-pc-bedroom-set-w-chest,ERLACH 5 Pc. Bedroom Set w/Chest,"<p><span style=""color:#1e73be;""><strong>FREE SHIPPING</strong></span><br>
Elevate your space with ERLACH, styled in Contemporary and designed for everyday comfort.<br>
This bedroom bedroom set is made to fit naturally into the room. With Metal, Solid Wood, Wood Veneer, Others and Black/Chrome or White/Chrome tones, it blends structure and softness in one clean profile.<br>
Product Dimensions: 83 7/8&quot;L X 63 3/8&quot;W X 40&quot;H<br>
Size: Queen</p>

<p>Features<br>
- Metal<br>
- Solid Wood<br>
- Wood Veneer<br>
- Others<br>
- Chrome Accent<br>
- Low Profile Platform<br>
- High Gloss Finish<br>
- Bracket Feet<br>
- Chrome Bar Pulls<br>
- Embedded LED Light<br>
<strong>Variant Details</strong><br>
- <strong>Size: Queen | Color: Black/Chrome | Dimensions: - | Weight: 680.27 lbs | Volume: 81.6 cuft</strong><br>
- <strong>Size: Queen | Color: White/Chrome | Dimensions: 83 7/8&quot;L X 63 3/8&quot;W X 40&quot;H | Weight: 682.27 lbs | Volume: 81.3 cuft</strong><br>
</p>

<p>Materials: Metal, Solid Wood, Wood Veneer, Others.<br>
Color: Black/Chrome or White/Chrome<br>
Weight: 680.27 - 682.27 lbs</p>",GOODDEGG,Furniture > Furniture Sets > Bedroom Furniture Sets,Bedroom Set,"Furniture of America, Quick Ship Furniture, New Arrival, Indoor Furniture, 2026",TRUE,Color,Black/Chrome,,,,,,,,FOA7189BK-Q-5PC-C,308565,shopify,20,deny,manual,3414,,TRUE,FALSE,,,,,,https://cdn.shopify.com/s/files/1/0268/6749/9079/files/FOA7189BK-1-Z.jpg,1,erlach-5-pc-bedroom-set-w-chest,FALSE,ERLACH 5 Pc. Bedroom Set w/Chest,"Shop ERLACH 5 Pc. Bedroom Set w/Chest. Contemporary style. Metal, Solid Wood build. Multiple colors available. Free shipping. Buy now at GOODDEGG.",FOA7189BK-1-Z.jpg,lb,,1468,active
erlach-5-pc-bedroom-set-w-chest,,,,,,,,,White/Chrome,,,,,,,,FOA7189WH-Q-5PC-C,309472,shopify,20,deny,manual,3414,,TRUE,FALSE,,,,,,https://cdn.shopify.com/s/files/1/0268/6749/9079/files/FOA7189BK-2.jpg,2,erlach-5-pc-bedroom-set-w-chest,,,,FOA7189WH-1-Z.jpg,lb,,1468,
erlach-5-pc-bedroom-set-w-chest,,,,,,,,,,,,,,,,,,,,,,,,,,,,,,,,https://cdn.shopify.com/s/files/1/0268/6749/9079/files/FOA7189BK-3.jpg,3,erlach-5-pc-bedroom-set-w-chest,,,,,,,,
erlach-5-pc-bedroom-set-w-chest,,,,,,,,,,,,,,,,,,,,,,,,,,,,,,,,https://cdn.shopify.com/s/files/1/0268/6749/9079/files/FOA7189WH-1-Z.jpg,4,erlach-5-pc-bedroom-set-w-chest,,,,,,,,
erlach-5-pc-bedroom-set-w-chest,,,,,,,,,,,,,,,,,,,,,,,,,,,,,,,,https://cdn.shopify.com/s/files/1/0268/6749/9079/files/FOA7189WH-2.jpg,5,erlach-5-pc-bedroom-set-w-chest,,,,,,,,
erlach-5-pc-bedroom-set-w-chest,,,,,,,,,,,,,,,,,,,,,,,,,,,,,,,,https://cdn.shopify.com/s/files/1/0268/6749/9079/files/FOA7189WH-3.jpg,6,erlach-5-pc-bedroom-set-w-chest,,,,,,,,
errico-4-pc-bedroom-set,ERRICO 4 Pc. Bedroom Set,"<p><span style=""color:#1e73be;""><strong>FREE SHIPPING</strong></span><br>
Elevate your space with ERRICO, styled in Contemporary and designed for everyday comfort.<br>
This bedroom bedroom set is made to fit naturally into the room. With Engineered Wood, Paper Veneer, Others and Gray or White tones, it blends structure and softness in one clean profile.<br>
Product Dimensions: BED: 63.5&quot;W X 84&quot;D X 56&quot;H<br>
Size: Queen</p>

<p>Features<br>
- Engineered Wood<br>
- Paper Veneer<br>
- Others<br>
- Panel Style Headboard<br>
- Wooden Legs<br>
- Two-Tone Design<br>
<strong>Variant Details</strong><br>
- <strong>Size: Queen | Color: Gray | Dimensions: BED: 63.5&quot;W X 84&quot;D X 56&quot;H | Weight: 338.32 lbs | Volume: 42 cuft</strong><br>
- <strong>Size: Queen | Color: White | Dimensions: - | Weight: 338.33 lbs | Volume: 40.8 cuft</strong><br>
</p>

<p>Materials: Engineered Wood, Paper Veneer, Others.<br>
Color: Gray or White<br>
Weight: 338.32 - 338.33 lbs</p>",GOODDEGG,Furniture > Furniture Sets > Bedroom Furniture Sets,Bedroom Set,"Furniture of America, Quick Ship Furniture, New Arrival, Indoor Furniture, 2026",TRUE,Color,Gray,,,,,,,,FM7215GY-Q-4PC,153459,shopify,20,deny,manual,1107,,TRUE,FALSE,,,,,,https://cdn.shopify.com/s/files/1/0268/6749/9079/files/FM7215GY-1-Z.jpg,1,errico-4-pc-bedroom-set,FALSE,ERRICO 4 Pc. Bedroom Set,"Shop ERRICO 4 Pc. Bedroom Set. Contemporary style. Engineered Wood, Paper Veneer build. Multiple colors available. Free shipping. Buy now at GOODDEGG.",FM7215GY-1-Z.jpg,lb,,499,active
errico-4-pc-bedroom-set,,,,,,,,,White,,,,,,,,FM7215WH-Q-4PC,153464,shopify,20,deny,manual,1107,,TRUE,FALSE,,,,,,https://cdn.shopify.com/s/files/1/0268/6749/9079/files/FM7215WH-1-Z.jpg,2,errico-4-pc-bedroom-set,,,,FM7215WH-1-Z.jpg,lb,,499,
errico-5-pc-bedroom-set-w-2ns,ERRICO 5 Pc. Bedroom Set w/2NS,"<p><span style=""color:#1e73be;""><strong>FREE SHIPPING</strong></span><br>
Elevate your space with ERRICO, styled in Contemporary and designed for everyday comfort.<br>
This bedroom bedroom set is made to fit naturally into the room. With Engineered Wood, Paper Veneer, Others and Gray or White tones, it blends structure and softness in one clean profile.<br>
Product Dimensions: Varies by variant (see Variant Details below).<br>
Size: Queen</p>

<p>Features<br>
- Engineered Wood<br>
- Paper Veneer<br>
- Others<br>
- Panel Style Headboard<br>
- Wooden Legs<br>
- Two-Tone Design<br>
<strong>Variant Details</strong><br>
- <strong>Size: Queen | Color: Gray | Dimensions: BED: 63.5&quot;W X 84&quot;D X 56&quot;H | Weight: 385.48 lbs | Volume: 48.8 cuft</strong><br>
- <strong>Size: Queen | Color: White | Dimensions: . | Weight: 384.61 lbs | Volume: 47.8 cuft</strong><br>
</p>

<p>Materials: Engineered Wood, Paper Veneer, Others.<br>
Color: Gray or White<br>
Weight: 384.61 - 385.48 lbs</p>",GOODDEGG,Furniture > Furniture Sets > Bedroom Furniture Sets,Bedroom Set,"Furniture of America, Quick Ship Furniture, New Arrival, Indoor Furniture, 2026",TRUE,Color,Gray,,,,,,,,FM7215GY-Q-5PC-2NS,174851,shopify,20,deny,manual,1287,,TRUE,FALSE,,,,,,https://cdn.shopify.com/s/files/1/0268/6749/9079/files/FM7215GY-1-Z.jpg,1,errico-5-pc-bedroom-set-w-2ns,FALSE,ERRICO 5 Pc. Bedroom Set w/2NS,"Shop ERRICO 5 Pc. Bedroom Set w/2NS. Contemporary style. Engineered Wood, Paper Veneer build. Multiple colors available. Free shipping. Buy now at GOODDEGG.",FM7215GY-1-Z.jpg,lb,,599,active
errico-5-pc-bedroom-set-w-2ns,,,,,,,,,White,,,,,,,,FM7215WH-Q-5PC-2NS,174456,shopify,20,deny,manual,1287,,TRUE,FALSE,,,,,,https://cdn.shopify.com/s/files/1/0268/6749/9079/files/FM7215WH-1-Z.jpg,2,errico-5-pc-bedroom-set-w-2ns,,,,FM7215WH-1-Z.jpg,lb,,899,
errico-5-pc-bedroom-set-w-chest,ERRICO 5 Pc. Bedroom Set w/Chest,"<p><span style=""color:#1e73be;""><strong>FREE SHIPPING</strong></span><br>
Elevate your space with ERRICO, styled in Contemporary and designed for everyday comfort.<br>
This bedroom bedroom set is made to fit naturally into the room. With Engineered Wood, Paper Veneer, Others and Gray or White tones, it blends structure and softness in one clean profile.<br>
Product Dimensions: Varies by variant (see Variant Details below).<br>
Size: Queen</p>

<p>Features<br>
- Engineered Wood<br>
- Paper Veneer<br>
- Others<br>
- Panel Style Headboard<br>
- Wooden Legs<br>
- Two-Tone Design<br>
<strong>Variant Details</strong><br>
- <strong>Size: Queen | Color: Gray | Dimensions: BED: 63.5&quot;W X 84&quot;D X 56&quot;H | Weight: 481.58 lbs | Volume: 60.2 cuft</strong><br>
- <strong>Size: Queen | Color: White | Dimensions: . | Weight: 480.92 lbs | Volume: 58.9 cuft</strong><br>
</p>

<p>Materials: Engineered Wood, Paper Veneer, Others.<br>
Color: Gray or White<br>
Weight: 480.92 - 481.58 lbs</p>",GOODDEGG,Furniture > Furniture Sets > Bedroom Furniture Sets,Bedroom Set,"Furniture of America, Quick Ship Furniture, New Arrival, Indoor Furniture, 2026",TRUE,Color,Gray,,,,,,,,FM7215GY-Q-5PC-CHEST,218441,shopify,20,deny,manual,1524,,TRUE,FALSE,,,,,,https://cdn.shopify.com/s/files/1/0268/6749/9079/files/FM7215GY-1-Z.jpg,1,errico-5-pc-bedroom-set-w-chest,FALSE,ERRICO 5 Pc. Bedroom Set w/Chest,"Shop ERRICO 5 Pc. Bedroom Set w/Chest. Contemporary style. Engineered Wood, Paper Veneer build. Multiple colors available. Free shipping. Buy now at GOODDEGG.",FM7215GY-1-Z.jpg,lb,,628,active
errico-5-pc-bedroom-set-w-chest,,,,,,,,,White,,,,,,,,FM7215WH-Q-5PC-CHEST,218142,shopify,20,deny,manual,1524,,TRUE,FALSE,,,,,,https://cdn.shopify.com/s/files/1/0268/6749/9079/files/FM7215WH-1-Z.jpg,2,errico-5-pc-bedroom-set-w-chest,,,,FM7215WH-1-Z.jpg,lb,,628,
farsund-4-pc-bedroom-set,FARSUND 4 Pc. Bedroom Set,"<p><span style=""color:#1e73be;""><strong>FREE SHIPPING</strong></span><br>
FARSUND 4 Pc. Bedroom Set completes the bedroom with a relaxed, pulled-together look. As a bedroom bedroom set, it is designed to coordinate with matching pieces.<br>
Product Dimensions: 63""W X 81""D X 58""H<br>
Size: Queen Included items and dimensions:<br>
- Queen Headboard (led): dimensions: 81.1"" W x 63.2""D x 57.9"" H<br>
- K or q Side Rail: dimensions: 81.1"" W x 9.7""D x 1.3"" H<br>
- Nightstand: color: Dusty Gray; dimensions: 23.5"" W x 15.5""D x 23.5"" H; feature: Contemporary<br>
- Dresser: color: Dusty Gray; dimensions: 57.5"" W x 15.5""D x 33"" H; feature: Contemporary<br>
Weight: 253 lbs</p>",GOODDEGG,Furniture > Furniture Sets > Bedroom Furniture Sets,Bedroom Set,"Furniture of America, Quick Ship Furniture, New Arrival, Indoor Furniture, 2026",TRUE,Size,Queen,,,,,,,,FM72013LG-Q-4PC,114759,shopify,20,deny,manual,1617,,TRUE,FALSE,,,,,,https://cdn.shopify.com/s/files/1/0268/6749/9079/files/FM72013LG-1.jpg,1,farsund-4-pc-bedroom-set,FALSE,FARSUND 4 Pc. Bedroom Set,Shop FARSUND 4 Pc. Bedroom Set. Size: Queen. Free shipping. Buy now at GOODDEGG.,FM72013LG-1.jpg,lb,,659,active
farsund-4-pc-bedroom-set,,,,,,,,,,,,,,,,,,,,,,,,,,,,,,,,https://cdn.shopify.com/s/files/1/0268/6749/9079/files/FM72013LG-2.jpg,2,farsund-4-pc-bedroom-set,,,,,,,,
farsund-4-pc-bedroom-set,,,,,,,,,,,,,,,,,,,,,,,,,,,,,,,,https://cdn.shopify.com/s/files/1/0268/6749/9079/files/FM72013LG-3.jpg,3,farsund-4-pc-bedroom-set,,,,,,,,
farsund-5-pc-bedroom-set-w-2ns,FARSUND 5 Pc. Bedroom Set w/ 2NS,"<p><span style=""color:#1e73be;""><strong>FREE SHIPPING</strong></span><br>
FARSUND 5 Pc. Bedroom Set w/ 2NS brings a restful, finished feel to the bedroom. This bedroom bedroom set is made to fit naturally into the room.<br>
Product Dimensions: 63""W X 81""D X 58""H<br>
Size: Queen Included items and dimensions:<br>
- Queen Headboard (led): dimensions: 81.1"" W x 63.2""D x 57.9"" H<br>
- K or q Side Rail: dimensions: 81.1"" W x 9.7""D x 1.3"" H<br>
- Nightstand: color: Dusty Gray; dimensions: 23.5"" W x 15.5""D x 23.5"" H; feature: Contemporary<br>
- Dresser: color: Dusty Gray; dimensions: 57.5"" W x 15.5""D x 33"" H; feature: Contemporary<br>
Weight: 282 lbs</p>",GOODDEGG,Furniture > Furniture Sets > Bedroom Furniture Sets,Bedroom Set,"Furniture of America, Quick Ship Furniture, New Arrival, Indoor Furniture, 2026",TRUE,Size,Queen,,,,,,,,FM72013LG-Q-5PC-2NS,127913,shopify,20,deny,manual,1857,,TRUE,FALSE,,,,,,https://cdn.shopify.com/s/files/1/0268/6749/9079/files/FM72013LG-1.jpg,1,farsund-5-pc-bedroom-set-w-2ns,FALSE,FARSUND 5 Pc. Bedroom Set w/ 2NS,Shop FARSUND 5 Pc. Bedroom Set w/ 2NS. Size: Queen. Free shipping. Buy now at GOODDEGG.,FM72013LG-1.jpg,lb,,759,active
farsund-5-pc-bedroom-set-w-2ns,,,,,,,,,,,,,,,,,,,,,,,,,,,,,,,,https://cdn.shopify.com/s/files/1/0268/6749/9079/files/FM72013LG-2.jpg,2,farsund-5-pc-bedroom-set-w-2ns,,,,,,,,
farsund-5-pc-bedroom-set-w-2ns,,,,,,,,,,,,,,,,,,,,,,,,,,,,,,,,https://cdn.shopify.com/s/files/1/0268/6749/9079/files/FM72013LG-3.jpg,3,farsund-5-pc-bedroom-set-w-2ns,,,,,,,,
farsund-5-pc-bedroom-set-w-chest,FARSUND 5 Pc. Bedroom Set w/ Chest,"<p><span style=""color:#1e73be;""><strong>FREE SHIPPING</strong></span><br>
Create a calm, coordinated retreat with FARSUND 5 Pc. Bedroom Set w/ Chest. Designed as a bedroom bedroom set, it pairs easily with surrounding decor.<br>
Product Dimensions: 63""W X 81""D X 58""H<br>
Size: Queen Included items and dimensions:<br>
- Queen Headboard (led): dimensions: 81.1"" W x 63.2""D x 57.9"" H<br>
- K or q Side Rail: dimensions: 81.1"" W x 9.7""D x 1.3"" H<br>
- Nightstand: color: Dusty Gray; dimensions: 23.5"" W x 15.5""D x 23.5"" H; feature: Contemporary<br>
- Dresser: color: Dusty Gray; dimensions: 57.5"" W x 15.5""D x 33"" H; feature: Contemporary<br>
- Chest: color: Dusty Gray; dimensions: 31"" W x 15.5""D x 44.5"" H; feature: Contemporary<br>
Weight: 335.5 lbs</p>",GOODDEGG,Furniture > Furniture Sets > Bedroom Furniture Sets,Bedroom Set,"Furniture of America, Quick Ship Furniture, New Arrival, Indoor Furniture, 2026",TRUE,Size,Queen,,,,,,,,FM72013LG-Q-5PC-CHE,152180,shopify,20,deny,manual,2094,,TRUE,FALSE,,,,,,https://cdn.shopify.com/s/files/1/0268/6749/9079/files/FM72013LG-1.jpg,1,farsund-5-pc-bedroom-set-w-chest,FALSE,FARSUND 5 Pc. Bedroom Set w/ Chest,Shop FARSUND 5 Pc. Bedroom Set w/ Chest. Size: Queen. Free shipping. Buy now at GOODDEGG.,FM72013LG-1.jpg,lb,,868,active
farsund-5-pc-bedroom-set-w-chest,,,,,,,,,,,,,,,,,,,,,,,,,,,,,,,,https://cdn.shopify.com/s/files/1/0268/6749/9079/files/FM72013LG-2.jpg,2,farsund-5-pc-bedroom-set-w-chest,,,,,,,,
farsund-5-pc-bedroom-set-w-chest,,,,,,,,,,,,,,,,,,,,,,,,,,,,,,,,https://cdn.shopify.com/s/files/1/0268/6749/9079/files/FM72013LG-3.jpg,3,farsund-5-pc-bedroom-set-w-chest,,,,,,,,
flandreau-4-pc-bedroom-set,FLANDREAU 4 Pc. Bedroom Set,"<p><span style=""color:#1e73be;""><strong>FREE SHIPPING</strong></span><br>
FLANDREAU 4 Pc. Bedroom Set completes the bedroom with a relaxed, pulled-together look. As a bedroom bedroom set, it is designed to coordinate with matching pieces. The Traditional character adds definition without feeling heavy. Crafted with Leatherette, Solid Wood, Wood Veneer, then finished in Brown Cherry or Espresso tones to suit a range of interiors.<br>
Product Dimensions: 92 1/2""L X 67 1/4""W X 66 1/2""H<br>
Size: Queen</p>

<p>Features<br>
- Traditional<br>
- Brown Cherry or Espresso<br>
- Padded Headboard & Footboard<br>
- Antique Gold Decorative Details<br>
- Nailhead Trim<br>
- Faux Wood Carved Details<br>
- Bun Feet<br>
- Ball Bearing Metal Glides<br>
- Foundation Required Included items and dimensions:<br>
- Nightstand: color: Brown Cherry; dimensions: 28"" W x 18""D x 29 3 or 8"" H; feature: Traditional<br>
- Dresser: color: Brown Cherry; dimensions: 68"" W x 19""D x 40"" H; feature: Traditional</p>

<p>Materials: Leatherette, Solid Wood, Wood Veneer.<br>
Color: Brown Cherry or Espresso<br>
Weight: 490.4 lbs</p>",GOODDEGG,Furniture > Furniture Sets > Bedroom Furniture Sets,Bedroom Set,"Furniture of America, Quick Ship Furniture, New Arrival, Indoor Furniture, 2026",TRUE,Size,Queen,,,,,,,,CM7588Q-4PC,222442,shopify,20,deny,manual,3837,,TRUE,FALSE,,,,,,https://cdn.shopify.com/s/files/1/0268/6749/9079/files/CM7588-Z.jpg,1,flandreau-4-pc-bedroom-set,FALSE,FLANDREAU 4 Pc. Bedroom Set,"Shop FLANDREAU 4 Pc. Bedroom Set. Traditional style. Leatherette, Solid Wood build. Size: Queen. Free shipping. Buy now at GOODDEGG.",CM7588-Z.jpg,lb,,1559,active
flandreau-4-pc-bedroom-set,,,,,,,,,,,,,,,,,,,,,,,,,,,,,,,,https://cdn.shopify.com/s/files/1/0268/6749/9079/files/CM7588-WB.jpg,2,flandreau-4-pc-bedroom-set,,,,,,,,
flandreau-4-pc-bedroom-set,,,,,,,,,,,,,,,,,,,,,,,,,,,,,,,,https://cdn.shopify.com/s/files/1/0268/6749/9079/files/CM7588.jpg,3,flandreau-4-pc-bedroom-set,,,,,,,,
flandreau-5-pc-bedroom-set-w-2ns,FLANDREAU 5 Pc. Bedroom Set w/ 2NS,"<p><span style=""color:#1e73be;""><strong>FREE SHIPPING</strong></span><br>
FLANDREAU 5 Pc. Bedroom Set w/ 2NS brings a restful, finished feel to the bedroom. This bedroom bedroom set is made to fit naturally into the room. A Traditional profile gives the space a refined, approachable look. With Leatherette, Solid Wood, Wood Veneer, construction and Brown Cherry or Espresso tones, it blends durability with visual warmth.<br>
Product Dimensions: 92 1/2""L X 67 1/4""W X 66 1/2""H<br>
Size: Queen</p>

<p>Features<br>
- Traditional<br>
- Brown Cherry or Espresso<br>
- Padded Headboard & Footboard<br>
- Antique Gold Decorative Details<br>
- Nailhead Trim<br>
- Faux Wood Carved Details<br>
- Bun Feet<br>
- Ball Bearing Metal Glides<br>
- Foundation Required Included items and dimensions:<br>
- Nightstand: color: Brown Cherry; dimensions: 28"" W x 18""D x 29 3 or 8"" H; feature: Traditional<br>
- Dresser: color: Brown Cherry; dimensions: 68"" W x 19""D x 40"" H; feature: Traditional</p>

<p>Materials: Leatherette, Solid Wood, Wood Veneer.<br>
Color: Brown Cherry or Espresso<br>
Weight: 562.8 lbs</p>",GOODDEGG,Furniture > Furniture Sets > Bedroom Furniture Sets,Bedroom Set,"Furniture of America, Quick Ship Furniture, New Arrival, Indoor Furniture, 2026",TRUE,Size,Queen,,,,,,,,CM7588Q-5PC-2NS,255282,shopify,20,deny,manual,4347,,TRUE,FALSE,,,,,,https://cdn.shopify.com/s/files/1/0268/6749/9079/files/CM7588-Z.jpg,1,flandreau-5-pc-bedroom-set-w-2ns,FALSE,FLANDREAU 5 Pc. Bedroom Set w/ 2NS,"Shop FLANDREAU 5 Pc. Bedroom Set w/ 2NS. Traditional style. Leatherette, Solid Wood build. Size: Queen. Free shipping. Buy now at GOODDEGG.",CM7588-Z.jpg,lb,,1769,active
flandreau-5-pc-bedroom-set-w-2ns,,,,,,,,,,,,,,,,,,,,,,,,,,,,,,,,https://cdn.shopify.com/s/files/1/0268/6749/9079/files/CM7588-WB.jpg,2,flandreau-5-pc-bedroom-set-w-2ns,,,,,,,,
flandreau-5-pc-bedroom-set-w-2ns,,,,,,,,,,,,,,,,,,,,,,,,,,,,,,,,https://cdn.shopify.com/s/files/1/0268/6749/9079/files/CM7588.jpg,3,flandreau-5-pc-bedroom-set-w-2ns,,,,,,,,
flandreau-5-pc-bedroom-set-w-chest,FLANDREAU 5 Pc. Bedroom Set w/ Chest,"<p><span style=""color:#1e73be;""><strong>FREE SHIPPING</strong></span><br>
Create a calm, coordinated retreat with FLANDREAU 5 Pc. Bedroom Set w/ Chest. Designed as a bedroom bedroom set, it pairs easily with surrounding decor. Its Traditional styling keeps the room feeling polished yet comfortable. Finished in Brown Cherry or Espresso tones, the Leatherette, Solid Wood, Wood Veneer, build keeps the look polished and practical.<br>
Product Dimensions: 92 1/2""L X 67 1/4""W X 66 1/2""H<br>
Size: Queen</p>

<p>Features<br>
- Traditional<br>
- Brown Cherry or Espresso<br>
- Padded Headboard & Footboard<br>
- Antique Gold Decorative Details<br>
- Nailhead Trim<br>
- Faux Wood Carved Details<br>
- Bun Feet<br>
- Ball Bearing Metal Glides<br>
- Foundation Required Included items and dimensions:<br>
- Nightstand: color: Brown Cherry; dimensions: 28"" W x 18""D x 29 3 or 8"" H; feature: Traditional<br>
- Dresser: color: Brown Cherry; dimensions: 68"" W x 19""D x 40"" H; feature: Traditional<br>
- Chest: color: Brown Cherry; dimensions: 40"" W x 19""D x 56"" H; feature: Traditional</p>

<p>Materials: Leatherette, Solid Wood, Wood Veneer.<br>
Color: Brown Cherry or Espresso<br>
Weight: 649.4 lbs</p>",GOODDEGG,Furniture > Furniture Sets > Bedroom Furniture Sets,Bedroom Set,"Furniture of America, Quick Ship Furniture, New Arrival, Indoor Furniture, 2026",TRUE,Size,Queen,,,,,,,,CM7588Q-5PC-CHEST,294563,shopify,20,deny,manual,4917,,TRUE,FALSE,,,,,,https://cdn.shopify.com/s/files/1/0268/6749/9079/files/CM7588-Z.jpg,1,flandreau-5-pc-bedroom-set-w-chest,FALSE,FLANDREAU 5 Pc. Bedroom Set w/ Chest,"Shop FLANDREAU 5 Pc. Bedroom Set w/ Chest. Traditional style. Leatherette, Solid Wood build. Size: Queen. Free shipping. Buy now at GOODDEGG.",CM7588-Z.jpg,lb,,2058,active
flandreau-5-pc-bedroom-set-w-chest,,,,,,,,,,,,,,,,,,,,,,,,,,,,,,,,https://cdn.shopify.com/s/files/1/0268/6749/9079/files/CM7588-WB.jpg,2,flandreau-5-pc-bedroom-set-w-chest,,,,,,,,
flandreau-5-pc-bedroom-set-w-chest,,,,,,,,,,,,,,,,,,,,,,,,,,,,,,,,https://cdn.shopify.com/s/files/1/0268/6749/9079/files/CM7588.jpg,3,flandreau-5-pc-bedroom-set-w-chest,,,,,,,,
fromberg-4-pc-bedroom-set,FROMBERG 4 Pc. Bedroom Set,"<p><span style=""color:#1e73be;""><strong>FREE SHIPPING</strong></span><br>
Create a calm, coordinated retreat with FROMBERG 4 Pc. Bedroom Set. Designed as a bedroom bedroom set, it pairs easily with surrounding decor. Its Traditional styling keeps the room feeling polished yet comfortable. Built from Leatherette, Solid Wood, Wood Veneer, Engineered Wood and finished in Brown Cherry tones for a clean, cohesive look.<br>
Product Dimensions: 68""W X 94.5""D X 70""H<br>
Size: Queen</p>

<p>Features<br>
- Traditional<br>
- Genuine Marble Top<br>
- Felt-Lined Top Drawers<br>
- Camelback Design<br>
- Padded Leatherette<br>
- Foundation Required Included items and dimensions:<br>
- Nightstand: color: Brown Cherry; dimensions: 34.25"" W x 19.5""D x 32.5"" H; feature: Traditional<br>
- Dresser: color: Brown Cherry; dimensions: 68.5"" W x 21""D x 41"" H; feature: Traditional</p>

<p>Materials: Leatherette, Solid Wood, Wood Veneer, Engineered Wood.<br>
Color: Brown Cherry<br>
Weight: 690.9 lbs</p>",GOODDEGG,Furniture > Furniture Sets > Bedroom Furniture Sets,Bedroom Set,"Furniture of America, Quick Ship Furniture, New Arrival, Indoor Furniture, 2026",TRUE,Size,Queen,,,,,,,,FM7670Q-4PC,313387,shopify,20,deny,manual,4467,,TRUE,FALSE,,,,,,https://cdn.shopify.com/s/files/1/0268/6749/9079/files/FM7670-1-Z.jpg,1,fromberg-4-pc-bedroom-set,FALSE,FROMBERG 4 Pc. Bedroom Set,"Shop FROMBERG 4 Pc. Bedroom Set. Traditional style. Leatherette, Solid Wood build. Size: Queen. Free shipping. Buy now at GOODDEGG.",FM7670-1-Z.jpg,lb,,1699,active
fromberg-4-pc-bedroom-set,,,,,,,,,,,,,,,,,,,,,,,,,,,,,,,,https://cdn.shopify.com/s/files/1/0268/6749/9079/files/FM7670-2.jpg,2,fromberg-4-pc-bedroom-set,,,,,,,,
fromberg-4-pc-bedroom-set,,,,,,,,,,,,,,,,,,,,,,,,,,,,,,,,https://cdn.shopify.com/s/files/1/0268/6749/9079/files/FM7670-closeup.jpg,3,fromberg-4-pc-bedroom-set,,,,,,,,
fromberg-5-pc-bedroom-set-w-2ns,FROMBERG 5 Pc. Bedroom Set w/ 2NS,"<p><span style=""color:#1e73be;""><strong>FREE SHIPPING</strong></span><br>
FROMBERG 5 Pc. Bedroom Set w/ 2NS completes the bedroom with a relaxed, pulled-together look. As a bedroom bedroom set, it is designed to coordinate with matching pieces. The Traditional character adds definition without feeling heavy. Crafted with Leatherette, Solid Wood, Wood Veneer, Engineered Wood, then finished in Brown Cherry tones to suit a range of interiors.<br>
Product Dimensions: 68""W X 94.5""D X 70""H<br>
Size: Queen</p>

<p>Features<br>
- Traditional<br>
- Genuine Marble Top<br>
- Felt-Lined Top Drawers<br>
- Camelback Design<br>
- Padded Leatherette<br>
- Foundation Required Included items and dimensions:<br>
- Nightstand: color: Brown Cherry; dimensions: 34.25"" W x 19.5""D x 32.5"" H; feature: Traditional<br>
- Dresser: color: Brown Cherry; dimensions: 68.5"" W x 21""D x 41"" H; feature: Traditional</p>

<p>Materials: Leatherette, Solid Wood, Wood Veneer, Engineered Wood.<br>
Color: Brown Cherry<br>
Weight: 798.7 lbs</p>",GOODDEGG,Furniture > Furniture Sets > Bedroom Furniture Sets,Bedroom Set,"Furniture of America, Quick Ship Furniture, New Arrival, Indoor Furniture, 2026",TRUE,Size,Queen,,,,,,,,FM7670Q-5PC-2NS,362284,shopify,20,deny,manual,5217,,TRUE,FALSE,,,,,,https://cdn.shopify.com/s/files/1/0268/6749/9079/files/FM7670-1-Z.jpg,1,fromberg-5-pc-bedroom-set-w-2ns,FALSE,FROMBERG 5 Pc. Bedroom Set w/ 2NS,"Shop FROMBERG 5 Pc. Bedroom Set w/ 2NS. Traditional style. Leatherette, Solid Wood build. Size: Queen. Free shipping. Buy now at GOODDEGG.",FM7670-1-Z.jpg,lb,,1979,active
fromberg-5-pc-bedroom-set-w-2ns,,,,,,,,,,,,,,,,,,,,,,,,,,,,,,,,https://cdn.shopify.com/s/files/1/0268/6749/9079/files/FM7670-2.jpg,2,fromberg-5-pc-bedroom-set-w-2ns,,,,,,,,
fromberg-5-pc-bedroom-set-w-2ns,,,,,,,,,,,,,,,,,,,,,,,,,,,,,,,,https://cdn.shopify.com/s/files/1/0268/6749/9079/files/FM7670-closeup.jpg,3,fromberg-5-pc-bedroom-set-w-2ns,,,,,,,,
fromberg-5-pc-bedroom-set-w-chest,FROMBERG 5 Pc. Bedroom Set w/ Chest,"<p><span style=""color:#1e73be;""><strong>FREE SHIPPING</strong></span><br>
FROMBERG 5 Pc. Bedroom Set w/ Chest brings a restful, finished feel to the bedroom. This bedroom bedroom set is made to fit naturally into the room. A Traditional profile gives the space a refined, approachable look. With Leatherette, Solid Wood, Wood Veneer, Engineered Wood construction and Brown Cherry tones, it blends durability with visual warmth.<br>
Product Dimensions: 68""W X 94.5""D X 70""H<br>
Size: Queen</p>

<p>Features<br>
- Traditional<br>
- Genuine Marble Top<br>
- Felt-Lined Top Drawers<br>
- Camelback Design<br>
- Padded Leatherette<br>
- Foundation Required Included items and dimensions:<br>
- Nightstand: color: Brown Cherry; dimensions: 34.25"" W x 19.5""D x 32.5"" H; feature: Traditional<br>
- Dresser: color: Brown Cherry; dimensions: 68.5"" W x 21""D x 41"" H; feature: Traditional<br>
- Chest: color: Brown Cherry; dimensions: 44.5"" W x 21""D x 57.5"" H; feature: Traditional</p>

<p>Materials: Leatherette, Solid Wood, Wood Veneer, Engineered Wood.<br>
Color: Brown Cherry<br>
Weight: 863.9 lbs</p>",GOODDEGG,Furniture > Furniture Sets > Bedroom Furniture Sets,Bedroom Set,"Furniture of America, Quick Ship Furniture, New Arrival, Indoor Furniture, 2026",TRUE,Size,Queen,,,,,,,,FM7670Q-5PC-CHEST,391858,shopify,20,deny,manual,5694,,TRUE,FALSE,,,,,,https://cdn.shopify.com/s/files/1/0268/6749/9079/files/FM7670-1-Z.jpg,1,fromberg-5-pc-bedroom-set-w-chest,FALSE,FROMBERG 5 Pc. Bedroom Set w/ Chest,"Shop FROMBERG 5 Pc. Bedroom Set w/ Chest. Traditional style. Leatherette, Solid Wood build. Size: Queen. Free shipping. Buy now at GOODDEGG.",FM7670-1-Z.jpg,lb,,2198,active
fromberg-5-pc-bedroom-set-w-chest,,,,,,,,,,,,,,,,,,,,,,,,,,,,,,,,https://cdn.shopify.com/s/files/1/0268/6749/9079/files/FM7670-2.jpg,2,fromberg-5-pc-bedroom-set-w-chest,,,,,,,,
fromberg-5-pc-bedroom-set-w-chest,,,,,,,,,,,,,,,,,,,,,,,,,,,,,,,,https://cdn.shopify.com/s/files/1/0268/6749/9079/files/FM7670-closeup.jpg,3,fromberg-5-pc-bedroom-set-w-chest,,,,,,,,
fromberg-5-pc-bedroom-set-w-chest,,,,,,,,,,,,,,,,,,,,,,,,,,,,,,,,https://cdn.shopify.com/s/files/1/0268/6749/9079/files/FM7670C-drawer.jpg,4,fromberg-5-pc-bedroom-set-w-chest,,,,,,,,
goldsberg-4-pc-bedroom-set,GOLDSBERG 4 Pc. Bedroom Set,"<p><span style=""color:#1e73be;""><strong>FREE SHIPPING</strong></span><br>
Elevate your space with GOLDSBERG, styled in Contemporary and designed for everyday comfort.<br>
This bedroom bedroom set is made to fit naturally into the room. With Pinewood, Poplar, Birch, Engineered Wood and Black/Gold tones, it blends structure and softness in one clean profile.<br>
Product Dimensions: 85&quot;W X 63.5&quot;D X 60&quot;H<br>
Size: Queen</p>

<p>Features<br>
- Pinewood<br>
- Poplar<br>
- Birch<br>
- Engineered Wood<br>
- Gold-Painted Pattern<br>
- Felt-Lined Top Drawer<br>
- Ball-Bearing Glides<br>
- French Front &amp; English Back Dovetail Drawers<br>
- Beveled Mirror<br>
<strong>Variant Details</strong><br>
- <strong>Size: Queen | Color: Black/Gold | Dimensions: 85&quot;W X 63.5&quot;D X 60&quot;H | Weight: 542.34 lbs | Volume: 69.7 cuft</strong><br>
- <strong>Size: Queen | Color: Black/Gold | Dimensions: 85&quot;W X 63.5&quot;D X 60&quot;H | Weight: 542.34 lbs | Volume: 68.7 cuft</strong><br>
</p>

<p>Materials: Pinewood, Poplar, Birch, Engineered Wood.<br>
Color: Black/Gold<br>
Weight: 542.34 lbs</p>",GOODDEGG,Furniture > Furniture Sets > Bedroom Furniture Sets,Bedroom Set,"Furniture of America, Quick Ship Furniture, New Arrival, Indoor Furniture, 2026",TRUE,Size,Queen,,,,,,,,FM7425BK-Q-G-4PC,246001,shopify,20,deny,manual,4137,,TRUE,FALSE,,,,,,https://cdn.shopify.com/s/files/1/0268/6749/9079/files/FM7425BK-G-1-Z.jpg,1,goldsberg-4-pc-bedroom-set,FALSE,GOLDSBERG 4 Pc. Bedroom Set,"Shop GOLDSBERG 4 Pc. Bedroom Set. Contemporary style. Pinewood, Poplar build. Size: Queen. Free shipping. Buy now at GOODDEGG.",FM7425BK-G-1-Z.jpg,lb,,1659,active
goldsberg-4-pc-bedroom-set,,,,,,,,,Queen,,,,,,,,FM7425BK-Q-P-4PC,246001,shopify,20,deny,manual,3957,,TRUE,FALSE,,,,,,https://cdn.shopify.com/s/files/1/0268/6749/9079/files/FM7425BK-D-WB-1.jpg,2,goldsberg-4-pc-bedroom-set,,,,FM7425BK-P-1-Z.jpg,lb,,1599,
goldsberg-4-pc-bedroom-set,,,,,,,,,,,,,,,,,,,,,,,,,,,,,,,,https://cdn.shopify.com/s/files/1/0268/6749/9079/files/FM7425BK-P-1-Z.jpg,3,goldsberg-4-pc-bedroom-set,,,,,,,,
goldsberg-4-pc-bedroom-set,,,,,,,,,,,,,,,,,,,,,,,,,,,,,,,,https://cdn.shopify.com/s/files/1/0268/6749/9079/files/FM7425BK-P-WB-1.jpg,4,goldsberg-4-pc-bedroom-set,,,,,,,,
goldsberg-4-pc-bedroom-set,,,,,,,,,,,,,,,,,,,,,,,,,,,,,,,,https://cdn.shopify.com/s/files/1/0268/6749/9079/files/FM7425BK-P-WB-2.jpg,5,goldsberg-4-pc-bedroom-set,,,,,,,,
goldsberg-4-pc-bedroom-set,,,,,,,,,,,,,,,,,,,,,,,,,,,,,,,,https://cdn.shopify.com/s/files/1/0268/6749/9079/files/FM7425BK-P-WB-3.jpg,6,goldsberg-4-pc-bedroom-set,,,,,,,,
goldsberg-4-pc-bedroom-set,,,,,,,,,,,,,,,,,,,,,,,,,,,,,,,,https://cdn.shopify.com/s/files/1/0268/6749/9079/files/FM7425BK-P-WB-4.jpg,7,goldsberg-4-pc-bedroom-set,,,,,,,,
goldsberg-5-pc-bedroom-set-w-2ns,GOLDSBERG 5 Pc. Bedroom Set w/2NS,"<p><span style=""color:#1e73be;""><strong>FREE SHIPPING</strong></span><br>
Elevate your space with GOLDSBERG, styled in Contemporary and designed for everyday comfort.<br>
This bedroom bedroom set is made to fit naturally into the room. With Pinewood, Poplar, Birch, Engineered Wood and Black/Gold tones, it blends structure and softness in one clean profile.<br>
Product Dimensions: 85&quot;W X 63.5&quot;D X 60&quot;H<br>
Size: Queen</p>

<p>Features<br>
- Pinewood<br>
- Poplar<br>
- Birch<br>
- Engineered Wood<br>
- Gold-Painted Pattern<br>
- Felt-Lined Top Drawer<br>
- Ball-Bearing Glides<br>
- French Front &amp; English Back Dovetail Drawers<br>
- Beveled Mirror<br>
<strong>Variant Details</strong><br>
- <strong>Size: Queen | Color: Black/Gold | Dimensions: 85&quot;W X 63.5&quot;D X 60&quot;H | Weight: 612.89 lbs | Volume: 79.4 cuft</strong><br>
- <strong>Size: Queen | Color: Black/Gold | Dimensions: 85&quot;W X 63.5&quot;D X 60&quot;H | Weight: 612.89 lbs | Volume: 78.4 cuft</strong><br>
</p>

<p>Materials: Pinewood, Poplar, Birch, Engineered Wood.<br>
Color: Black/Gold<br>
Weight: 612.89 lbs</p>",GOODDEGG,Furniture > Furniture Sets > Bedroom Furniture Sets,Bedroom Set,"Furniture of America, Quick Ship Furniture, New Arrival, Indoor Furniture, 2026",TRUE,Size,Queen,,,,,,,,FM7425BK-Q-G-5PC-2NS,278002,shopify,20,deny,manual,4737,,TRUE,FALSE,,,,,,https://cdn.shopify.com/s/files/1/0268/6749/9079/files/FM7425BK-G-1-Z.jpg,1,goldsberg-5-pc-bedroom-set-w-2ns,FALSE,GOLDSBERG 5 Pc. Bedroom Set w/2NS,"Shop GOLDSBERG 5 Pc. Bedroom Set w/2NS. Contemporary style. Pinewood, Poplar build. Size: Queen. Free shipping. Buy now at GOODDEGG.",FM7425BK-G-1-Z.jpg,lb,,1899,active
goldsberg-5-pc-bedroom-set-w-2ns,,,,,,,,,Queen,,,,,,,,FM7425BK-Q-P-5PC-2NS,278002,shopify,20,deny,manual,4557,,TRUE,FALSE,,,,,,https://cdn.shopify.com/s/files/1/0268/6749/9079/files/FM7425BK-D-WB-1.jpg,2,goldsberg-5-pc-bedroom-set-w-2ns,,,,FM7425BK-P-1-Z.jpg,lb,,1839,
goldsberg-5-pc-bedroom-set-w-2ns,,,,,,,,,,,,,,,,,,,,,,,,,,,,,,,,https://cdn.shopify.com/s/files/1/0268/6749/9079/files/FM7425BK-P-1-Z.jpg,3,goldsberg-5-pc-bedroom-set-w-2ns,,,,,,,,
goldsberg-5-pc-bedroom-set-w-2ns,,,,,,,,,,,,,,,,,,,,,,,,,,,,,,,,https://cdn.shopify.com/s/files/1/0268/6749/9079/files/FM7425BK-P-WB-1.jpg,4,goldsberg-5-pc-bedroom-set-w-2ns,,,,,,,,
goldsberg-5-pc-bedroom-set-w-2ns,,,,,,,,,,,,,,,,,,,,,,,,,,,,,,,,https://cdn.shopify.com/s/files/1/0268/6749/9079/files/FM7425BK-P-WB-2.jpg,5,goldsberg-5-pc-bedroom-set-w-2ns,,,,,,,,
goldsberg-5-pc-bedroom-set-w-2ns,,,,,,,,,,,,,,,,,,,,,,,,,,,,,,,,https://cdn.shopify.com/s/files/1/0268/6749/9079/files/FM7425BK-P-WB-3.jpg,6,goldsberg-5-pc-bedroom-set-w-2ns,,,,,,,,
goldsberg-5-pc-bedroom-set-w-2ns,,,,,,,,,,,,,,,,,,,,,,,,,,,,,,,,https://cdn.shopify.com/s/files/1/0268/6749/9079/files/FM7425BK-P-WB-4.jpg,7,goldsberg-5-pc-bedroom-set-w-2ns,,,,,,,,
goldsberg-5-pc-bedroom-set-w-chest,GOLDSBERG 5 Pc. Bedroom Set w/Chest,"<p><span style=""color:#1e73be;""><strong>FREE SHIPPING</strong></span><br>
Elevate your space with GOLDSBERG, styled in Contemporary and designed for everyday comfort.<br>
This bedroom bedroom set is made to fit naturally into the room. With Pinewood, Poplar, Birch, Engineered Wood and Black/Gold tones, it blends structure and softness in one clean profile.<br>
Product Dimensions: 85&quot;W X 63.5&quot;D X 60&quot;H<br>
Size: Queen</p>

<p>Features<br>
- Pinewood<br>
- Poplar<br>
- Birch<br>
- Engineered Wood<br>
- Gold-Painted Pattern<br>
- Felt-Lined Top Drawer<br>
- Ball-Bearing Glides<br>
- French Front &amp; English Back Dovetail Drawers<br>
- Beveled Mirror<br>
<strong>Variant Details</strong><br>
- <strong>Size: Queen | Color: Black/Gold | Dimensions: 85&quot;W X 63.5&quot;D X 60&quot;H | Weight: 720.91 lbs | Volume: 93.2 cuft</strong><br>
- <strong>Size: Queen | Color: Black/Gold | Dimensions: 85&quot;W X 63.5&quot;D X 60&quot;H | Weight: 720.91 lbs | Volume: 92.2 cuft</strong><br>
</p>

<p>Materials: Pinewood, Poplar, Birch, Engineered Wood.<br>
Color: Black/Gold<br>
Weight: 720.91 lbs</p>",GOODDEGG,Furniture > Furniture Sets > Bedroom Furniture Sets,Bedroom Set,"Furniture of America, Quick Ship Furniture, New Arrival, Indoor Furniture, 2026",TRUE,Size,Queen,,,,,,,,FM7425BK-Q-G-5PC-C,326999,shopify,20,deny,manual,5394,,TRUE,FALSE,,,,,,https://cdn.shopify.com/s/files/1/0268/6749/9079/files/FM7425BK-G-1-Z.jpg,1,goldsberg-5-pc-bedroom-set-w-chest,FALSE,GOLDSBERG 5 Pc. Bedroom Set w/Chest,"Shop GOLDSBERG 5 Pc. Bedroom Set w/Chest. Contemporary style. Pinewood, Poplar build. Size: Queen. Free shipping. Buy now at GOODDEGG.",FM7425BK-G-1-Z.jpg,lb,,2198,active
goldsberg-5-pc-bedroom-set-w-chest,,,,,,,,,Queen,,,,,,,,FM7425BK-Q-P-5PC-C,326999,shopify,20,deny,manual,5214,,TRUE,FALSE,,,,,,https://cdn.shopify.com/s/files/1/0268/6749/9079/files/FM7425BK-D-WB-1.jpg,2,goldsberg-5-pc-bedroom-set-w-chest,,,,FM7425BK-P-1-Z.jpg,lb,,2138,
goldsberg-5-pc-bedroom-set-w-chest,,,,,,,,,,,,,,,,,,,,,,,,,,,,,,,,https://cdn.shopify.com/s/files/1/0268/6749/9079/files/FM7425BK-C-WB-1.jpg,3,goldsberg-5-pc-bedroom-set-w-chest,,,,,,,,
goldsberg-5-pc-bedroom-set-w-chest,,,,,,,,,,,,,,,,,,,,,,,,,,,,,,,,https://cdn.shopify.com/s/files/1/0268/6749/9079/files/FM7425BK-P-1-Z.jpg,4,goldsberg-5-pc-bedroom-set-w-chest,,,,,,,,
goldsberg-5-pc-bedroom-set-w-chest,,,,,,,,,,,,,,,,,,,,,,,,,,,,,,,,https://cdn.shopify.com/s/files/1/0268/6749/9079/files/FM7425BK-P-WB-1.jpg,5,goldsberg-5-pc-bedroom-set-w-chest,,,,,,,,
goldsberg-5-pc-bedroom-set-w-chest,,,,,,,,,,,,,,,,,,,,,,,,,,,,,,,,https://cdn.shopify.com/s/files/1/0268/6749/9079/files/FM7425BK-P-WB-2.jpg,6,goldsberg-5-pc-bedroom-set-w-chest,,,,,,,,
goldsberg-5-pc-bedroom-set-w-chest,,,,,,,,,,,,,,,,,,,,,,,,,,,,,,,,https://cdn.shopify.com/s/files/1/0268/6749/9079/files/FM7425BK-P-WB-3.jpg,7,goldsberg-5-pc-bedroom-set-w-chest,,,,,,,,
goldsberg-5-pc-bedroom-set-w-chest,,,,,,,,,,,,,,,,,,,,,,,,,,,,,,,,https://cdn.shopify.com/s/files/1/0268/6749/9079/files/FM7425BK-P-WB-4.jpg,8,goldsberg-5-pc-bedroom-set-w-chest,,,,,,,,
handforth-4-pc-bedroom-set,HANDFORTH 4 Pc. Bedroom Set,"<p><span style=""color:#1e73be;""><strong>FREE SHIPPING</strong></span><br>
HANDFORTH 4 Pc. Bedroom Set completes the bedroom with a relaxed, pulled-together look. As a bedroom bedroom set, it is designed to coordinate with matching pieces. The Transitional character adds definition without feeling heavy. Finished in Natural tones, the Fabric, Solid Rubberwood, Mango Wood Veneer, Engineered Wood build keeps the look polished and practical.<br>
Product Dimensions: 64""W X 85.5""D X 60""H<br>
Size: Queen</p>

<p>Features<br>
- Channel Padded Headboard<br>
- Felt-Lined Top Drawer<br>
- French Front & English Back Dovetail Drawers<br>
- Metal Side Glide<br>
- Metal Finger Pulls<br>
- Foundation Required Included items and dimensions:<br>
- Nightstand: color: Natural; dimensions: 28"" W x 17""D x 27"" H; feature: Transitional<br>
- Dresser: color: Natural; dimensions: 63"" W x 18""D x 38"" H; feature: Transitional</p>

<p>Materials: Fabric, Solid Rubberwood, Mango Wood Veneer, Engineered Wood.<br>
Color: Natural<br>
Weight: 446.6 lbs</p>",GOODDEGG,Furniture > Furniture Sets > Bedroom Furniture Sets,Bedroom Set,"Furniture of America, Quick Ship Furniture, New Arrival, Indoor Furniture, 2026",TRUE,Size,Queen,,,,,,,,FM7705NT-Q-4PC,202574,shopify,20,deny,manual,2547,,TRUE,FALSE,,,,,,https://cdn.shopify.com/s/files/1/0268/6749/9079/files/FM7705NT-1-Z.jpg,1,handforth-4-pc-bedroom-set,FALSE,HANDFORTH 4 Pc. Bedroom Set,"Shop HANDFORTH 4 Pc. Bedroom Set. Transitional style. Fabric, Solid Rubberwood build. Size: Queen. Free shipping. Buy now at GOODDEGG.",FM7705NT-1-Z.jpg,lb,,1099,active
handforth-4-pc-bedroom-set,,,,,,,,,,,,,,,,,,,,,,,,,,,,,,,,https://cdn.shopify.com/s/files/1/0268/6749/9079/files/FM7705NT-1.jpg,2,handforth-4-pc-bedroom-set,,,,,,,,
handforth-4-pc-bedroom-set,,,,,,,,,,,,,,,,,,,,,,,,,,,,,,,,https://cdn.shopify.com/s/files/1/0268/6749/9079/files/FM7705NT-2.jpg,3,handforth-4-pc-bedroom-set,,,,,,,,
handforth-4-pc-bedroom-set,,,,,,,,,,,,,,,,,,,,,,,,,,,,,,,,https://cdn.shopify.com/s/files/1/0268/6749/9079/files/FM7705NT-WB-1.jpg,4,handforth-4-pc-bedroom-set,,,,,,,,
handforth-4-pc-bedroom-set,,,,,,,,,,,,,,,,,,,,,,,,,,,,,,,,https://cdn.shopify.com/s/files/1/0268/6749/9079/files/FM7705NT-WB-2.jpg,5,handforth-4-pc-bedroom-set,,,,,,,,
handforth-4-pc-bedroom-set,,,,,,,,,,,,,,,,,,,,,,,,,,,,,,,,https://cdn.shopify.com/s/files/1/0268/6749/9079/files/FM7705NT-WB-3.jpg,6,handforth-4-pc-bedroom-set,,,,,,,,
handforth-4-pc-bedroom-set,,,,,,,,,,,,,,,,,,,,,,,,,,,,,,,,https://cdn.shopify.com/s/files/1/0268/6749/9079/files/FM7705NT-WB-4.jpg,7,handforth-4-pc-bedroom-set,,,,,,,,
handforth-5-pc-bedroom-set-w-2ns,HANDFORTH 5 Pc. Bedroom Set w/ 2NS,"<p><span style=""color:#1e73be;""><strong>FREE SHIPPING</strong></span><br>
HANDFORTH 5 Pc. Bedroom Set w/ 2NS brings a restful, finished feel to the bedroom. This bedroom bedroom set is made to fit naturally into the room. A Transitional profile gives the space a refined, approachable look. Built from Fabric, Solid Rubberwood, Mango Wood Veneer, Engineered Wood and finished in Natural tones for a clean, cohesive look.<br>
Product Dimensions: 64""W X 85.5""D X 60""H<br>
Size: Queen</p>

<p>Features<br>
- Channel Padded Headboard<br>
- Felt-Lined Top Drawer<br>
- French Front & English Back Dovetail Drawers<br>
- Metal Side Glide<br>
- Metal Finger Pulls<br>
- Foundation Required Included items and dimensions:<br>
- Nightstand: color: Natural; dimensions: 28"" W x 17""D x 27"" H; feature: Transitional<br>
- Dresser: color: Natural; dimensions: 63"" W x 18""D x 38"" H; feature: Transitional</p>

<p>Materials: Fabric, Solid Rubberwood, Mango Wood Veneer, Engineered Wood.<br>
Color: Natural<br>
Weight: 510.4 lbs</p>",GOODDEGG,Furniture > Furniture Sets > Bedroom Furniture Sets,Bedroom Set,"Furniture of America, Quick Ship Furniture, New Arrival, Indoor Furniture, 2026",TRUE,Size,Queen,,,,,,,,FM7705NT-Q-5PC-2NS,231514,shopify,20,deny,manual,2967,,TRUE,FALSE,,,,,,https://cdn.shopify.com/s/files/1/0268/6749/9079/files/FM7705NT-1-Z.jpg,1,handforth-5-pc-bedroom-set-w-2ns,FALSE,HANDFORTH 5 Pc. Bedroom Set w/ 2NS,"Shop HANDFORTH 5 Pc. Bedroom Set w/ 2NS. Transitional style. Fabric, Solid Rubberwood build. Size: Queen. Free shipping. Buy now at GOODDEGG.",FM7705NT-1-Z.jpg,lb,,1279,active
handforth-5-pc-bedroom-set-w-2ns,,,,,,,,,,,,,,,,,,,,,,,,,,,,,,,,https://cdn.shopify.com/s/files/1/0268/6749/9079/files/FM7705NT-1.jpg,2,handforth-5-pc-bedroom-set-w-2ns,,,,,,,,
handforth-5-pc-bedroom-set-w-2ns,,,,,,,,,,,,,,,,,,,,,,,,,,,,,,,,https://cdn.shopify.com/s/files/1/0268/6749/9079/files/FM7705NT-2.jpg,3,handforth-5-pc-bedroom-set-w-2ns,,,,,,,,
handforth-5-pc-bedroom-set-w-2ns,,,,,,,,,,,,,,,,,,,,,,,,,,,,,,,,https://cdn.shopify.com/s/files/1/0268/6749/9079/files/FM7705NT-WB-1.jpg,4,handforth-5-pc-bedroom-set-w-2ns,,,,,,,,
handforth-5-pc-bedroom-set-w-2ns,,,,,,,,,,,,,,,,,,,,,,,,,,,,,,,,https://cdn.shopify.com/s/files/1/0268/6749/9079/files/FM7705NT-WB-2.jpg,5,handforth-5-pc-bedroom-set-w-2ns,,,,,,,,
handforth-5-pc-bedroom-set-w-2ns,,,,,,,,,,,,,,,,,,,,,,,,,,,,,,,,https://cdn.shopify.com/s/files/1/0268/6749/9079/files/FM7705NT-WB-3.jpg,6,handforth-5-pc-bedroom-set-w-2ns,,,,,,,,
handforth-5-pc-bedroom-set-w-2ns,,,,,,,,,,,,,,,,,,,,,,,,,,,,,,,,https://cdn.shopify.com/s/files/1/0268/6749/9079/files/FM7705NT-WB-4.jpg,7,handforth-5-pc-bedroom-set-w-2ns,,,,,,,,
handforth-5-pc-bedroom-set-w-chest,HANDFORTH 5 Pc. Bedroom Set w/ Chest,"<p><span style=""color:#1e73be;""><strong>FREE SHIPPING</strong></span><br>
Create a calm, coordinated retreat with HANDFORTH 5 Pc. Bedroom Set w/ Chest. Designed as a bedroom bedroom set, it pairs easily with surrounding decor. Its Transitional styling keeps the room feeling polished yet comfortable. Crafted with Fabric, Solid Rubberwood, Mango Wood Veneer, Engineered Wood, then finished in Natural tones to suit a range of interiors.<br>
Product Dimensions: 64""W X 85.5""D X 60""H<br>
Size: Queen</p>

<p>Features<br>
- Channel Padded Headboard<br>
- Felt-Lined Top Drawer<br>
- French Front & English Back Dovetail Drawers<br>
- Metal Side Glide<br>
- Metal Finger Pulls<br>
- Foundation Required Included items and dimensions:<br>
- Nightstand: color: Natural; dimensions: 28"" W x 17""D x 27"" H; feature: Transitional<br>
- Dresser: color: Natural; dimensions: 63"" W x 18""D x 38"" H; feature: Transitional<br>
- Chest: color: Natural; dimensions: 38"" W x 18""D x 54"" H; feature: Transitional</p>

<p>Materials: Fabric, Solid Rubberwood, Mango Wood Veneer, Engineered Wood.<br>
Color: Natural<br>
Weight: 620.4 lbs</p>",GOODDEGG,Furniture > Furniture Sets > Bedroom Furniture Sets,Bedroom Set,"Furniture of America, Quick Ship Furniture, New Arrival, Indoor Furniture, 2026",TRUE,Size,Queen,,,,,,,,FM7705NT-Q-5PC-CHEST,281409,shopify,20,deny,manual,3504,,TRUE,FALSE,,,,,,https://cdn.shopify.com/s/files/1/0268/6749/9079/files/FM7705NT-1-Z.jpg,1,handforth-5-pc-bedroom-set-w-chest,FALSE,HANDFORTH 5 Pc. Bedroom Set w/ Chest,"Shop HANDFORTH 5 Pc. Bedroom Set w/ Chest. Transitional style. Fabric, Solid Rubberwood build. Size: Queen. Free shipping. Buy now at GOODDEGG.",FM7705NT-1-Z.jpg,lb,,1468,active
handforth-5-pc-bedroom-set-w-chest,,,,,,,,,,,,,,,,,,,,,,,,,,,,,,,,https://cdn.shopify.com/s/files/1/0268/6749/9079/files/FM7705NT-1.jpg,2,handforth-5-pc-bedroom-set-w-chest,,,,,,,,
handforth-5-pc-bedroom-set-w-chest,,,,,,,,,,,,,,,,,,,,,,,,,,,,,,,,https://cdn.shopify.com/s/files/1/0268/6749/9079/files/FM7705NT-2.jpg,3,handforth-5-pc-bedroom-set-w-chest,,,,,,,,
handforth-5-pc-bedroom-set-w-chest,,,,,,,,,,,,,,,,,,,,,,,,,,,,,,,,https://cdn.shopify.com/s/files/1/0268/6749/9079/files/FM7705NT-WB-1.jpg,4,handforth-5-pc-bedroom-set-w-chest,,,,,,,,
handforth-5-pc-bedroom-set-w-chest,,,,,,,,,,,,,,,,,,,,,,,,,,,,,,,,https://cdn.shopify.com/s/files/1/0268/6749/9079/files/FM7705NT-WB-2.jpg,5,handforth-5-pc-bedroom-set-w-chest,,,,,,,,
handforth-5-pc-bedroom-set-w-chest,,,,,,,,,,,,,,,,,,,,,,,,,,,,,,,,https://cdn.shopify.com/s/files/1/0268/6749/9079/files/FM7705NT-WB-3.jpg,6,handforth-5-pc-bedroom-set-w-chest,,,,,,,,
handforth-5-pc-bedroom-set-w-chest,,,,,,,,,,,,,,,,,,,,,,,,,,,,,,,,https://cdn.shopify.com/s/files/1/0268/6749/9079/files/FM7705NT-WB-4.jpg,7,handforth-5-pc-bedroom-set-w-chest,,,,,,,,
hepburne-4-pc-bedroom-set,HEPBURNE 4 Pc. Bedroom Set,"<p><span style=""color:#1e73be;""><strong>FREE SHIPPING</strong></span><br>
HEPBURNE 4 Pc. Bedroom Set completes the bedroom with a relaxed, pulled-together look. As a bedroom bedroom set, it is designed to coordinate with matching pieces.<br>
Product Dimensions: 62.5""W X 89""D X 59""H<br>
Size: Queen Included items and dimensions:<br>
- Nightstand w/ USB & LED: color: Walnut; dimensions: 26"" W x 18""D x 26"" H; feature: Mid-Century Modern<br>
- Dresser: color: Walnut; dimensions: 62"" W x 18""D x 36"" H; feature: Mid-Century Modern<br>
Weight: 429.14 lbs</p>",GOODDEGG,Furniture > Furniture Sets > Bedroom Furniture Sets,Bedroom Set,"Furniture of America, Quick Ship Furniture, New Arrival, Indoor Furniture, 2026",TRUE,Size,Queen,,,,,,,,FM74000WN-Q-4PC,194655,shopify,20,deny,manual,2877,,TRUE,FALSE,,,,,,https://cdn.shopify.com/s/files/1/0268/6749/9079/files/FM74000WN-1.jpg,1,hepburne-4-pc-bedroom-set,FALSE,HEPBURNE 4 Pc. Bedroom Set,Shop HEPBURNE 4 Pc. Bedroom Set. Size: Queen. Free shipping. Buy now at GOODDEGG.,FM74000WN-1.jpg,lb,,1199,active
hepburne-4-pc-bedroom-set,,,,,,,,,,,,,,,,,,,,,,,,,,,,,,,,https://cdn.shopify.com/s/files/1/0268/6749/9079/files/FM74000WN-EK-4.jpg,2,hepburne-4-pc-bedroom-set,,,,,,,,
hepburne-4-pc-bedroom-set,,,,,,,,,,,,,,,,,,,,,,,,,,,,,,,,https://cdn.shopify.com/s/files/1/0268/6749/9079/files/FM74000WN-2.jpg,3,hepburne-4-pc-bedroom-set,,,,,,,,
hepburne-4-pc-bedroom-set-storage-fb,HEPBURNE 4 Pc. Bedroom Set (Storage FB),"<p><span style=""color:#1e73be;""><strong>FREE SHIPPING</strong></span><br>
HEPBURNE 4 Pc. Bedroom Set (Storage FB) brings a restful, finished feel to the bedroom. This bedroom bedroom set is made to fit naturally into the room.<br>
Product Dimensions: 62.5""W X 89""D X 59""H<br>
Size: Queen Included items and dimensions:<br>
- Nightstand w/ USB & LED: color: Walnut; dimensions: 26"" W x 18""D x 26"" H; feature: Mid-Century Modern<br>
- Dresser: color: Walnut; dimensions: 62"" W x 18""D x 36"" H; feature: Mid-Century Modern<br>
Weight: 429.14 lbs</p>",GOODDEGG,Furniture > Furniture Sets > Bedroom Furniture Sets,Bedroom Set,"Furniture of America, Quick Ship Furniture, New Arrival, Indoor Furniture, 2026",TRUE,Size,Queen,,,,,,,,FM74000WN-Q-ST-4PC,194655,shopify,20,deny,manual,3207,,TRUE,FALSE,,,,,,https://cdn.shopify.com/s/files/1/0268/6749/9079/files/FM74000WN-1.jpg,1,hepburne-4-pc-bedroom-set-storage-fb,FALSE,HEPBURNE 4 Pc. Bedroom Set (Storage FB),Shop HEPBURNE 4 Pc. Bedroom Set (Storage FB). Size: Queen. Free shipping. Buy now at GOODDEGG.,FM74000WN-1.jpg,lb,,1299,active
hepburne-4-pc-bedroom-set-storage-fb,,,,,,,,,,,,,,,,,,,,,,,,,,,,,,,,https://cdn.shopify.com/s/files/1/0268/6749/9079/files/FM74000WN-EK-4.jpg,2,hepburne-4-pc-bedroom-set-storage-fb,,,,,,,,
hepburne-4-pc-bedroom-set-storage-fb,,,,,,,,,,,,,,,,,,,,,,,,,,,,,,,,https://cdn.shopify.com/s/files/1/0268/6749/9079/files/FM74000WN-2.jpg,3,hepburne-4-pc-bedroom-set-storage-fb,,,,,,,,
hepburne-5-pc-bedroom-set-w-2ns,HEPBURNE 5 Pc. Bedroom Set w/ 2NS,"<p><span style=""color:#1e73be;""><strong>FREE SHIPPING</strong></span><br>
Create a calm, coordinated retreat with HEPBURNE 5 Pc. Bedroom Set w/ 2NS. Designed as a bedroom bedroom set, it pairs easily with surrounding decor.<br>
Product Dimensions: 62.5""W X 89""D X 59""H<br>
Size: Queen Included items and dimensions:<br>
- Nightstand w/ USB & LED: color: Walnut; dimensions: 26"" W x 18""D x 26"" H; feature: Mid-Century Modern<br>
- Dresser: color: Walnut; dimensions: 62"" W x 18""D x 36"" H; feature: Mid-Century Modern<br>
Weight: 479.31 lbs</p>",GOODDEGG,Furniture > Furniture Sets > Bedroom Furniture Sets,Bedroom Set,"Furniture of America, Quick Ship Furniture, New Arrival, Indoor Furniture, 2026",TRUE,Size,Queen,,,,,,,,FM74000WN-Q-5PC-2NS,217411,shopify,20,deny,manual,3357,,TRUE,FALSE,,,,,,https://cdn.shopify.com/s/files/1/0268/6749/9079/files/FM74000WN-1.jpg,1,hepburne-5-pc-bedroom-set-w-2ns,FALSE,HEPBURNE 5 Pc. Bedroom Set w/ 2NS,Shop HEPBURNE 5 Pc. Bedroom Set w/ 2NS. Size: Queen. Free shipping. Buy now at GOODDEGG.,FM74000WN-1.jpg,lb,,1389,active
hepburne-5-pc-bedroom-set-w-2ns,,,,,,,,,,,,,,,,,,,,,,,,,,,,,,,,https://cdn.shopify.com/s/files/1/0268/6749/9079/files/FM74000WN-EK-4.jpg,2,hepburne-5-pc-bedroom-set-w-2ns,,,,,,,,
hepburne-5-pc-bedroom-set-w-2ns,,,,,,,,,,,,,,,,,,,,,,,,,,,,,,,,https://cdn.shopify.com/s/files/1/0268/6749/9079/files/FM74000WN-2.jpg,3,hepburne-5-pc-bedroom-set-w-2ns,,,,,,,,
hepburne-5-pc-bedroom-set-w-2ns-storage-fb,HEPBURNE 5 Pc. Bedroom Set w/ 2NS (Storage FB),"<p><span style=""color:#1e73be;""><strong>FREE SHIPPING</strong></span><br>
HEPBURNE 5 Pc. Bedroom Set w/ 2NS (Storage FB) completes the bedroom with a relaxed, pulled-together look. As a bedroom bedroom set, it is designed to coordinate with matching pieces.<br>
Product Dimensions: 62.5""W X 89""D X 59""H<br>
Size: Queen Included items and dimensions:<br>
- Nightstand w/ USB & LED: color: Walnut; dimensions: 26"" W x 18""D x 26"" H; feature: Mid-Century Modern<br>
- Dresser: color: Walnut; dimensions: 62"" W x 18""D x 36"" H; feature: Mid-Century Modern<br>
Weight: 507.97 lbs</p>",GOODDEGG,Furniture > Furniture Sets > Bedroom Furniture Sets,Bedroom Set,"Furniture of America, Quick Ship Furniture, New Arrival, Indoor Furniture, 2026",TRUE,Size,Queen,,,,,,,,FM74000WN-Q-ST-5P-2N,230411,shopify,20,deny,manual,3687,,TRUE,FALSE,,,,,,https://cdn.shopify.com/s/files/1/0268/6749/9079/files/FM74000WN-1.jpg,1,hepburne-5-pc-bedroom-set-w-2ns-storage-fb,FALSE,HEPBURNE 5 Pc. Bedroom Set w/ 2NS (Storage FB),Shop HEPBURNE 5 Pc. Bedroom Set w/ 2NS (Storage FB). Size: Queen. Free shipping. Buy now at GOODDEGG.,FM74000WN-1.jpg,lb,,1489,active
hepburne-5-pc-bedroom-set-w-2ns-storage-fb,,,,,,,,,,,,,,,,,,,,,,,,,,,,,,,,https://cdn.shopify.com/s/files/1/0268/6749/9079/files/FM74000WN-EK-4.jpg,2,hepburne-5-pc-bedroom-set-w-2ns-storage-fb,,,,,,,,
hepburne-5-pc-bedroom-set-w-2ns-storage-fb,,,,,,,,,,,,,,,,,,,,,,,,,,,,,,,,https://cdn.shopify.com/s/files/1/0268/6749/9079/files/FM74000WN-2.jpg,3,hepburne-5-pc-bedroom-set-w-2ns-storage-fb,,,,,,,,
hepburne-5-pc-bedroom-set-w-chest,HEPBURNE 5 Pc. Bedroom Set w/ Chest,"<p><span style=""color:#1e73be;""><strong>FREE SHIPPING</strong></span><br>
HEPBURNE 5 Pc. Bedroom Set w/ Chest brings a restful, finished feel to the bedroom. This bedroom bedroom set is made to fit naturally into the room.<br>
Product Dimensions: 62.5""W X 89""D X 59""H<br>
Size: Queen Included items and dimensions:<br>
- Nightstand w/ USB & LED: color: Walnut; dimensions: 26"" W x 18""D x 26"" H; feature: Mid-Century Modern<br>
- Dresser: color: Walnut; dimensions: 62"" W x 18""D x 36"" H; feature: Mid-Century Modern<br>
- Chest: color: Walnut; dimensions: 34"" W x 18""D x 56"" H; feature: Mid-Century Modern<br>
Weight: 599.12 lbs</p>",GOODDEGG,Furniture > Furniture Sets > Bedroom Furniture Sets,Bedroom Set,"Furniture of America, Quick Ship Furniture, New Arrival, Indoor Furniture, 2026",TRUE,Size,Queen,,,,,,,,FM74000WN-Q-5PC-CHE,271756,shopify,20,deny,manual,3924,,TRUE,FALSE,,,,,,https://cdn.shopify.com/s/files/1/0268/6749/9079/files/FM74000WN-1.jpg,1,hepburne-5-pc-bedroom-set-w-chest,FALSE,HEPBURNE 5 Pc. Bedroom Set w/ Chest,Shop HEPBURNE 5 Pc. Bedroom Set w/ Chest. Size: Queen. Free shipping. Buy now at GOODDEGG.,FM74000WN-1.jpg,lb,,1658,active
hepburne-5-pc-bedroom-set-w-chest,,,,,,,,,,,,,,,,,,,,,,,,,,,,,,,,https://cdn.shopify.com/s/files/1/0268/6749/9079/files/FM74000WN-EK-4.jpg,2,hepburne-5-pc-bedroom-set-w-chest,,,,,,,,
hepburne-5-pc-bedroom-set-w-chest,,,,,,,,,,,,,,,,,,,,,,,,,,,,,,,,https://cdn.shopify.com/s/files/1/0268/6749/9079/files/FM74000WN-2.jpg,3,hepburne-5-pc-bedroom-set-w-chest,,,,,,,,
hepburne-5-pc-bedroom-set-w-chest-storage-fb,HEPBURNE 5 Pc. Bedroom Set w/ Chest (Storage FB),"<p><span style=""color:#1e73be;""><strong>FREE SHIPPING</strong></span><br>
Create a calm, coordinated retreat with HEPBURNE 5 Pc. Bedroom Set w/ Chest (Storage FB). Designed as a bedroom bedroom set, it pairs easily with surrounding decor.<br>
Product Dimensions: 62.5""W X 89""D X 59""H<br>
Size: Queen Included items and dimensions:<br>
- Nightstand w/ USB & LED: color: Walnut; dimensions: 26"" W x 18""D x 26"" H; feature: Mid-Century Modern<br>
- Dresser: color: Walnut; dimensions: 62"" W x 18""D x 36"" H; feature: Mid-Century Modern<br>
- Chest: color: Walnut; dimensions: 34"" W x 18""D x 56"" H; feature: Mid-Century Modern<br>
Weight: 627.78 lbs</p>",GOODDEGG,Furniture > Furniture Sets > Bedroom Furniture Sets,Bedroom Set,"Furniture of America, Quick Ship Furniture, New Arrival, Indoor Furniture, 2026",TRUE,Size,Queen,,,,,,,,FM74000WN-Q-ST-5PC-C,284756,shopify,20,deny,manual,4254,,TRUE,FALSE,,,,,,https://cdn.shopify.com/s/files/1/0268/6749/9079/files/FM74000WN-1.jpg,1,hepburne-5-pc-bedroom-set-w-chest-storage-fb,FALSE,HEPBURNE 5 Pc. Bedroom Set w/ Chest (Storage FB),Shop HEPBURNE 5 Pc. Bedroom Set w/ Chest (Storage FB). Size: Queen. Free shipping. Buy now at GOODDEGG.,FM74000WN-1.jpg,lb,,1758,active
hepburne-5-pc-bedroom-set-w-chest-storage-fb,,,,,,,,,,,,,,,,,,,,,,,,,,,,,,,,https://cdn.shopify.com/s/files/1/0268/6749/9079/files/FM74000WN-EK-4.jpg,2,hepburne-5-pc-bedroom-set-w-chest-storage-fb,,,,,,,,
hepburne-5-pc-bedroom-set-w-chest-storage-fb,,,,,,,,,,,,,,,,,,,,,,,,,,,,,,,,https://cdn.shopify.com/s/files/1/0268/6749/9079/files/FM74000WN-2.jpg,3,hepburne-5-pc-bedroom-set-w-chest-storage-fb,,,,,,,,
hexham-4-pc-bedroom-set,HEXHAM 4 Pc. Bedroom Set,"<p><span style=""color:#1e73be;""><strong>FREE SHIPPING</strong></span><br>
HEXHAM 4 Pc. Bedroom Set completes the bedroom with a relaxed, pulled-together look. As a bedroom bedroom set, it is designed to coordinate with matching pieces. The Transitional character adds definition without feeling heavy. Built from Solid Wood, Engineered Wood, Wood Veneer and finished in Espresso tones for a clean, cohesive look.<br>
Product Dimensions: BED: 63""W X 83.5""D X 57.5""H<br>
Size: Queen</p>

<p>Features<br>
- Vertical Faceted Panel Headboard and Footboard<br>
- English Dovetail Drawer<br>
- Center Metal Glide<br>
- Beveled Bracket Feet<br>
- Metal Handle Included items and dimensions:<br>
- Nightstand: color: Espresso; dimensions: 23.5"" W x 16.5""D x 24"" H; feature: Transitional<br>
- Dresser: color: Espresso; dimensions: 58"" W x 16.5""D x 39.5"" H; feature: Transitional</p>

<p>Materials: Solid Wood, Engineered Wood, Wood Veneer.<br>
Color: Espresso<br>
Weight: 408.14 lbs</p>",GOODDEGG,Furniture > Furniture Sets > Bedroom Furniture Sets,Bedroom Set,"Furniture of America, Quick Ship Furniture, New Arrival, Indoor Furniture, 2026",TRUE,Size,Queen,,,,,,,,FM7232BR-Q-4PC,185129,shopify,20,deny,manual,1857,,TRUE,FALSE,,,,,,https://cdn.shopify.com/s/files/1/0268/6749/9079/files/FM7232BR-1-Z.jpg,1,hexham-4-pc-bedroom-set,FALSE,HEXHAM 4 Pc. Bedroom Set,"Shop HEXHAM 4 Pc. Bedroom Set. Transitional style. Solid Wood, Engineered Wood build. Size: Queen. Free shipping. Buy now at GOODDEGG.",FM7232BR-1-Z.jpg,lb,,899,active
hexham-4-pc-bedroom-set,,,,,,,,,,,,,,,,,,,,,,,,,,,,,,,,https://cdn.shopify.com/s/files/1/0268/6749/9079/files/FM7232BR-2.jpg,2,hexham-4-pc-bedroom-set,,,,,,,,
hexham-5-pc-bedroom-set-w-2ns,HEXHAM 5 Pc. Bedroom Set w/ 2NS,"<p><span style=""color:#1e73be;""><strong>FREE SHIPPING</strong></span><br>
HEXHAM 5 Pc. Bedroom Set w/ 2NS brings a restful, finished feel to the bedroom. This bedroom bedroom set is made to fit naturally into the room. A Transitional profile gives the space a refined, approachable look. Crafted with Solid Wood, Engineered Wood, Wood Veneer, then finished in Espresso tones to suit a range of interiors.<br>
Product Dimensions: BED: 63""W X 83.5""D X 57.5""H<br>
Size: Queen</p>

<p>Features<br>
- Vertical Faceted Panel Headboard and Footboard<br>
- English Dovetail Drawer<br>
- Center Metal Glide<br>
- Beveled Bracket Feet<br>
- Metal Handle Included items and dimensions:<br>
- Nightstand: color: Espresso; dimensions: 23.5"" W x 16.5""D x 24"" H; feature: Transitional<br>
- Dresser: color: Espresso; dimensions: 58"" W x 16.5""D x 39.5"" H; feature: Transitional</p>

<p>Materials: Solid Wood, Engineered Wood, Wood Veneer.<br>
Color: Espresso<br>
Weight: 454 lbs</p>",GOODDEGG,Furniture > Furniture Sets > Bedroom Furniture Sets,Bedroom Set,"Furniture of America, Quick Ship Furniture, New Arrival, Indoor Furniture, 2026",TRUE,Size,Queen,,,,,,,,FM7232BR-Q-5PC-2NS,205931,shopify,20,deny,manual,2217,,TRUE,FALSE,,,,,,https://cdn.shopify.com/s/files/1/0268/6749/9079/files/FM7232BR-1-Z.jpg,1,hexham-5-pc-bedroom-set-w-2ns,FALSE,HEXHAM 5 Pc. Bedroom Set w/ 2NS,"Shop HEXHAM 5 Pc. Bedroom Set w/ 2NS. Transitional style. Solid Wood, Engineered Wood build. Size: Queen. Free shipping. Buy now at GOODDEGG.",FM7232BR-1-Z.jpg,lb,,989,active
hexham-5-pc-bedroom-set-w-2ns,,,,,,,,,,,,,,,,,,,,,,,,,,,,,,,,https://cdn.shopify.com/s/files/1/0268/6749/9079/files/FM7232BR-2.jpg,2,hexham-5-pc-bedroom-set-w-2ns,,,,,,,,
hexham-5-pc-bedroom-set-w-chest,HEXHAM 5 Pc. Bedroom Set w/ Chest,"<p><span style=""color:#1e73be;""><strong>FREE SHIPPING</strong></span><br>
Create a calm, coordinated retreat with HEXHAM 5 Pc. Bedroom Set w/ Chest. Designed as a bedroom bedroom set, it pairs easily with surrounding decor. Its Transitional styling keeps the room feeling polished yet comfortable. With Solid Wood, Engineered Wood, Wood Veneer construction and Espresso tones, it blends durability with visual warmth.<br>
Product Dimensions: BED: 63""W X 83.5""D X 57.5""H<br>
Size: Queen</p>

<p>Features<br>
- Vertical Faceted Panel Headboard and Footboard<br>
- English Dovetail Drawer<br>
- Center Metal Glide<br>
- Beveled Bracket Feet<br>
- Metal Handle Included items and dimensions:<br>
- Nightstand: color: Espresso; dimensions: 23.5"" W x 16.5""D x 24"" H; feature: Transitional<br>
- Dresser: color: Espresso; dimensions: 58"" W x 16.5""D x 39.5"" H; feature: Transitional<br>
- Chest: color: Espresso; dimensions: 35.5"" W x 16.5""D x 48"" H; feature: Transitional</p>

<p>Materials: Solid Wood, Engineered Wood, Wood Veneer.<br>
Color: Espresso<br>
Weight: 520.6 lbs</p>",GOODDEGG,Furniture > Furniture Sets > Bedroom Furniture Sets,Bedroom Set,"Furniture of America, Quick Ship Furniture, New Arrival, Indoor Furniture, 2026",TRUE,Size,Queen,,,,,,,,FM7232BR-Q-5PC-CHEST,236140,shopify,20,deny,manual,2484,,TRUE,FALSE,,,,,,https://cdn.shopify.com/s/files/1/0268/6749/9079/files/FM7232BR-1-Z.jpg,1,hexham-5-pc-bedroom-set-w-chest,FALSE,HEXHAM 5 Pc. Bedroom Set w/ Chest,"Shop HEXHAM 5 Pc. Bedroom Set w/ Chest. Transitional style. Solid Wood, Engineered Wood build. Size: Queen. Free shipping. Buy now at GOODDEGG.",FM7232BR-1-Z.jpg,lb,,1218,active
hexham-5-pc-bedroom-set-w-chest,,,,,,,,,,,,,,,,,,,,,,,,,,,,,,,,https://cdn.shopify.com/s/files/1/0268/6749/9079/files/FM7232BR-2.jpg,2,hexham-5-pc-bedroom-set-w-chest,,,,,,,,
holsted-4-pc-bedroom-set,HOLSTED 4 Pc. Bedroom Set,"<p><span style=""color:#1e73be;""><strong>FREE SHIPPING</strong></span><br>
HOLSTED 4 Pc. Bedroom Set completes the bedroom with a relaxed, pulled-together look. As a bedroom bedroom set, it is designed to coordinate with matching pieces.<br>
Product Dimensions: 63.5""W X 84""D X 60""H<br>
Size: Queen Included items and dimensions:<br>
- Queen Headboard Footboard: dimensions: 63.4"" W x 1.9""D x 59.8"" H<br>
- Queen or King Side Rail: dimensions: 80.9"" W x 7.8""D x 0.6"" H<br>
- Nightstand: color: White; dimensions: 28"" W x 17""D x 26"" H; feature: Contemporary<br>
- Dresser: color: White; dimensions: 62"" W x 17""D x 38"" H; feature: Contemporary<br>
Weight: 389.55 lbs</p>",GOODDEGG,Furniture > Furniture Sets > Bedroom Furniture Sets,Bedroom Set,"Furniture of America, Quick Ship Furniture, New Arrival, Indoor Furniture, 2026",TRUE,Size,Queen,,,,,,,,FM72012WH-Q-4PC,176697,shopify,20,deny,manual,1917,,TRUE,FALSE,,,,,,https://cdn.shopify.com/s/files/1/0268/6749/9079/files/FM72012WH-1.jpg,1,holsted-4-pc-bedroom-set,FALSE,HOLSTED 4 Pc. Bedroom Set,Shop HOLSTED 4 Pc. Bedroom Set. Size: Queen. Free shipping. Buy now at GOODDEGG.,FM72012WH-1.jpg,lb,,799,active
holsted-4-pc-bedroom-set,,,,,,,,,,,,,,,,,,,,,,,,,,,,,,,,FM72012WH-C-WB-1.jpg,2,holsted-4-pc-bedroom-set,,,,,,,,
holsted-4-pc-bedroom-set,,,,,,,,,,,,,,,,,,,,,,,,,,,,,,,,FM72012WH-D-WB-1.jpg,3,holsted-4-pc-bedroom-set,,,,,,,,
holsted-4-pc-bedroom-set,,,,,,,,,,,,,,,,,,,,,,,,,,,,,,,,FM72012WH-N-WB-1.jpg,4,holsted-4-pc-bedroom-set,,,,,,,,
holsted-5-pc-bedroom-set-w-2ns,HOLSTED 5 Pc. Bedroom Set w/ 2NS,"<p><span style=""color:#1e73be;""><strong>FREE SHIPPING</strong></span><br>
HOLSTED 5 Pc. Bedroom Set w/ 2NS brings a restful, finished feel to the bedroom. This bedroom bedroom set is made to fit naturally into the room.<br>
Product Dimensions: 63.5""W X 84""D X 60""H<br>
Size: Queen Included items and dimensions:<br>
- Queen Headboard Footboard: dimensions: 63.4"" W x 1.9""D x 59.8"" H<br>
- Queen or King Side Rail: dimensions: 80.9"" W x 7.8""D x 0.6"" H<br>
- Nightstand: color: White; dimensions: 28"" W x 17""D x 26"" H; feature: Contemporary<br>
- Dresser: color: White; dimensions: 62"" W x 17""D x 38"" H; feature: Contemporary<br>
Weight: 448.06 lbs</p>",GOODDEGG,Furniture > Furniture Sets > Bedroom Furniture Sets,Bedroom Set,"Furniture of America, Quick Ship Furniture, New Arrival, Indoor Furniture, 2026",TRUE,Size,Queen,,,,,,,,FM72012WH-Q-5PC-2NS,203237,shopify,20,deny,manual,2277,,TRUE,FALSE,,,,,,https://cdn.shopify.com/s/files/1/0268/6749/9079/files/FM72012WH-1.jpg,1,holsted-5-pc-bedroom-set-w-2ns,FALSE,HOLSTED 5 Pc. Bedroom Set w/ 2NS,Shop HOLSTED 5 Pc. Bedroom Set w/ 2NS. Size: Queen. Free shipping. Buy now at GOODDEGG.,FM72012WH-1.jpg,lb,,949,active
holsted-5-pc-bedroom-set-w-2ns,,,,,,,,,,,,,,,,,,,,,,,,,,,,,,,,FM72012WH-C-WB-1.jpg,2,holsted-5-pc-bedroom-set-w-2ns,,,,,,,,
holsted-5-pc-bedroom-set-w-2ns,,,,,,,,,,,,,,,,,,,,,,,,,,,,,,,,FM72012WH-D-WB-1.jpg,3,holsted-5-pc-bedroom-set-w-2ns,,,,,,,,
holsted-5-pc-bedroom-set-w-2ns,,,,,,,,,,,,,,,,,,,,,,,,,,,,,,,,FM72012WH-N-WB-1.jpg,4,holsted-5-pc-bedroom-set-w-2ns,,,,,,,,
holsted-5-pc-bedroom-set-w-chest,HOLSTED 5 Pc. Bedroom Set w/ Chest,"<p><span style=""color:#1e73be;""><strong>FREE SHIPPING</strong></span><br>
Create a calm, coordinated retreat with HOLSTED 5 Pc. Bedroom Set w/ Chest. Designed as a bedroom bedroom set, it pairs easily with surrounding decor.<br>
Product Dimensions: 63.5""W X 84""D X 60""H<br>
Size: Queen Included items and dimensions:<br>
- Queen Headboard Footboard: dimensions: 63.4"" W x 1.9""D x 59.8"" H<br>
- Queen or King Side Rail: dimensions: 80.9"" W x 7.8""D x 0.6"" H<br>
- Nightstand: color: White; dimensions: 28"" W x 17""D x 26"" H; feature: Contemporary<br>
- Dresser: color: White; dimensions: 62"" W x 17""D x 38"" H; feature: Contemporary<br>
- Chest: color: White; dimensions: 40"" W x 17""D x 54"" H; feature: Contemporary<br>
Weight: 578.43 lbs</p>",GOODDEGG,Furniture > Furniture Sets > Bedroom Furniture Sets,Bedroom Set,"Furniture of America, Quick Ship Furniture, New Arrival, Indoor Furniture, 2026",TRUE,Size,Queen,,,,,,,,FM72012WH-Q-5PC-CHE,262371,shopify,20,deny,manual,2754,,TRUE,FALSE,,,,,,https://cdn.shopify.com/s/files/1/0268/6749/9079/files/FM72012WH-1.jpg,1,holsted-5-pc-bedroom-set-w-chest,FALSE,HOLSTED 5 Pc. Bedroom Set w/ Chest,Shop HOLSTED 5 Pc. Bedroom Set w/ Chest. Size: Queen. Free shipping. Buy now at GOODDEGG.,FM72012WH-1.jpg,lb,,1176,active
holsted-5-pc-bedroom-set-w-chest,,,,,,,,,,,,,,,,,,,,,,,,,,,,,,,,FM72012WH-C-WB-1.jpg,2,holsted-5-pc-bedroom-set-w-chest,,,,,,,,
holsted-5-pc-bedroom-set-w-chest,,,,,,,,,,,,,,,,,,,,,,,,,,,,,,,,FM72012WH-D-WB-1.jpg,3,holsted-5-pc-bedroom-set-w-chest,,,,,,,,
holsted-5-pc-bedroom-set-w-chest,,,,,,,,,,,,,,,,,,,,,,,,,,,,,,,,FM72012WH-N-WB-1.jpg,4,holsted-5-pc-bedroom-set-w-chest,,,,,,,,
horten-4-pc-bedroom-set,HORTEN 4 Pc. Bedroom Set,"<p><span style=""color:#1e73be;""><strong>FREE SHIPPING</strong></span><br>
HORTEN 4 Pc. Bedroom Set completes the bedroom with a relaxed, pulled-together look. As a bedroom bedroom set, it is designed to coordinate with matching pieces. The Contemporary character adds definition without feeling heavy. Crafted with Melamine, Paper Veneer, then finished in White Wash tones to suit a range of interiors.<br>
Product Dimensions: 83.1""L X 63""W X 55""H<br>
Size: Queen</p>

<p>Features<br>
- LED on Headboard<br>
- Vertical Chrome Handles<br>
- French Dovetail Drawer<br>
- Center Metal Glide<br>
- Melamine Top on Nightstand<br>
- Dresser and Chest Included items and dimensions:<br>
- Nightstand: color: White Wash; dimensions: 23"" W x 16.5""D x 25.5"" H; feature: Contemporary<br>
- Dresser: color: White Wash; dimensions: 58"" W x 17.5""D x 34"" H; feature: Contemporary</p>

<p>Materials: Melamine, Paper Veneer.<br>
Color: White Wash<br>
Weight: 408.75 lbs</p>",GOODDEGG,Furniture > Furniture Sets > Bedroom Furniture Sets,Bedroom Set,"Furniture of America, Quick Ship Furniture, New Arrival, Indoor Furniture, 2026",TRUE,Size,Queen,,,,,,,,FM7200WH-Q-4PC,185406,shopify,20,deny,manual,1527,,TRUE,FALSE,,,,,,https://cdn.shopify.com/s/files/1/0268/6749/9079/files/FM7200WH-1-Z.jpg,1,horten-4-pc-bedroom-set,FALSE,HORTEN 4 Pc. Bedroom Set,"Shop HORTEN 4 Pc. Bedroom Set. Contemporary style. Melamine, Paper Veneer build. Size: Queen. Free shipping. Buy now at GOODDEGG.",FM7200WH-1-Z.jpg,lb,,699,active
horten-5-pc-bedroom-set-w-2ns,HORTEN 5 Pc. Bedroom Set w/ 2NS,"<p><span style=""color:#1e73be;""><strong>FREE SHIPPING</strong></span><br>
HORTEN 5 Pc. Bedroom Set w/ 2NS brings a restful, finished feel to the bedroom. This bedroom bedroom set is made to fit naturally into the room. A Contemporary profile gives the space a refined, approachable look. With Melamine, Paper Veneer, construction and White Wash tones, it blends durability with visual warmth.<br>
Product Dimensions:.<br>
Size: Queen</p>

<p>Features<br>
- LED on Headboard<br>
- Vertical Chrome Handles<br>
- French Dovetail Drawer<br>
- Center Metal Glide<br>
- Melamine Top on Nightstand<br>
- Dresser and Chest Included items and dimensions:<br>
- Nightstand: color: White Wash; dimensions: 23"" W x 16.5""D x 25.5"" H; feature: Contemporary<br>
- Dresser: color: White Wash; dimensions: 58"" W x 17.5""D x 34"" H; feature: Contemporary</p>

<p>Materials: Melamine, Paper Veneer.<br>
Color: White Wash<br>
Weight: 470.02 lbs</p>",GOODDEGG,Furniture > Furniture Sets > Bedroom Furniture Sets,Bedroom Set,"Furniture of America, Quick Ship Furniture, New Arrival, Indoor Furniture, 2026",TRUE,Size,Queen,,,,,,,,FM7200WH-Q-5PC-2NS,213197,shopify,20,deny,manual,1797,,TRUE,FALSE,,,,,,https://cdn.shopify.com/s/files/1/0268/6749/9079/files/FM7200WH-1-Z.jpg,1,horten-5-pc-bedroom-set-w-2ns,FALSE,HORTEN 5 Pc. Bedroom Set w/ 2NS,"Shop HORTEN 5 Pc. Bedroom Set w/ 2NS. Contemporary style. Melamine, Paper Veneer build. Size: Queen. Free shipping. Buy now at GOODDEGG.",FM7200WH-1-Z.jpg,lb,,819,active
horten-5-pc-bedroom-set-w-chest,HORTEN 5 Pc. Bedroom Set w/ Chest,"<p><span style=""color:#1e73be;""><strong>FREE SHIPPING</strong></span><br>
Create a calm, coordinated retreat with HORTEN 5 Pc. Bedroom Set w/ Chest. Designed as a bedroom bedroom set, it pairs easily with surrounding decor. Its Contemporary styling keeps the room feeling polished yet comfortable. Finished in White Wash tones, the Melamine, Paper Veneer, build keeps the look polished and practical.<br>
Product Dimensions:.<br>
Size: Queen</p>

<p>Features<br>
- LED on Headboard<br>
- Vertical Chrome Handles<br>
- French Dovetail Drawer<br>
- Center Metal Glide<br>
- Melamine Top on Nightstand<br>
- Dresser and Chest Included items and dimensions:<br>
- Nightstand: color: White Wash; dimensions: 23"" W x 16.5""D x 25.5"" H; feature: Contemporary<br>
- Dresser: color: White Wash; dimensions: 58"" W x 17.5""D x 34"" H; feature: Contemporary<br>
- Chest: color: White Wash; dimensions: 31"" W x 17.5""D x 48.5"" H; feature: Contemporary</p>

<p>Materials: Melamine, Paper Veneer.<br>
Color: White Wash<br>
Weight: 580.66 lbs</p>",GOODDEGG,Furniture > Furniture Sets > Bedroom Furniture Sets,Bedroom Set,"Furniture of America, Quick Ship Furniture, New Arrival, Indoor Furniture, 2026",TRUE,Size,Queen,,,,,,,,FM7200WH-Q-5PC-CHEST,263383,shopify,20,deny,manual,2124,,TRUE,FALSE,,,,,,https://cdn.shopify.com/s/files/1/0268/6749/9079/files/FM7200WH-1-Z.jpg,1,horten-5-pc-bedroom-set-w-chest,FALSE,HORTEN 5 Pc. Bedroom Set w/ Chest,"Shop HORTEN 5 Pc. Bedroom Set w/ Chest. Contemporary style. Melamine, Paper Veneer build. Size: Queen. Free shipping. Buy now at GOODDEGG.",FM7200WH-1-Z.jpg,lb,,1008,active
houston-4-pc-bedroom-set,HOUSTON 4 Pc. Bedroom Set,"<p><span style=""color:#1e73be;""><strong>FREE SHIPPING</strong></span><br>
HOUSTON 4 Pc. Bedroom Set completes the bedroom with a relaxed, pulled-together look. As a bedroom bedroom set, it is designed to coordinate with matching pieces. The Traditional character adds definition without feeling heavy. Built from Solid Wood, and finished in Gray tones for a clean, cohesive look.<br>
Product Dimensions: 85 1/4""L X 66 3/4""W X 60""H<br>
Size: Queen</p>

<p>Features<br>
- Traditional<br>
- Panel Style Headboard<br>
- Crown Molding Details<br>
- Pewter Bar Pulls<br>
- Rubber Wood Frame<br>
- Foundation Required Included items and dimensions:<br>
- Nightstand: color: Gray; dimensions: 25 3 or 4"" W x 15 5 or 8""D x 25 1 or 2"" H; feature: Traditional<br>
- Dresser: color: Gray; dimensions: 63"" W x 17 3 or 4""D x 36 5 or 8"" H; feature: Traditional</p>

<p>Materials: Solid Wood.<br>
Color: Gray<br>
Weight: 368.46 lbs</p>",GOODDEGG,Furniture > Furniture Sets > Bedroom Furniture Sets,Bedroom Set,"Furniture of America, Quick Ship Furniture, New Arrival, Indoor Furniture, 2026",TRUE,Size,Queen,,,,,,,,CM7221GY-Q-4PC,167131,shopify,20,deny,manual,2127,,TRUE,FALSE,,,,,,https://cdn.shopify.com/s/files/1/0268/6749/9079/files/CM7221GY-1-Z.jpg,1,houston-4-pc-bedroom-set,FALSE,HOUSTON 4 Pc. Bedroom Set,"Shop HOUSTON 4 Pc. Bedroom Set. Traditional style. Solid Wood, Others build. Size: Queen. Free shipping. Buy now at GOODDEGG.",CM7221GY-1-Z.jpg,lb,,899,active
houston-4-pc-bedroom-set,,,,,,,,,,,,,,,,,,,,,,,,,,,,,,,,https://cdn.shopify.com/s/files/1/0268/6749/9079/files/CM7221GY-2.jpg,2,houston-4-pc-bedroom-set,,,,,,,,
houston-4-pc-bedroom-set,,,,,,,,,,,,,,,,,,,,,,,,,,,,,,,,https://cdn.shopify.com/s/files/1/0268/6749/9079/files/CM7221GY-3.jpg,3,houston-4-pc-bedroom-set,,,,,,,,
houston-5-pc-bedroom-set-w-2ns,HOUSTON 5 Pc. Bedroom Set w/ 2NS,"<p><span style=""color:#1e73be;""><strong>FREE SHIPPING</strong></span><br>
HOUSTON 5 Pc. Bedroom Set w/ 2NS brings a restful, finished feel to the bedroom. This bedroom bedroom set is made to fit naturally into the room. A Traditional profile gives the space a refined, approachable look. Crafted with Solid Wood, then finished in Gray tones to suit a range of interiors.<br>
Product Dimensions: 85 1/4""L X 66 3/4""W X 60""H<br>
Size: Queen</p>

<p>Features<br>
- Traditional<br>
- Panel Style Headboard<br>
- Crown Molding Details<br>
- Pewter Bar Pulls<br>
- Rubber Wood Frame<br>
- Foundation Required Included items and dimensions:<br>
- Nightstand: color: Gray; dimensions: 25 3 or 4"" W x 15 5 or 8""D x 25 1 or 2"" H; feature: Traditional<br>
- Dresser: color: Gray; dimensions: 63"" W x 17 3 or 4""D x 36 5 or 8"" H; feature: Traditional</p>

<p>Materials: Solid Wood.<br>
Color: Gray<br>
Weight: 420.03 lbs</p>",GOODDEGG,Furniture > Furniture Sets > Bedroom Furniture Sets,Bedroom Set,"Furniture of America, Quick Ship Furniture, New Arrival, Indoor Furniture, 2026",TRUE,Size,Queen,,,,,,,,CM7221GY-Q-5PC-2NS,190522,shopify,20,deny,manual,2427,,TRUE,FALSE,,,,,,https://cdn.shopify.com/s/files/1/0268/6749/9079/files/CM7221GY-1-Z.jpg,1,houston-5-pc-bedroom-set-w-2ns,FALSE,HOUSTON 5 Pc. Bedroom Set w/ 2NS,"Shop HOUSTON 5 Pc. Bedroom Set w/ 2NS. Traditional style. Solid Wood, Others build. Size: Queen. Free shipping. Buy now at GOODDEGG.",CM7221GY-1-Z.jpg,lb,,1029,active
houston-5-pc-bedroom-set-w-2ns,,,,,,,,,,,,,,,,,,,,,,,,,,,,,,,,https://cdn.shopify.com/s/files/1/0268/6749/9079/files/CM7221GY-2.jpg,2,houston-5-pc-bedroom-set-w-2ns,,,,,,,,
houston-5-pc-bedroom-set-w-2ns,,,,,,,,,,,,,,,,,,,,,,,,,,,,,,,,https://cdn.shopify.com/s/files/1/0268/6749/9079/files/CM7221GY-3.jpg,3,houston-5-pc-bedroom-set-w-2ns,,,,,,,,
houston-5-pc-bedroom-set-w-chest,HOUSTON 5 Pc. Bedroom Set w/ Chest,"<p><span style=""color:#1e73be;""><strong>FREE SHIPPING</strong></span><br>
Create a calm, coordinated retreat with HOUSTON 5 Pc. Bedroom Set w/ Chest. Designed as a bedroom bedroom set, it pairs easily with surrounding decor. Its Traditional styling keeps the room feeling polished yet comfortable. With Solid Wood, construction and Gray tones, it blends durability with visual warmth.<br>
Product Dimensions: 85 1/4""L X 66 3/4""W X 60""H<br>
Size: Queen</p>

<p>Features<br>
- Traditional<br>
- Panel Style Headboard<br>
- Crown Molding Details<br>
- Pewter Bar Pulls<br>
- Rubber Wood Frame<br>
- Foundation Required Included items and dimensions:<br>
- Nightstand: color: Gray; dimensions: 25 3 or 4"" W x 15 5 or 8""D x 25 1 or 2"" H; feature: Traditional<br>
- Dresser: color: Gray; dimensions: 63"" W x 17 3 or 4""D x 36 5 or 8"" H; feature: Traditional<br>
- Chest: color: Gray; dimensions: 37 1 or 4"" W x 17 3 or 4""D x 49 1 or 4"" H; feature: Traditional</p>

<p>Materials: Solid Wood.<br>
Color: Gray<br>
Weight: 504.66 lbs</p>",GOODDEGG,Furniture > Furniture Sets > Bedroom Furniture Sets,Bedroom Set,"Furniture of America, Quick Ship Furniture, New Arrival, Indoor Furniture, 2026",TRUE,Size,Queen,,,,,,,,CM7221GY-Q-5PC-CHEST,228910,shopify,20,deny,manual,2874,,TRUE,FALSE,,,,,,https://cdn.shopify.com/s/files/1/0268/6749/9079/files/CM7221GY-1-Z.jpg,1,houston-5-pc-bedroom-set-w-chest,FALSE,HOUSTON 5 Pc. Bedroom Set w/ Chest,"Shop HOUSTON 5 Pc. Bedroom Set w/ Chest. Traditional style. Solid Wood, Others build. Size: Queen. Free shipping. Buy now at GOODDEGG.",CM7221GY-1-Z.jpg,lb,,1228,active
houston-5-pc-bedroom-set-w-chest,,,,,,,,,,,,,,,,,,,,,,,,,,,,,,,,https://cdn.shopify.com/s/files/1/0268/6749/9079/files/CM7221GY-2.jpg,2,houston-5-pc-bedroom-set-w-chest,,,,,,,,
houston-5-pc-bedroom-set-w-chest,,,,,,,,,,,,,,,,,,,,,,,,,,,,,,,,https://cdn.shopify.com/s/files/1/0268/6749/9079/files/CM7221GY-3.jpg,3,houston-5-pc-bedroom-set-w-chest,,,,,,,,
huddersfield-4-pc-bedroom-set,HUDDERSFIELD 4 Pc. Bedroom Set,"<p><span style=""color:#1e73be;""><strong>FREE SHIPPING</strong></span><br>
HUDDERSFIELD 4 Pc. Bedroom Set completes the bedroom with a relaxed, pulled-together look. As a bedroom bedroom set, it is designed to coordinate with matching pieces. The Transitional character adds definition without feeling heavy. Finished in Dark Walnut tones, the Solid Pinewood, Engineered Wood, Birch Veneer build keeps the look polished and practical.<br>
Product Dimensions: 66""W X 88.5""D X 62""H<br>
Size: Queen</p>

<p>Features<br>
- Felt-Lined Top Drawers<br>
- Cedarwood-Lined Bottom Drawers<br>
- Metal Side Glide<br>
- French Front & English Back Dovetail Drawers<br>
- USB-A on Nightstand<br>
- Foundation Required Included items and dimensions:<br>
- Nightstand W or USB: color: Dark Walnut; dimensions: 28"" W x 18""D x 29"" H; feature: Transitional<br>
- Dresser: color: Dark Walnut; dimensions: 63"" W x 19""D x 40"" H; feature: Transitional</p>

<p>Materials: Solid Pinewood, Engineered Wood, Birch Veneer.<br>
Color: Dark Walnut<br>
Weight: 510.4 lbs</p>",GOODDEGG,Furniture > Furniture Sets > Bedroom Furniture Sets,Bedroom Set,"Furniture of America, Quick Ship Furniture, New Arrival, Indoor Furniture, 2026",TRUE,Size,Queen,,,,,,,,FM7702DB-Q-4PC,231514,shopify,20,deny,manual,2547,,TRUE,FALSE,,,,,,https://cdn.shopify.com/s/files/1/0268/6749/9079/files/FM7702DB-1-Z.jpg,1,huddersfield-4-pc-bedroom-set,FALSE,HUDDERSFIELD 4 Pc. Bedroom Set,"Shop HUDDERSFIELD 4 Pc. Bedroom Set. Transitional style. Solid Pinewood, Engineered Wood build. Size: Queen. Free shipping. Buy now at GOODDEGG.",FM7702DB-1-Z.jpg,lb,,1099,active
huddersfield-4-pc-bedroom-set,,,,,,,,,,,,,,,,,,,,,,,,,,,,,,,,https://cdn.shopify.com/s/files/1/0268/6749/9079/files/FM7702DB-2.jpg,2,huddersfield-4-pc-bedroom-set,,,,,,,,
huddersfield-4-pc-bedroom-set,,,,,,,,,,,,,,,,,,,,,,,,,,,,,,,,https://cdn.shopify.com/s/files/1/0268/6749/9079/files/FM7702DB-3.jpg,3,huddersfield-4-pc-bedroom-set,,,,,,,,
huddersfield-4-pc-bedroom-set,,,,,,,,,,,,,,,,,,,,,,,,,,,,,,,,https://cdn.shopify.com/s/files/1/0268/6749/9079/files/FM7702DB-WB-1.jpg,4,huddersfield-4-pc-bedroom-set,,,,,,,,
huddersfield-4-pc-bedroom-set,,,,,,,,,,,,,,,,,,,,,,,,,,,,,,,,https://cdn.shopify.com/s/files/1/0268/6749/9079/files/FM7702DB-WB-2.jpg,5,huddersfield-4-pc-bedroom-set,,,,,,,,
huddersfield-4-pc-bedroom-set,,,,,,,,,,,,,,,,,,,,,,,,,,,,,,,,https://cdn.shopify.com/s/files/1/0268/6749/9079/files/FM7702DB-WB-3.jpg,6,huddersfield-4-pc-bedroom-set,,,,,,,,
huddersfield-4-pc-bedroom-set,,,,,,,,,,,,,,,,,,,,,,,,,,,,,,,,https://cdn.shopify.com/s/files/1/0268/6749/9079/files/FM7702DB-WB-4.jpg,7,huddersfield-4-pc-bedroom-set,,,,,,,,
huddersfield-4-pc-bedroom-set,,,,,,,,,,,,,,,,,,,,,,,,,,,,,,,,https://cdn.shopify.com/s/files/1/0268/6749/9079/files/FM7702DB-WB-5.jpg,8,huddersfield-4-pc-bedroom-set,,,,,,,,
huddersfield-4-pc-bedroom-set,,,,,,,,,,,,,,,,,,,,,,,,,,,,,,,,https://cdn.shopify.com/s/files/1/0268/6749/9079/files/FM7702DB-WB-6.jpg,9,huddersfield-4-pc-bedroom-set,,,,,,,,
huddersfield-4-pc-bedroom-set,,,,,,,,,,,,,,,,,,,,,,,,,,,,,,,,https://cdn.shopify.com/s/files/1/0268/6749/9079/files/FM7702DB-WB-7.jpg,10,huddersfield-4-pc-bedroom-set,,,,,,,,
huddersfield-5-pc-bedroom-set-w-2ns,HUDDERSFIELD 5 Pc. Bedroom Set w/ 2NS,"<p><span style=""color:#1e73be;""><strong>FREE SHIPPING</strong></span><br>
HUDDERSFIELD 5 Pc. Bedroom Set w/ 2NS brings a restful, finished feel to the bedroom. This bedroom bedroom set is made to fit naturally into the room. A Transitional profile gives the space a refined, approachable look. Built from Solid Pinewood, Engineered Wood, Birch Veneer and finished in Dark Walnut tones for a clean, cohesive look.<br>
Product Dimensions: 66""W X 88.5""D X 62""H<br>
Size: Queen</p>

<p>Features<br>
- Felt-Lined Top Drawers<br>
- Cedarwood-Lined Bottom Drawers<br>
- Metal Side Glide<br>
- French Front & English Back Dovetail Drawers<br>
- USB-A on Nightstand<br>
- Foundation Required Included items and dimensions:<br>
- Nightstand W or USB: color: Dark Walnut; dimensions: 28"" W x 18""D x 29"" H; feature: Transitional<br>
- Dresser: color: Dark Walnut; dimensions: 63"" W x 19""D x 40"" H; feature: Transitional</p>

<p>Materials: Solid Pinewood, Engineered Wood, Birch Veneer.<br>
Color: Dark Walnut<br>
Weight: 587.8 lbs</p>",GOODDEGG,Furniture > Furniture Sets > Bedroom Furniture Sets,Bedroom Set,"Furniture of America, Quick Ship Furniture, New Arrival, Indoor Furniture, 2026",TRUE,Size,Queen,,,,,,,,FM7702DB-Q-5PC-2NS,266622,shopify,20,deny,manual,2967,,TRUE,FALSE,,,,,,https://cdn.shopify.com/s/files/1/0268/6749/9079/files/FM7702DB-1-Z.jpg,1,huddersfield-5-pc-bedroom-set-w-2ns,FALSE,HUDDERSFIELD 5 Pc. Bedroom Set w/ 2NS,"Shop HUDDERSFIELD 5 Pc. Bedroom Set w/ 2NS. Transitional style. Solid Pinewood, Engineered Wood build. Size: Queen. Free shipping. Buy now at GOODDEGG.",FM7702DB-1-Z.jpg,lb,,1279,active
huddersfield-5-pc-bedroom-set-w-2ns,,,,,,,,,,,,,,,,,,,,,,,,,,,,,,,,https://cdn.shopify.com/s/files/1/0268/6749/9079/files/FM7702DB-2.jpg,2,huddersfield-5-pc-bedroom-set-w-2ns,,,,,,,,
huddersfield-5-pc-bedroom-set-w-2ns,,,,,,,,,,,,,,,,,,,,,,,,,,,,,,,,https://cdn.shopify.com/s/files/1/0268/6749/9079/files/FM7702DB-3.jpg,3,huddersfield-5-pc-bedroom-set-w-2ns,,,,,,,,
huddersfield-5-pc-bedroom-set-w-2ns,,,,,,,,,,,,,,,,,,,,,,,,,,,,,,,,https://cdn.shopify.com/s/files/1/0268/6749/9079/files/FM7702DB-WB-1.jpg,4,huddersfield-5-pc-bedroom-set-w-2ns,,,,,,,,
huddersfield-5-pc-bedroom-set-w-2ns,,,,,,,,,,,,,,,,,,,,,,,,,,,,,,,,https://cdn.shopify.com/s/files/1/0268/6749/9079/files/FM7702DB-WB-2.jpg,5,huddersfield-5-pc-bedroom-set-w-2ns,,,,,,,,
huddersfield-5-pc-bedroom-set-w-2ns,,,,,,,,,,,,,,,,,,,,,,,,,,,,,,,,https://cdn.shopify.com/s/files/1/0268/6749/9079/files/FM7702DB-WB-3.jpg,6,huddersfield-5-pc-bedroom-set-w-2ns,,,,,,,,
huddersfield-5-pc-bedroom-set-w-2ns,,,,,,,,,,,,,,,,,,,,,,,,,,,,,,,,https://cdn.shopify.com/s/files/1/0268/6749/9079/files/FM7702DB-WB-4.jpg,7,huddersfield-5-pc-bedroom-set-w-2ns,,,,,,,,
huddersfield-5-pc-bedroom-set-w-2ns,,,,,,,,,,,,,,,,,,,,,,,,,,,,,,,,https://cdn.shopify.com/s/files/1/0268/6749/9079/files/FM7702DB-WB-5.jpg,8,huddersfield-5-pc-bedroom-set-w-2ns,,,,,,,,
huddersfield-5-pc-bedroom-set-w-2ns,,,,,,,,,,,,,,,,,,,,,,,,,,,,,,,,https://cdn.shopify.com/s/files/1/0268/6749/9079/files/FM7702DB-WB-6.jpg,9,huddersfield-5-pc-bedroom-set-w-2ns,,,,,,,,
huddersfield-5-pc-bedroom-set-w-2ns,,,,,,,,,,,,,,,,,,,,,,,,,,,,,,,,https://cdn.shopify.com/s/files/1/0268/6749/9079/files/FM7702DB-WB-7.jpg,10,huddersfield-5-pc-bedroom-set-w-2ns,,,,,,,,
huddersfield-5-pc-bedroom-set-w-chest,HUDDERSFIELD 5 Pc. Bedroom Set w/ Chest,"<p><span style=""color:#1e73be;""><strong>FREE SHIPPING</strong></span><br>
Create a calm, coordinated retreat with HUDDERSFIELD 5 Pc. Bedroom Set w/ Chest. Designed as a bedroom bedroom set, it pairs easily with surrounding decor. Its Transitional styling keeps the room feeling polished yet comfortable. Crafted with Solid Pinewood, Engineered Wood, Birch Veneer, then finished in Dark Walnut tones to suit a range of interiors.<br>
Product Dimensions: 66""W X 88.5""D X 62""H<br>
Size: Queen</p>

<p>Features<br>
- Felt-Lined Top Drawers<br>
- Cedarwood-Lined Bottom Drawers<br>
- Metal Side Glide<br>
- French Front & English Back Dovetail Drawers<br>
- USB-A on Nightstand<br>
- Foundation Required Included items and dimensions:<br>
- Nightstand W or USB: color: Dark Walnut; dimensions: 28"" W x 18""D x 29"" H; feature: Transitional<br>
- Dresser: color: Dark Walnut; dimensions: 63"" W x 19""D x 40"" H; feature: Transitional<br>
- Chest: color: Dark Walnut; dimensions: 39"" W x 19""D x 54"" H; feature: Transitional</p>

<p>Materials: Solid Pinewood, Engineered Wood, Birch Veneer.<br>
Color: Dark Walnut<br>
Weight: 710.4 lbs</p>",GOODDEGG,Furniture > Furniture Sets > Bedroom Furniture Sets,Bedroom Set,"Furniture of America, Quick Ship Furniture, New Arrival, Indoor Furniture, 2026",TRUE,Size,Queen,,,,,,,,FM7702DB-Q-5PC-CHEST,322232,shopify,20,deny,manual,3444,,TRUE,FALSE,,,,,,https://cdn.shopify.com/s/files/1/0268/6749/9079/files/FM7702DB-1-Z.jpg,1,huddersfield-5-pc-bedroom-set-w-chest,FALSE,HUDDERSFIELD 5 Pc. Bedroom Set w/ Chest,"Shop HUDDERSFIELD 5 Pc. Bedroom Set w/ Chest. Transitional style. Solid Pinewood, Engineered Wood build. Size: Queen. Free shipping. Buy now at GOODDEGG.",FM7702DB-1-Z.jpg,lb,,1499,active
huddersfield-5-pc-bedroom-set-w-chest,,,,,,,,,,,,,,,,,,,,,,,,,,,,,,,,https://cdn.shopify.com/s/files/1/0268/6749/9079/files/FM7702DB-2.jpg,2,huddersfield-5-pc-bedroom-set-w-chest,,,,,,,,
huddersfield-5-pc-bedroom-set-w-chest,,,,,,,,,,,,,,,,,,,,,,,,,,,,,,,,https://cdn.shopify.com/s/files/1/0268/6749/9079/files/FM7702DB-3.jpg,3,huddersfield-5-pc-bedroom-set-w-chest,,,,,,,,
huddersfield-5-pc-bedroom-set-w-chest,,,,,,,,,,,,,,,,,,,,,,,,,,,,,,,,https://cdn.shopify.com/s/files/1/0268/6749/9079/files/FM7702DB-WB-1.jpg,4,huddersfield-5-pc-bedroom-set-w-chest,,,,,,,,
huddersfield-5-pc-bedroom-set-w-chest,,,,,,,,,,,,,,,,,,,,,,,,,,,,,,,,https://cdn.shopify.com/s/files/1/0268/6749/9079/files/FM7702DB-WB-2.jpg,5,huddersfield-5-pc-bedroom-set-w-chest,,,,,,,,
huddersfield-5-pc-bedroom-set-w-chest,,,,,,,,,,,,,,,,,,,,,,,,,,,,,,,,https://cdn.shopify.com/s/files/1/0268/6749/9079/files/FM7702DB-WB-3.jpg,6,huddersfield-5-pc-bedroom-set-w-chest,,,,,,,,
huddersfield-5-pc-bedroom-set-w-chest,,,,,,,,,,,,,,,,,,,,,,,,,,,,,,,,https://cdn.shopify.com/s/files/1/0268/6749/9079/files/FM7702DB-WB-4.jpg,7,huddersfield-5-pc-bedroom-set-w-chest,,,,,,,,
huddersfield-5-pc-bedroom-set-w-chest,,,,,,,,,,,,,,,,,,,,,,,,,,,,,,,,https://cdn.shopify.com/s/files/1/0268/6749/9079/files/FM7702DB-WB-5.jpg,8,huddersfield-5-pc-bedroom-set-w-chest,,,,,,,,
huddersfield-5-pc-bedroom-set-w-chest,,,,,,,,,,,,,,,,,,,,,,,,,,,,,,,,https://cdn.shopify.com/s/files/1/0268/6749/9079/files/FM7702DB-WB-6.jpg,9,huddersfield-5-pc-bedroom-set-w-chest,,,,,,,,
huddersfield-5-pc-bedroom-set-w-chest,,,,,,,,,,,,,,,,,,,,,,,,,,,,,,,,https://cdn.shopify.com/s/files/1/0268/6749/9079/files/FM7702DB-WB-7.jpg,10,huddersfield-5-pc-bedroom-set-w-chest,,,,,,,,
hutchinson-4-pc-bedroom-set,HUTCHINSON 4 Pc. Bedroom Set,"<p><span style=""color:#1e73be;""><strong>FREE SHIPPING</strong></span><br>
HUTCHINSON 4 Pc. Bedroom Set completes the bedroom with a relaxed, pulled-together look. As a bedroom bedroom set, it is designed to coordinate with matching pieces. The Rustic character adds definition without feeling heavy. Crafted with Linen-like Fabric, Solid Wood, Wood Veneer, then finished in Rustic Natural Tone or Beige tones to suit a range of interiors.<br>
Product Dimensions: 86""L X 69 3/4""W X 58""H<br>
Size: Queen</p>

<p>Features<br>
- Rustic<br>
- Rustic Natural Tone or Beige<br>
- Headboard w/ Button Tufting<br>
- Two Drawers in F or B<br>
- Mattress Ready<br>
- Felt-Lined Top Drawers<br>
- Metal Drawer Handles Included items and dimensions:<br>
- Nightstand: color: Rustic Natural Tone; dimensions: 20"" W x 18""D x 26"" H; feature: Rustic<br>
- Dresser: color: Rustic Natural Tone; dimensions: 56"" W x 19""D x 37"" H; feature: Rustic</p>

<p>Materials: Linen-like Fabric, Solid Wood, Wood Veneer.<br>
Color: Rustic Natural Tone or Beige<br>
Weight: 435.28 lbs</p>",GOODDEGG,Furniture > Furniture Sets > Bedroom Furniture Sets,Bedroom Set,"Furniture of America, Quick Ship Furniture, New Arrival, Indoor Furniture, 2026",TRUE,Size,Queen,,,,,,,,CM7577Q-4PC,197440,shopify,20,deny,manual,2997,,TRUE,FALSE,,,,,,https://cdn.shopify.com/s/files/1/0268/6749/9079/files/CM7577-Z.jpg,1,hutchinson-4-pc-bedroom-set,FALSE,HUTCHINSON 4 Pc. Bedroom Set,"Shop HUTCHINSON 4 Pc. Bedroom Set. Rustic style. Linen-like Fabric, Solid Wood build. Size: Queen. Free shipping. Buy now at GOODDEGG.",CM7577-Z.jpg,lb,,1187,active
hutchinson-4-pc-bedroom-set,,,,,,,,,,,,,,,,,,,,,,,,,,,,,,,,https://cdn.shopify.com/s/files/1/0268/6749/9079/files/CM7577-CLOSEUP.jpg,2,hutchinson-4-pc-bedroom-set,,,,,,,,
hutchinson-5-pc-bedroom-set-w-2ns,HUTCHINSON 5 Pc. Bedroom Set w/ 2NS,"<p><span style=""color:#1e73be;""><strong>FREE SHIPPING</strong></span><br>
HUTCHINSON 5 Pc. Bedroom Set w/ 2NS brings a restful, finished feel to the bedroom. This bedroom bedroom set is made to fit naturally into the room. A Rustic profile gives the space a refined, approachable look. With Linen-like Fabric, Solid Wood, Wood Veneer, construction and Rustic Natural Tone or Beige tones, it blends durability with visual warmth.<br>
Product Dimensions: 86""L X 69 3/4""W X 58""H<br>
Size: Queen</p>

<p>Features<br>
- Rustic<br>
- Rustic Natural Tone or Beige<br>
- Headboard w/ Button Tufting<br>
- Two Drawers in F or B<br>
- Mattress Ready<br>
- Felt-Lined Top Drawers<br>
- Metal Drawer Handles Included items and dimensions:<br>
- Nightstand: color: Rustic Natural Tone; dimensions: 20"" W x 18""D x 26"" H; feature: Rustic<br>
- Dresser: color: Rustic Natural Tone; dimensions: 56"" W x 19""D x 37"" H; feature: Rustic</p>

<p>Materials: Linen-like Fabric, Solid Wood, Wood Veneer.<br>
Color: Rustic Natural Tone or Beige<br>
Weight: 488.19 lbs</p>",GOODDEGG,Furniture > Furniture Sets > Bedroom Furniture Sets,Bedroom Set,"Furniture of America, Quick Ship Furniture, New Arrival, Indoor Furniture, 2026",TRUE,Size,Queen,,,,,,,,CM7577Q-5PC-2NS,221439,shopify,20,deny,manual,3387,,TRUE,FALSE,,,,,,https://cdn.shopify.com/s/files/1/0268/6749/9079/files/CM7577-Z.jpg,1,hutchinson-5-pc-bedroom-set-w-2ns,FALSE,HUTCHINSON 5 Pc. Bedroom Set w/ 2NS,"Shop HUTCHINSON 5 Pc. Bedroom Set w/ 2NS. Rustic style. Linen-like Fabric, Solid Wood build. Size: Queen. Free shipping. Buy now at GOODDEGG.",CM7577-Z.jpg,lb,,1339,active
hutchinson-5-pc-bedroom-set-w-2ns,,,,,,,,,,,,,,,,,,,,,,,,,,,,,,,,https://cdn.shopify.com/s/files/1/0268/6749/9079/files/CM7577-CLOSEUP.jpg,2,hutchinson-5-pc-bedroom-set-w-2ns,,,,,,,,
hutchinson-5-pc-bedroom-set-w-chest,HUTCHINSON 5 Pc. Bedroom Set w/ Chest,"<p><span style=""color:#1e73be;""><strong>FREE SHIPPING</strong></span><br>
Create a calm, coordinated retreat with HUTCHINSON 5 Pc. Bedroom Set w/ Chest. Designed as a bedroom bedroom set, it pairs easily with surrounding decor. Its Rustic styling keeps the room feeling polished yet comfortable. Finished in Rustic Natural Tone or Beige tones, the Linen-like Fabric, Solid Wood, Wood Veneer, build keeps the look polished and practical.<br>
Product Dimensions: 86""L X 69 3/4""W X 58""H<br>
Size: Queen</p>

<p>Features<br>
- Rustic<br>
- Rustic Natural Tone or Beige<br>
- Headboard w/ Button Tufting<br>
- Two Drawers in F or B<br>
- Mattress Ready<br>
- Felt-Lined Top Drawers<br>
- Metal Drawer Handles Included items and dimensions:<br>
- Nightstand: color: Rustic Natural Tone; dimensions: 20"" W x 18""D x 26"" H; feature: Rustic<br>
- Dresser: color: Rustic Natural Tone; dimensions: 56"" W x 19""D x 37"" H; feature: Rustic<br>
- Chest: color: Rustic Natural Tone; dimensions: 32"" W x 18""D x 50 - 7 or 8"" H; feature: Rustic</p>

<p>Materials: Linen-like Fabric, Solid Wood, Wood Veneer.<br>
Color: Rustic Natural Tone or Beige<br>
Weight: 559.83 lbs</p>",GOODDEGG,Furniture > Furniture Sets > Bedroom Furniture Sets,Bedroom Set,"Furniture of America, Quick Ship Furniture, New Arrival, Indoor Furniture, 2026",TRUE,Size,Queen,,,,,,,,CM7577Q-5PC-CHEST,253935,shopify,20,deny,manual,3894,,TRUE,FALSE,,,,,,https://cdn.shopify.com/s/files/1/0268/6749/9079/files/CM7577-Z.jpg,1,hutchinson-5-pc-bedroom-set-w-chest,FALSE,HUTCHINSON 5 Pc. Bedroom Set w/ Chest,"Shop HUTCHINSON 5 Pc. Bedroom Set w/ Chest. Rustic style. Linen-like Fabric, Solid Wood build. Size: Queen. Free shipping. Buy now at GOODDEGG.",CM7577-Z.jpg,lb,,1536,active
hutchinson-5-pc-bedroom-set-w-chest,,,,,,,,,,,,,,,,,,,,,,,,,,,,,,,,https://cdn.shopify.com/s/files/1/0268/6749/9079/files/CM7577-CLOSEUP.jpg,2,hutchinson-5-pc-bedroom-set-w-chest,,,,,,,,
isadore-4-pc-bedroom-set,ISADORE 4 Pc. Bedroom Set,"<p><span style=""color:#1e73be;""><strong>FREE SHIPPING</strong></span><br>
ISADORE 4 Pc. Bedroom Set completes the bedroom with a relaxed, pulled-together look. As a bedroom bedroom set, it is designed to coordinate with matching pieces. The Transitional character adds definition without feeling heavy. Finished in Antique White tones, the Fabric, Foam, Solid Wood, Birch Veneer build keeps the look polished and practical.<br>
Product Dimensions: 63.5""W X 86""D X 60""H<br>
Size: Queen</p>

<p>Features<br>
- Accent- Fluted Design<br>
- LED on Headboard<br>
- Metal Side Glide<br>
- French Front & English Back Dovetail Drawers<br>
- Felt-Lined Top Drawers<br>
- Chrome Finger Pulls<br>
- Foundation Required Included items and dimensions:<br>
- Nightstand: color: Antique White; dimensions: 26"" W x 17""D x 26.5"" H; feature: Transitional<br>
- Dresser: color: Antique White; dimensions: 60"" W x 17""D x 37.5"" H; feature: Transitional</p>

<p>Materials: Fabric, Foam, Solid Wood, Birch Veneer.<br>
Color: Antique White<br>
Weight: 429 lbs</p>",GOODDEGG,Furniture > Furniture Sets > Bedroom Furniture Sets,Bedroom Set,"Furniture of America, Quick Ship Furniture, New Arrival, Indoor Furniture, 2026",TRUE,Size,Queen,,,,,,,,FM7700WH-Q-4PC,194591,shopify,20,deny,manual,2097,,TRUE,FALSE,,,,,,https://cdn.shopify.com/s/files/1/0268/6749/9079/files/FM7700WH-1-Z.jpg,1,isadore-4-pc-bedroom-set,FALSE,ISADORE 4 Pc. Bedroom Set,"Shop ISADORE 4 Pc. Bedroom Set. Transitional style. Fabric, Foam build. Size: Queen. Free shipping. Buy now at GOODDEGG.",FM7700WH-1-Z.jpg,lb,,899,active
isadore-4-pc-bedroom-set,,,,,,,,,,,,,,,,,,,,,,,,,,,,,,,,https://cdn.shopify.com/s/files/1/0268/6749/9079/files/FM7700WH-2.jpg,2,isadore-4-pc-bedroom-set,,,,,,,,
isadore-4-pc-bedroom-set,,,,,,,,,,,,,,,,,,,,,,,,,,,,,,,,https://cdn.shopify.com/s/files/1/0268/6749/9079/files/FM7700WH-3.jpg,3,isadore-4-pc-bedroom-set,,,,,,,,
isadore-4-pc-bedroom-set,,,,,,,,,,,,,,,,,,,,,,,,,,,,,,,,https://cdn.shopify.com/s/files/1/0268/6749/9079/files/FM7700WH-N-WB-1.jpg,4,isadore-4-pc-bedroom-set,,,,,,,,
isadore-4-pc-bedroom-set,,,,,,,,,,,,,,,,,,,,,,,,,,,,,,,,FM7700WH-M-WB-1.jpg,5,isadore-4-pc-bedroom-set,,,,,,,,
isadore-4-pc-bedroom-set,,,,,,,,,,,,,,,,,,,,,,,,,,,,,,,,https://cdn.shopify.com/s/files/1/0268/6749/9079/files/FM7700WH-D-WB-1.jpg,6,isadore-4-pc-bedroom-set,,,,,,,,
isadore-5-pc-bedroom-set-w-2ns,ISADORE 5 Pc. Bedroom Set w/ 2NS,"<p><span style=""color:#1e73be;""><strong>FREE SHIPPING</strong></span><br>
ISADORE 5 Pc. Bedroom Set w/ 2NS brings a restful, finished feel to the bedroom. This bedroom bedroom set is made to fit naturally into the room. A Transitional profile gives the space a refined, approachable look. Built from Fabric, Foam, Solid Wood, Birch Veneer and finished in Antique White tones for a clean, cohesive look.<br>
Product Dimensions: 63.5""W X 86""D X 60""H<br>
Size: Queen</p>

<p>Features<br>
- Accent- Fluted Design<br>
- LED on Headboard<br>
- Metal Side Glide<br>
- French Front & English Back Dovetail Drawers<br>
- Felt-Lined Top Drawers<br>
- Chrome Finger Pulls<br>
- Foundation Required Included items and dimensions:<br>
- Nightstand: color: Antique White; dimensions: 26"" W x 17""D x 26.5"" H; feature: Transitional<br>
- Dresser: color: Antique White; dimensions: 60"" W x 17""D x 37.5"" H; feature: Transitional</p>

<p>Materials: Fabric, Foam, Solid Wood, Birch Veneer.<br>
Color: Antique White<br>
Weight: 484 lbs</p>",GOODDEGG,Furniture > Furniture Sets > Bedroom Furniture Sets,Bedroom Set,"Furniture of America, Quick Ship Furniture, New Arrival, Indoor Furniture, 2026",TRUE,Size,Queen,,,,,,,,FM7700WH-Q-5PC-2NS,219539,shopify,20,deny,manual,2397,,TRUE,FALSE,,,,,,https://cdn.shopify.com/s/files/1/0268/6749/9079/files/FM7700WH-1-Z.jpg,1,isadore-5-pc-bedroom-set-w-2ns,FALSE,ISADORE 5 Pc. Bedroom Set w/ 2NS,"Shop ISADORE 5 Pc. Bedroom Set w/ 2NS. Transitional style. Fabric, Foam build. Size: Queen. Free shipping. Buy now at GOODDEGG.",FM7700WH-1-Z.jpg,lb,,1029,active
isadore-5-pc-bedroom-set-w-2ns,,,,,,,,,,,,,,,,,,,,,,,,,,,,,,,,https://cdn.shopify.com/s/files/1/0268/6749/9079/files/FM7700WH-2.jpg,2,isadore-5-pc-bedroom-set-w-2ns,,,,,,,,
isadore-5-pc-bedroom-set-w-2ns,,,,,,,,,,,,,,,,,,,,,,,,,,,,,,,,https://cdn.shopify.com/s/files/1/0268/6749/9079/files/FM7700WH-3.jpg,3,isadore-5-pc-bedroom-set-w-2ns,,,,,,,,
isadore-5-pc-bedroom-set-w-2ns,,,,,,,,,,,,,,,,,,,,,,,,,,,,,,,,https://cdn.shopify.com/s/files/1/0268/6749/9079/files/FM7700WH-N-WB-1.jpg,4,isadore-5-pc-bedroom-set-w-2ns,,,,,,,,
isadore-5-pc-bedroom-set-w-2ns,,,,,,,,,,,,,,,,,,,,,,,,,,,,,,,,FM7700WH-M-WB-1.jpg,5,isadore-5-pc-bedroom-set-w-2ns,,,,,,,,
isadore-5-pc-bedroom-set-w-2ns,,,,,,,,,,,,,,,,,,,,,,,,,,,,,,,,https://cdn.shopify.com/s/files/1/0268/6749/9079/files/FM7700WH-D-WB-1.jpg,6,isadore-5-pc-bedroom-set-w-2ns,,,,,,,,
isadore-5-pc-bedroom-set-w-chest,ISADORE 5 Pc. Bedroom Set w/ Chest,"<p><span style=""color:#1e73be;""><strong>FREE SHIPPING</strong></span><br>
Create a calm, coordinated retreat with ISADORE 5 Pc. Bedroom Set w/ Chest. Designed as a bedroom bedroom set, it pairs easily with surrounding decor. Its Transitional styling keeps the room feeling polished yet comfortable. Crafted with Fabric, Foam, Solid Wood, Birch Veneer, then finished in Antique White tones to suit a range of interiors.<br>
Product Dimensions: 63.5""W X 86""D X 60""H<br>
Size: Queen</p>

<p>Features<br>
- Accent- Fluted Design<br>
- LED on Headboard<br>
- Metal Side Glide<br>
- French Front & English Back Dovetail Drawers<br>
- Felt-Lined Top Drawers<br>
- Chrome Finger Pulls<br>
- Foundation Required Included items and dimensions:<br>
- Nightstand: color: Antique White; dimensions: 26"" W x 17""D x 26.5"" H; feature: Transitional<br>
- Dresser: color: Antique White; dimensions: 60"" W x 17""D x 37.5"" H; feature: Transitional<br>
- Chest: color: Antique White; dimensions: 37"" W x 17""D x 52.5"" H; feature: Transitional</p>

<p>Materials: Fabric, Foam, Solid Wood, Birch Veneer.<br>
Color: Antique White<br>
Weight: 613 lbs</p>",GOODDEGG,Furniture > Furniture Sets > Bedroom Furniture Sets,Bedroom Set,"Furniture of America, Quick Ship Furniture, New Arrival, Indoor Furniture, 2026",TRUE,Size,Queen,,,,,,,,FM7700WH-Q-5PC-CHEST,278052,shopify,20,deny,manual,2904,,TRUE,FALSE,,,,,,https://cdn.shopify.com/s/files/1/0268/6749/9079/files/FM7700WH-1-Z.jpg,1,isadore-5-pc-bedroom-set-w-chest,FALSE,ISADORE 5 Pc. Bedroom Set w/ Chest,"Shop ISADORE 5 Pc. Bedroom Set w/ Chest. Transitional style. Fabric, Foam build. Size: Queen. Free shipping. Buy now at GOODDEGG.",FM7700WH-1-Z.jpg,lb,,1258,active
isadore-5-pc-bedroom-set-w-chest,,,,,,,,,,,,,,,,,,,,,,,,,,,,,,,,https://cdn.shopify.com/s/files/1/0268/6749/9079/files/FM7700WH-2.jpg,2,isadore-5-pc-bedroom-set-w-chest,,,,,,,,
isadore-5-pc-bedroom-set-w-chest,,,,,,,,,,,,,,,,,,,,,,,,,,,,,,,,https://cdn.shopify.com/s/files/1/0268/6749/9079/files/FM7700WH-3.jpg,3,isadore-5-pc-bedroom-set-w-chest,,,,,,,,
isadore-5-pc-bedroom-set-w-chest,,,,,,,,,,,,,,,,,,,,,,,,,,,,,,,,https://cdn.shopify.com/s/files/1/0268/6749/9079/files/FM7700WH-N-WB-1.jpg,4,isadore-5-pc-bedroom-set-w-chest,,,,,,,,
isadore-5-pc-bedroom-set-w-chest,,,,,,,,,,,,,,,,,,,,,,,,,,,,,,,,FM7700WH-M-WB-1.jpg,5,isadore-5-pc-bedroom-set-w-chest,,,,,,,,
isadore-5-pc-bedroom-set-w-chest,,,,,,,,,,,,,,,,,,,,,,,,,,,,,,,,https://cdn.shopify.com/s/files/1/0268/6749/9079/files/FM7700WH-D-WB-1.jpg,6,isadore-5-pc-bedroom-set-w-chest,,,,,,,,
isadore-5-pc-bedroom-set-w-chest,,,,,,,,,,,,,,,,,,,,,,,,,,,,,,,,https://cdn.shopify.com/s/files/1/0268/6749/9079/files/FM7701BR-C-WB-1.jpg,7,isadore-5-pc-bedroom-set-w-chest,,,,,,,,
jamie-4-pc-bedroom-set,JAMIE 4 Pc. Bedroom Set,"<p><span style=""color:#1e73be;""><strong>FREE SHIPPING</strong></span><br>
JAMIE 4 Pc. Bedroom Set completes the bedroom with a relaxed, pulled-together look. As a bedroom bedroom set, it is designed to coordinate with matching pieces. The Transitional character adds definition without feeling heavy. Built from Solid Wood, Wood Veneer, Engineered Wood and finished in Walnut or Light Brown tones for a clean, cohesive look.<br>
Size: Queen</p>

<p>Features<br>
- Walnut or Light Brown<br>
- Curved Upholstered Headboard<br>
- Tapered Legs<br>
- Felt-lined Top Drawers<br>
- Foundation Required Included items and dimensions:<br>
- Dresser: color: Walnut; dimensions: 58"" W x 16 1 or 2""D x 34 7 or 8"" H; feature: Transitional<br>
- Nightstand: color: Walnut; dimensions: 22"" W x 16""D x 24"" H; feature: Transitional</p>

<p>Materials: Solid Wood, Wood Veneer, Engineered Wood.<br>
Color: Walnut or Light Brown<br>
Weight: 305.8 lbs</p>",GOODDEGG,Furniture > Furniture Sets > Bedroom Furniture Sets,Bedroom Set,"Furniture of America, Quick Ship Furniture, New Arrival, Indoor Furniture, 2026",TRUE,Size,Queen,,,,,,,,FOA7917Q-4PC,138709,shopify,20,deny,manual,1647,,TRUE,FALSE,,,,,,https://cdn.shopify.com/s/files/1/0268/6749/9079/files/FOA7917-1.jpg,1,jamie-4-pc-bedroom-set,FALSE,JAMIE 4 Pc. Bedroom Set,"Shop JAMIE 4 Pc. Bedroom Set. Transitional style. Solid Wood, Wood Veneer build. Size: Queen. Free shipping. Buy now at GOODDEGG.",FOA7917-1.jpg,lb,,649,active
jamie-4-pc-bedroom-set,,,,,,,,,,,,,,,,,,,,,,,,,,,,,,,,https://cdn.shopify.com/s/files/1/0268/6749/9079/files/FOA7917-2.jpg,2,jamie-4-pc-bedroom-set,,,,,,,,
jamie-4-pc-bedroom-set,,,,,,,,,,,,,,,,,,,,,,,,,,,,,,,,https://cdn.shopify.com/s/files/1/0268/6749/9079/files/FOA7917-3.jpg,3,jamie-4-pc-bedroom-set,,,,,,,,
jamie-5-pc-bedroom-set-w-2ns,JAMIE 5 Pc. Bedroom Set w/ 2NS,"<p><span style=""color:#1e73be;""><strong>FREE SHIPPING</strong></span><br>
JAMIE 5 Pc. Bedroom Set w/ 2NS brings a restful, finished feel to the bedroom. This bedroom bedroom set is made to fit naturally into the room. A Transitional profile gives the space a refined, approachable look. Crafted with Solid Wood, Wood Veneer, Engineered Wood, then finished in Walnut or Light Brown tones to suit a range of interiors.<br>
Size: Queen</p>

<p>Features<br>
- Walnut or Light Brown<br>
- Curved Upholstered Headboard<br>
- Tapered Legs<br>
- Felt-lined Top Drawers<br>
- Foundation Required Included items and dimensions:<br>
- Dresser: color: Walnut; dimensions: 58"" W x 16 1 or 2""D x 34 7 or 8"" H; feature: Transitional<br>
- Nightstand: color: Walnut; dimensions: 22"" W x 16""D x 24"" H; feature: Transitional</p>

<p>Materials: Solid Wood, Wood Veneer, Engineered Wood.<br>
Color: Walnut or Light Brown<br>
Weight: 350.9 lbs</p>",GOODDEGG,Furniture > Furniture Sets > Bedroom Furniture Sets,Bedroom Set,"Furniture of America, Quick Ship Furniture, New Arrival, Indoor Furniture, 2026",TRUE,Size,Queen,,,,,,,,FOA7917Q-5PC-2NS,159166,shopify,20,deny,manual,1887,,TRUE,FALSE,,,,,,https://cdn.shopify.com/s/files/1/0268/6749/9079/files/FOA7917-1.jpg,1,jamie-5-pc-bedroom-set-w-2ns,FALSE,JAMIE 5 Pc. Bedroom Set w/ 2NS,"Shop JAMIE 5 Pc. Bedroom Set w/ 2NS. Transitional style. Solid Wood, Wood Veneer build. Size: Queen. Free shipping. Buy now at GOODDEGG.",FOA7917-1.jpg,lb,,749,active
jamie-5-pc-bedroom-set-w-2ns,,,,,,,,,,,,,,,,,,,,,,,,,,,,,,,,https://cdn.shopify.com/s/files/1/0268/6749/9079/files/FOA7917-2.jpg,2,jamie-5-pc-bedroom-set-w-2ns,,,,,,,,
jamie-5-pc-bedroom-set-w-2ns,,,,,,,,,,,,,,,,,,,,,,,,,,,,,,,,https://cdn.shopify.com/s/files/1/0268/6749/9079/files/FOA7917-3.jpg,3,jamie-5-pc-bedroom-set-w-2ns,,,,,,,,
jamie-5-pc-bedroom-set-w-chest,JAMIE 5 Pc. Bedroom Set w/ Chest,"<p><span style=""color:#1e73be;""><strong>FREE SHIPPING</strong></span><br>
Create a calm, coordinated retreat with JAMIE 5 Pc. Bedroom Set w/ Chest. Designed as a bedroom bedroom set, it pairs easily with surrounding decor. Its Transitional styling keeps the room feeling polished yet comfortable. With Solid Wood, Wood Veneer, Engineered Wood construction and Walnut or Light Brown tones, it blends durability with visual warmth.<br>
Size: Queen</p>

<p>Features<br>
- Walnut or Light Brown<br>
- Curved Upholstered Headboard<br>
- Tapered Legs<br>
- Felt-lined Top Drawers<br>
- Foundation Required Included items and dimensions:<br>
- Dresser: color: Walnut; dimensions: 58"" W x 16 1 or 2""D x 34 7 or 8"" H; feature: Transitional<br>
- Nightstand: color: Walnut; dimensions: 22"" W x 16""D x 24"" H; feature: Transitional<br>
- Chest: color: Walnut; dimensions: 34"" W x 16 1 or 2""D x 47 7 or 8"" H; feature: Transitional</p>

<p>Materials: Solid Wood, Wood Veneer, Engineered Wood.<br>
Color: Walnut or Light Brown<br>
Weight: 415.8 lbs</p>",GOODDEGG,Furniture > Furniture Sets > Bedroom Furniture Sets,Bedroom Set,"Furniture of America, Quick Ship Furniture, New Arrival, Indoor Furniture, 2026",TRUE,Size,Queen,,,,,,,,FOA7917Q-5PC-CHEST,188604,shopify,20,deny,manual,2154,,TRUE,FALSE,,,,,,https://cdn.shopify.com/s/files/1/0268/6749/9079/files/FOA7917-1.jpg,1,jamie-5-pc-bedroom-set-w-chest,FALSE,JAMIE 5 Pc. Bedroom Set w/ Chest,"Shop JAMIE 5 Pc. Bedroom Set w/ Chest. Transitional style. Solid Wood, Wood Veneer build. Size: Queen. Free shipping. Buy now at GOODDEGG.",FOA7917-1.jpg,lb,,848,active
jamie-5-pc-bedroom-set-w-chest,,,,,,,,,,,,,,,,,,,,,,,,,,,,,,,,https://cdn.shopify.com/s/files/1/0268/6749/9079/files/FOA7917-2.jpg,2,jamie-5-pc-bedroom-set-w-chest,,,,,,,,
jamie-5-pc-bedroom-set-w-chest,,,,,,,,,,,,,,,,,,,,,,,,,,,,,,,,https://cdn.shopify.com/s/files/1/0268/6749/9079/files/FOA7917-3.jpg,3,jamie-5-pc-bedroom-set-w-chest,,,,,,,,
karla-4-pc-bedroom-set,KARLA 4 Pc. Bedroom Set,"<p><span style=""color:#1e73be;""><strong>FREE SHIPPING</strong></span><br>
Elevate your space with KARLA, styled in Transitional and designed for everyday comfort.<br>
This bedroom bedroom set is made to fit naturally into the room. With Solid Wood, Wood Veneer, Engineered Wood and Gray or White tones, it blends structure and softness in one clean profile.<br>
Product Dimensions: Varies by variant (see Variant Details below).<br>
Size: Queen</p>

<p>Features<br>
- Solid Wood<br>
- Wood Veneer<br>
- Engineered Wood<br>
- Bookcase Headboard<br>
- LED Touch Lights<br>
- Footboard &amp; Side Drawers<br>
- Felt-lined Top Drawers<br>
- English Dovetail Drawer Construction<br>
- Ball Bearing Metal Glides<br>
- Mattress Ready<br>
<strong>Variant Details</strong><br>
- <strong>Size: Queen | Color: Gray | Dimensions: 86 1/2&quot;L X 63 3/8&quot;W X 50&quot;H | Weight: 437.58 lbs | Volume: 68.4 cuft</strong><br>
- <strong>Size: Queen | Color: White | Dimensions: 86 1/2&quot;L X 63 3/8&quot;W X 56&quot;H | Weight: 437.58 lbs | Volume: 68.4 cuft</strong><br>
</p>

<p>Materials: Solid Wood, Wood Veneer, Engineered Wood.<br>
Color: Gray or White<br>
Weight: 437.58 lbs</p>",GOODDEGG,Furniture > Furniture Sets > Bedroom Furniture Sets,Bedroom Set,"Furniture of America, Quick Ship Furniture, New Arrival, Indoor Furniture, 2026",TRUE,Color,Gray,,,,,,,,CM7500GY-Q-4PC,198483,shopify,20,deny,manual,2607,,TRUE,FALSE,,,,,,https://cdn.shopify.com/s/files/1/0268/6749/9079/files/CM7500GY-1.jpg,1,karla-4-pc-bedroom-set,FALSE,KARLA 4 Pc. Bedroom Set,"Shop KARLA 4 Pc. Bedroom Set. Transitional style. Solid Wood, Wood Veneer build. Multiple colors available. Free shipping. Buy now at GOODDEGG.",CM7500GY-1.jpg,lb,,1019,active
karla-4-pc-bedroom-set,,,,,,,,,White,,,,,,,,CM7500WH-Q-4PC,198483,shopify,20,deny,manual,2607,,TRUE,FALSE,,,,,,https://cdn.shopify.com/s/files/1/0268/6749/9079/files/CM7500GY-2.jpg,2,karla-4-pc-bedroom-set,,,,CM7500WH-1-Z.jpg,lb,,1019,
karla-4-pc-bedroom-set,,,,,,,,,,,,,,,,,,,,,,,,,,,,,,,,https://cdn.shopify.com/s/files/1/0268/6749/9079/files/CM7500WH-1-Z.jpg,3,karla-4-pc-bedroom-set,,,,,,,,
karla-4-pc-bedroom-set,,,,,,,,,,,,,,,,,,,,,,,,,,,,,,,,https://cdn.shopify.com/s/files/1/0268/6749/9079/files/CM7500WH-2.jpg,4,karla-4-pc-bedroom-set,,,,,,,,
karla-4-pc-bedroom-set,,,,,,,,,,,,,,,,,,,,,,,,,,,,,,,,https://cdn.shopify.com/s/files/1/0268/6749/9079/files/CM7500WH-3.jpg,5,karla-4-pc-bedroom-set,,,,,,,,
karla-5-pc-bedroom-set-w-2ns,KARLA 5 Pc. Bedroom Set w/2NS,"<p><span style=""color:#1e73be;""><strong>FREE SHIPPING</strong></span><br>
Elevate your space with KARLA, styled in Transitional and designed for everyday comfort.<br>
This bedroom bedroom set is made to fit naturally into the room. With Solid Wood, Wood Veneer, Engineered Wood and Gray or White tones, it blends structure and softness in one clean profile.<br>
Product Dimensions: Varies by variant (see Variant Details below).<br>
Size: Queen</p>

<p>Features<br>
- Solid Wood<br>
- Wood Veneer<br>
- Engineered Wood<br>
- Bookcase Headboard<br>
- LED Touch Lights<br>
- Footboard &amp; Side Drawers<br>
- Felt-lined Top Drawers<br>
- English Dovetail Drawer Construction<br>
- Ball Bearing Metal Glides<br>
- Mattress Ready<br>
<strong>Variant Details</strong><br>
- <strong>Size: Queen | Color: Gray | Dimensions: 86 1/2&quot;L X 63 3/8&quot;W X 50&quot;H | Weight: 490.16 lbs | Volume: 76.3 cuft</strong><br>
- <strong>Size: Queen | Color: White | Dimensions: 86 1/2&quot;L X 63 3/8&quot;W X 56&quot;H | Weight: 490.16 lbs | Volume: 76.3 cuft</strong><br>
</p>

<p>Materials: Solid Wood, Wood Veneer, Engineered Wood.<br>
Color: Gray or White<br>
Weight: 490.16 lbs</p>",GOODDEGG,Furniture > Furniture Sets > Bedroom Furniture Sets,Bedroom Set,"Furniture of America, Quick Ship Furniture, New Arrival, Indoor Furniture, 2026",TRUE,Color,Gray,,,,,,,,CM7500GY-Q-5PC-2NS,222333,shopify,20,deny,manual,2877,,TRUE,FALSE,,,,,,https://cdn.shopify.com/s/files/1/0268/6749/9079/files/CM7500GY-1.jpg,1,karla-5-pc-bedroom-set-w-2ns,FALSE,KARLA 5 Pc. Bedroom Set w/2NS,"Shop KARLA 5 Pc. Bedroom Set w/2NS. Transitional style. Solid Wood, Wood Veneer build. Multiple colors available. Free shipping. Buy now at GOODDEGG.",CM7500GY-1.jpg,lb,,1129,active
karla-5-pc-bedroom-set-w-2ns,,,,,,,,,White,,,,,,,,CM7500WH-Q-5PC-2NS,222333,shopify,20,deny,manual,2877,,TRUE,FALSE,,,,,,https://cdn.shopify.com/s/files/1/0268/6749/9079/files/CM7500GY-2.jpg,2,karla-5-pc-bedroom-set-w-2ns,,,,CM7500WH-1-Z.jpg,lb,,1129,
karla-5-pc-bedroom-set-w-2ns,,,,,,,,,,,,,,,,,,,,,,,,,,,,,,,,https://cdn.shopify.com/s/files/1/0268/6749/9079/files/CM7500WH-1-Z.jpg,3,karla-5-pc-bedroom-set-w-2ns,,,,,,,,
karla-5-pc-bedroom-set-w-2ns,,,,,,,,,,,,,,,,,,,,,,,,,,,,,,,,https://cdn.shopify.com/s/files/1/0268/6749/9079/files/CM7500WH-2.jpg,4,karla-5-pc-bedroom-set-w-2ns,,,,,,,,
karla-5-pc-bedroom-set-w-2ns,,,,,,,,,,,,,,,,,,,,,,,,,,,,,,,,https://cdn.shopify.com/s/files/1/0268/6749/9079/files/CM7500WH-3.jpg,5,karla-5-pc-bedroom-set-w-2ns,,,,,,,,
karla-5-pc-bedroom-set-w-chest,KARLA 5 Pc. Bedroom Set w/Chest,"<p><span style=""color:#1e73be;""><strong>FREE SHIPPING</strong></span><br>
Elevate your space with KARLA, styled in Transitional and designed for everyday comfort.<br>
This bedroom bedroom set is made to fit naturally into the room. With Solid Wood, Wood Veneer, Engineered Wood and Gray or White tones, it blends structure and softness in one clean profile.<br>
Product Dimensions: Varies by variant (see Variant Details below).<br>
Size: Queen</p>

<p>Features<br>
- Solid Wood<br>
- Wood Veneer<br>
- Engineered Wood<br>
- Bookcase Headboard<br>
- LED Touch Lights<br>
- Footboard &amp; Side Drawers<br>
- Felt-lined Top Drawers<br>
- English Dovetail Drawer Construction<br>
- Ball Bearing Metal Glides<br>
- Mattress Ready<br>
<strong>Variant Details</strong><br>
- <strong>Size: Queen | Color: Gray | Dimensions: 86 1/2&quot;L X 63 3/8&quot;W X 50&quot;H | Weight: 568.04 lbs | Volume: 90.1 cuft</strong><br>
- <strong>Size: Queen | Color: White | Dimensions: 86 1/2&quot;L X 63 3/8&quot;W X 56&quot;H | Weight: 568.04 lbs | Volume: 90 cuft</strong><br>
</p>

<p>Materials: Solid Wood, Wood Veneer, Engineered Wood.<br>
Color: Gray or White<br>
Weight: 568.04 lbs</p>",GOODDEGG,Furniture > Furniture Sets > Bedroom Furniture Sets,Bedroom Set,"Furniture of America, Quick Ship Furniture, New Arrival, Indoor Furniture, 2026",TRUE,Color,Gray,,,,,,,,CM7500GY-Q-5PC-CHEST,257659,shopify,20,deny,manual,3234,,TRUE,FALSE,,,,,,https://cdn.shopify.com/s/files/1/0268/6749/9079/files/CM7500GY-1.jpg,1,karla-5-pc-bedroom-set-w-chest,FALSE,KARLA 5 Pc. Bedroom Set w/Chest,"Shop KARLA 5 Pc. Bedroom Set w/Chest. Transitional style. Solid Wood, Wood Veneer build. Multiple colors available. Free shipping. Buy now at GOODDEGG.",CM7500GY-1.jpg,lb,,1288,active
karla-5-pc-bedroom-set-w-chest,,,,,,,,,White,,,,,,,,CM7500WH-Q-5PC-CHEST,257659,shopify,20,deny,manual,3234,,TRUE,FALSE,,,,,,https://cdn.shopify.com/s/files/1/0268/6749/9079/files/CM7500GY-2.jpg,2,karla-5-pc-bedroom-set-w-chest,,,,CM7500WH-1-Z.jpg,lb,,1288,
karla-5-pc-bedroom-set-w-chest,,,,,,,,,,,,,,,,,,,,,,,,,,,,,,,,https://cdn.shopify.com/s/files/1/0268/6749/9079/files/CM7500WH-1-Z.jpg,3,karla-5-pc-bedroom-set-w-chest,,,,,,,,
karla-5-pc-bedroom-set-w-chest,,,,,,,,,,,,,,,,,,,,,,,,,,,,,,,,https://cdn.shopify.com/s/files/1/0268/6749/9079/files/CM7500WH-2.jpg,4,karla-5-pc-bedroom-set-w-chest,,,,,,,,
karla-5-pc-bedroom-set-w-chest,,,,,,,,,,,,,,,,,,,,,,,,,,,,,,,,https://cdn.shopify.com/s/files/1/0268/6749/9079/files/CM7500WH-3.jpg,5,karla-5-pc-bedroom-set-w-chest,,,,,,,,
katherine-4-pc-bedroom-set,KATHERINE 4 Pc. Bedroom Set,"<p><span style=""color:#1e73be;""><strong>FREE SHIPPING</strong></span><br>
KATHERINE 4 Pc. Bedroom Set brings a restful, finished feel to the bedroom. This bedroom bedroom set is made to fit naturally into the room. A Transitional profile gives the space a refined, approachable look. With Solid Wood, Wood Veneer, construction and Gray tones, it blends durability with visual warmth.<br>
Product Dimensions: 91 3/4""L X 64 3/4""W X 54""H<br>
Size: Queen</p>

<p>Features<br>
- Storage Bed<br>
- Wood Inlay Design<br>
- Rail Drawers on Both Sides & Footboard Drawers<br>
- Felt-lined Top Drawers<br>
- Insect Deterring Cedar Drawer & English Dovetail Construction<br>
- USB or Power Outlet & Lighting in Night Stand<br>
- Mattress Ready Included items and dimensions:<br>
- Nightstand w/ USB: color: Gray; dimensions: 26"" W x 17""D x 28"" H; feature: Transitional<br>
- Dresser: color: Gray; dimensions: 66 3 or 4"" W x 17""D x 43"" H; feature: Transitional</p>

<p>Materials: Solid Wood, Wood Veneer.<br>
Color: Gray<br>
Weight: 532.56 lbs</p>",GOODDEGG,Furniture > Furniture Sets > Bedroom Furniture Sets,Bedroom Set,"Furniture of America, Quick Ship Furniture, New Arrival, Indoor Furniture, 2026",TRUE,Size,Queen,,,,,,,,CM7302GY-Q-4PC,241565,shopify,20,deny,manual,3207,,TRUE,FALSE,,,,,,https://cdn.shopify.com/s/files/1/0268/6749/9079/files/CM7302GY-1.jpg,1,katherine-4-pc-bedroom-set,FALSE,KATHERINE 4 Pc. Bedroom Set,"Shop KATHERINE 4 Pc. Bedroom Set. Transitional style. Solid Wood, Wood Veneer build. Size: Queen. Free shipping. Buy now at GOODDEGG.",CM7302GY-1.jpg,lb,,1379,active
katherine-4-pc-bedroom-set,,,,,,,,,,,,,,,,,,,,,,,,,,,,,,,,https://cdn.shopify.com/s/files/1/0268/6749/9079/files/CM7302GY-1-Z.jpg,2,katherine-4-pc-bedroom-set,,,,,,,,
katherine-5-pc-bedroom-set-w-2ns,KATHERINE 5 Pc. Bedroom Set w/ 2NS,"<p><span style=""color:#1e73be;""><strong>FREE SHIPPING</strong></span><br>
Create a calm, coordinated retreat with KATHERINE 5 Pc. Bedroom Set w/ 2NS. Designed as a bedroom bedroom set, it pairs easily with surrounding decor. Its Transitional styling keeps the room feeling polished yet comfortable. Finished in Gray tones, the Solid Wood, Wood Veneer, build keeps the look polished and practical.<br>
Product Dimensions: 91 3/4""L X 64 3/4""W X 54""H<br>
Size: Queen</p>

<p>Features<br>
- Storage Bed<br>
- Wood Inlay Design<br>
- Rail Drawers on Both Sides & Footboard Drawers<br>
- Felt-lined Top Drawers<br>
- Insect Deterring Cedar Drawer & English Dovetail Construction<br>
- USB or Power Outlet & Lighting in Night Stand<br>
- Mattress Ready Included items and dimensions:<br>
- Nightstand w/ USB: color: Gray; dimensions: 26"" W x 17""D x 28"" H; feature: Transitional<br>
- Dresser: color: Gray; dimensions: 66 3 or 4"" W x 17""D x 43"" H; feature: Transitional</p>

<p>Materials: Solid Wood, Wood Veneer.<br>
Color: Gray<br>
Weight: 586.96 lbs</p>",GOODDEGG,Furniture > Furniture Sets > Bedroom Furniture Sets,Bedroom Set,"Furniture of America, Quick Ship Furniture, New Arrival, Indoor Furniture, 2026",TRUE,Size,Queen,,,,,,,,CM7302GY-Q-5PC-2NS,266241,shopify,20,deny,manual,3687,,TRUE,FALSE,,,,,,https://cdn.shopify.com/s/files/1/0268/6749/9079/files/CM7302GY-1.jpg,1,katherine-5-pc-bedroom-set-w-2ns,FALSE,KATHERINE 5 Pc. Bedroom Set w/ 2NS,"Shop KATHERINE 5 Pc. Bedroom Set w/ 2NS. Transitional style. Solid Wood, Wood Veneer build. Size: Queen. Free shipping. Buy now at GOODDEGG.",CM7302GY-1.jpg,lb,,1569,active
katherine-5-pc-bedroom-set-w-2ns,,,,,,,,,,,,,,,,,,,,,,,,,,,,,,,,https://cdn.shopify.com/s/files/1/0268/6749/9079/files/CM7302GY-1-Z.jpg,2,katherine-5-pc-bedroom-set-w-2ns,,,,,,,,
katherine-5-pc-bedroom-set-w-chest,KATHERINE 5 Pc. Bedroom Set w/ Chest,"<p><span style=""color:#1e73be;""><strong>FREE SHIPPING</strong></span><br>
KATHERINE 5 Pc. Bedroom Set w/ Chest completes the bedroom with a relaxed, pulled-together look. As a bedroom bedroom set, it is designed to coordinate with matching pieces. The Transitional character adds definition without feeling heavy. Built from Solid Wood, Wood Veneer, and finished in Gray tones for a clean, cohesive look.<br>
Product Dimensions: 91 3/4""L X 64 3/4""W X 54""H<br>
Size: Queen</p>

<p>Features<br>
- Storage Bed<br>
- Wood Inlay Design<br>
- Rail Drawers on Both Sides & Footboard Drawers<br>
- Felt-lined Top Drawers<br>
- Insect Deterring Cedar Drawer & English Dovetail Construction<br>
- USB or Power Outlet & Lighting in Night Stand<br>
- Mattress Ready Included items and dimensions:<br>
- Nightstand w/ USB: color: Gray; dimensions: 26"" W x 17""D x 28"" H; feature: Transitional<br>
- Dresser: color: Gray; dimensions: 66 3 or 4"" W x 17""D x 43"" H; feature: Transitional</p>

<p>Materials: Solid Wood, Wood Veneer.<br>
Color: Gray<br>
Weight: 704.06 lbs</p>",GOODDEGG,Furniture > Furniture Sets > Bedroom Furniture Sets,Bedroom Set,"Furniture of America, Quick Ship Furniture, New Arrival, Indoor Furniture, 2026",TRUE,Size,Queen,,,,,,,,CM7302GY-Q-5PC-CHEST,319356,shopify,20,deny,manual,4014,,TRUE,FALSE,,,,,,https://cdn.shopify.com/s/files/1/0268/6749/9079/files/CM7302GY-1.jpg,1,katherine-5-pc-bedroom-set-w-chest,FALSE,KATHERINE 5 Pc. Bedroom Set w/ Chest,"Shop KATHERINE 5 Pc. Bedroom Set w/ Chest. Transitional style. Solid Wood, Wood Veneer build. Size: Queen. Free shipping. Buy now at GOODDEGG.",CM7302GY-1.jpg,lb,,1699,active
katherine-5-pc-bedroom-set-w-chest,,,,,,,,,,,,,,,,,,,,,,,,,,,,,,,,https://cdn.shopify.com/s/files/1/0268/6749/9079/files/CM7302GY-1-Z.jpg,2,katherine-5-pc-bedroom-set-w-chest,,,,,,,,
kenyada-4-pc-bedroom-set,KENYADA 4 Pc. Bedroom Set,"<p><span style=""color:#1e73be;""><strong>FREE SHIPPING</strong></span><br>
KENYADA 4 Pc. Bedroom Set completes the bedroom with a relaxed, pulled-together look. As a bedroom bedroom set, it is designed to coordinate with matching pieces. The Contemporary character adds definition without feeling heavy. With Solid Wood, Engineered Wood construction and Espresso tones, it blends durability with visual warmth.<br>
Product Dimensions: BED: 58.5""W X 86.5""D X 65""H<br>
Size: Queen</p>

<p>Features<br>
- Panel Headboard and Footboard<br>
- Gold Accent Trim<br>
- English Dovetail Front and French Dovetail Back<br>
- Felt-lined Top Drawer<br>
- Full-extension Drawer Included items and dimensions:<br>
- Nightstand: color: Espresso; dimensions: 27"" W x 17""D x 26.5"" H; feature: Contemporary<br>
- Dresser: color: Espresso; dimensions: 64"" W x 18""D x 36.5"" H; feature: Contemporary</p>

<p>Materials: Solid Wood, Engineered Wood.<br>
Color: Espresso<br>
Weight: 465.4 lbs</p>",GOODDEGG,Furniture > Furniture Sets > Bedroom Furniture Sets,Bedroom Set,"Furniture of America, Quick Ship Furniture, New Arrival, Indoor Furniture, 2026",TRUE,Size,Queen,,,,,,,,FM7421ES-Q-4PC,211102,shopify,20,deny,manual,2547,,TRUE,FALSE,,,,,,https://cdn.shopify.com/s/files/1/0268/6749/9079/files/FM7421ES-1-Z.jpg,1,kenyada-4-pc-bedroom-set,FALSE,KENYADA 4 Pc. Bedroom Set,"Shop KENYADA 4 Pc. Bedroom Set. Contemporary style. Solid Wood, Engineered Wood build. Size: Queen. Free shipping. Buy now at GOODDEGG.",FM7421ES-1-Z.jpg,lb,,1149,active
kenyada-4-pc-bedroom-set,,,,,,,,,,,,,,,,,,,,,,,,,,,,,,,,https://cdn.shopify.com/s/files/1/0268/6749/9079/files/FM7421ES-4.jpg,2,kenyada-4-pc-bedroom-set,,,,,,,,
kenyada-4-pc-bedroom-set,,,,,,,,,,,,,,,,,,,,,,,,,,,,,,,,FM7421ES-3.jpg,3,kenyada-4-pc-bedroom-set,,,,,,,,
kenyada-5-pc-bedroom-set-w-2ns,KENYADA 5 Pc. Bedroom Set w/ 2NS,"<p><span style=""color:#1e73be;""><strong>FREE SHIPPING</strong></span><br>
KENYADA 5 Pc. Bedroom Set w/ 2NS brings a restful, finished feel to the bedroom. This bedroom bedroom set is made to fit naturally into the room. A Contemporary profile gives the space a refined, approachable look. Finished in Espresso tones, the Solid Wood, Engineered Wood build keeps the look polished and practical.<br>
Product Dimensions: BED: 58.5""W X 86.5""D X 65""H<br>
Size: Queen</p>

<p>Features<br>
- Panel Headboard and Footboard<br>
- Gold Accent Trim<br>
- English Dovetail Front and French Dovetail Back<br>
- Felt-lined Top Drawer<br>
- Full-extension Drawer Included items and dimensions:<br>
- Nightstand: color: Espresso; dimensions: 27"" W x 17""D x 26.5"" H; feature: Contemporary<br>
- Dresser: color: Espresso; dimensions: 64"" W x 18""D x 36.5"" H; feature: Contemporary</p>

<p>Materials: Solid Wood, Engineered Wood.<br>
Color: Espresso<br>
Weight: 522.6 lbs</p>",GOODDEGG,Furniture > Furniture Sets > Bedroom Furniture Sets,Bedroom Set,"Furniture of America, Quick Ship Furniture, New Arrival, Indoor Furniture, 2026",TRUE,Size,Queen,,,,,,,,FM7421ES-Q-5PC-2NS,237047,shopify,20,deny,manual,2967,,TRUE,FALSE,,,,,,https://cdn.shopify.com/s/files/1/0268/6749/9079/files/FM7421ES-1-Z.jpg,1,kenyada-5-pc-bedroom-set-w-2ns,FALSE,KENYADA 5 Pc. Bedroom Set w/ 2NS,"Shop KENYADA 5 Pc. Bedroom Set w/ 2NS. Contemporary style. Solid Wood, Engineered Wood build. Size: Queen. Free shipping. Buy now at GOODDEGG.",FM7421ES-1-Z.jpg,lb,,1339,active
kenyada-5-pc-bedroom-set-w-2ns,,,,,,,,,,,,,,,,,,,,,,,,,,,,,,,,https://cdn.shopify.com/s/files/1/0268/6749/9079/files/FM7421ES-4.jpg,2,kenyada-5-pc-bedroom-set-w-2ns,,,,,,,,
kenyada-5-pc-bedroom-set-w-2ns,,,,,,,,,,,,,,,,,,,,,,,,,,,,,,,,FM7421ES-3.jpg,3,kenyada-5-pc-bedroom-set-w-2ns,,,,,,,,
kenyada-5-pc-bedroom-set-w-chest,KENYADA 5 Pc. Bedroom Set w/ Chest,"<p><span style=""color:#1e73be;""><strong>FREE SHIPPING</strong></span><br>
Create a calm, coordinated retreat with KENYADA 5 Pc. Bedroom Set w/ Chest. Designed as a bedroom bedroom set, it pairs easily with surrounding decor. Its Contemporary styling keeps the room feeling polished yet comfortable. Built from Solid Wood, Engineered Wood and finished in Espresso tones for a clean, cohesive look.<br>
Product Dimensions: BED: 58.5""W X 86.5""D X 65""H<br>
Size: Queen</p>

<p>Features<br>
- Panel Headboard and Footboard<br>
- Gold Accent Trim<br>
- English Dovetail Front and French Dovetail Back<br>
- Felt-lined Top Drawer<br>
- Full-extension Drawer Included items and dimensions:<br>
- Nightstand: color: Espresso; dimensions: 27"" W x 17""D x 26.5"" H; feature: Contemporary<br>
- Dresser: color: Espresso; dimensions: 64"" W x 18""D x 36.5"" H; feature: Contemporary<br>
- Chest: color: Espresso; dimensions: 38"" W x 18""D x 51.5"" H; feature: Contemporary</p>

<p>Materials: Solid Wood, Engineered Wood.<br>
Color: Espresso<br>
Weight: 645.8 lbs</p>",GOODDEGG,Furniture > Furniture Sets > Bedroom Furniture Sets,Bedroom Set,"Furniture of America, Quick Ship Furniture, New Arrival, Indoor Furniture, 2026",TRUE,Size,Queen,,,,,,,,FM7421ES-Q-5PC-CHEST,292930,shopify,20,deny,manual,3264,,TRUE,FALSE,,,,,,https://cdn.shopify.com/s/files/1/0268/6749/9079/files/FM7421ES-1-Z.jpg,1,kenyada-5-pc-bedroom-set-w-chest,FALSE,KENYADA 5 Pc. Bedroom Set w/ Chest,"Shop KENYADA 5 Pc. Bedroom Set w/ Chest. Contemporary style. Solid Wood, Engineered Wood build. Size: Queen. Free shipping. Buy now at GOODDEGG.",FM7421ES-1-Z.jpg,lb,,1378,active
kenyada-5-pc-bedroom-set-w-chest,,,,,,,,,,,,,,,,,,,,,,,,,,,,,,,,https://cdn.shopify.com/s/files/1/0268/6749/9079/files/FM7421ES-4.jpg,2,kenyada-5-pc-bedroom-set-w-chest,,,,,,,,
kenyada-5-pc-bedroom-set-w-chest,,,,,,,,,,,,,,,,,,,,,,,,,,,,,,,,FM7421ES-3.jpg,3,kenyada-5-pc-bedroom-set-w-chest,,,,,,,,
kirkham-4-pc-bedroom-set,KIRKHAM 4 Pc. Bedroom Set,"<p><span style=""color:#1e73be;""><strong>FREE SHIPPING</strong></span><br>
Create a calm, coordinated retreat with KIRKHAM 4 Pc. Bedroom Set. Designed as a bedroom bedroom set, it pairs easily with surrounding decor. Its Transitional styling keeps the room feeling polished yet comfortable. Built from Solid Rubberwood, Okume Veneer, Engineered Wood and finished in Walnut tones for a clean, cohesive look.<br>
Product Dimensions: 63.5""W X 83.5""D X 52.5""H<br>
Size: Queen</p>

<p>Features<br>
- Metal Center Glide<br>
- English Dovetail Drawers<br>
- Zinc Iron Bronze Metal Knob<br>
- Foundation Required Included items and dimensions:<br>
- Nightstand: color: Walnut; dimensions: 23.5"" W x 15""D x 23"" H; feature: Transitional<br>
- Drawer Dresser 7: color: Walnut; dimensions: 59"" W x 16.5""D x 35"" H; feature: Transitional</p>

<p>Materials: Solid Rubberwood, Okume Veneer, Engineered Wood.<br>
Color: Walnut<br>
Weight: 341.51 lbs</p>",GOODDEGG,Furniture > Furniture Sets > Bedroom Furniture Sets,Bedroom Set,"Furniture of America, Quick Ship Furniture, New Arrival, Indoor Furniture, 2026",TRUE,Size,Queen,,,,,,,,FM7213WN-Q-4PC,154906,shopify,20,deny,manual,1587,,TRUE,FALSE,,,,,,https://cdn.shopify.com/s/files/1/0268/6749/9079/files/FM7213WN-1-Z.jpg,1,kirkham-4-pc-bedroom-set,FALSE,KIRKHAM 4 Pc. Bedroom Set,"Shop KIRKHAM 4 Pc. Bedroom Set. Transitional style. Solid Rubberwood, Okume Veneer build. Size: Queen. Free shipping. Buy now at GOODDEGG.",FM7213WN-1-Z.jpg,lb,,749,active
kirkham-4-pc-bedroom-set,,,,,,,,,,,,,,,,,,,,,,,,,,,,,,,,https://cdn.shopify.com/s/files/1/0268/6749/9079/files/FM7213WN-2.jpg,2,kirkham-4-pc-bedroom-set,,,,,,,,
kirkham-4-pc-bedroom-set,,,,,,,,,,,,,,,,,,,,,,,,,,,,,,,,https://cdn.shopify.com/s/files/1/0268/6749/9079/files/FM7213WN-3.jpg,3,kirkham-4-pc-bedroom-set,,,,,,,,
kirkham-5-pc-bedroom-set-w-2ns,KIRKHAM 5 Pc. Bedroom Set w/ 2NS,"<p><span style=""color:#1e73be;""><strong>FREE SHIPPING</strong></span><br>
KIRKHAM 5 Pc. Bedroom Set w/ 2NS completes the bedroom with a relaxed, pulled-together look. As a bedroom bedroom set, it is designed to coordinate with matching pieces. The Transitional character adds definition without feeling heavy. Crafted with Solid Rubberwood, Okume Veneer, Engineered Wood, then finished in Walnut tones to suit a range of interiors.<br>
Product Dimensions: 63.5""W X 83.5""D X 52.5""H<br>
Size: Queen</p>

<p>Features<br>
- Metal Center Glide<br>
- English Dovetail Drawers<br>
- Zinc Iron Bronze Metal Knob<br>
- Foundation Required Included items and dimensions:<br>
- Nightstand: color: Walnut; dimensions: 23.5"" W x 15""D x 23"" H; feature: Transitional<br>
- Drawer Dresser 7: color: Walnut; dimensions: 59"" W x 16.5""D x 35"" H; feature: Transitional</p>

<p>Materials: Solid Rubberwood, Okume Veneer, Engineered Wood.<br>
Color: Walnut<br>
Weight: 383.38 lbs</p>",GOODDEGG,Furniture > Furniture Sets > Bedroom Furniture Sets,Bedroom Set,"Furniture of America, Quick Ship Furniture, New Arrival, Indoor Furniture, 2026",TRUE,Size,Queen,,,,,,,,FM7213WN-Q-5PC-2NS,173898,shopify,20,deny,manual,1827,,TRUE,FALSE,,,,,,https://cdn.shopify.com/s/files/1/0268/6749/9079/files/FM7213WN-1-Z.jpg,1,kirkham-5-pc-bedroom-set-w-2ns,FALSE,KIRKHAM 5 Pc. Bedroom Set w/ 2NS,"Shop KIRKHAM 5 Pc. Bedroom Set w/ 2NS. Transitional style. Solid Rubberwood, Okume Veneer build. Size: Queen. Free shipping. Buy now at GOODDEGG.",FM7213WN-1-Z.jpg,lb,,889,active
kirkham-5-pc-bedroom-set-w-2ns,,,,,,,,,,,,,,,,,,,,,,,,,,,,,,,,https://cdn.shopify.com/s/files/1/0268/6749/9079/files/FM7213WN-2.jpg,2,kirkham-5-pc-bedroom-set-w-2ns,,,,,,,,
kirkham-5-pc-bedroom-set-w-2ns,,,,,,,,,,,,,,,,,,,,,,,,,,,,,,,,https://cdn.shopify.com/s/files/1/0268/6749/9079/files/FM7213WN-3.jpg,3,kirkham-5-pc-bedroom-set-w-2ns,,,,,,,,
kirkham-5-pc-bedroom-set-w-chest,KIRKHAM 5 Pc. Bedroom Set w/ Chest,"<p><span style=""color:#1e73be;""><strong>FREE SHIPPING</strong></span><br>
KIRKHAM 5 Pc. Bedroom Set w/ Chest brings a restful, finished feel to the bedroom. This bedroom bedroom set is made to fit naturally into the room. A Transitional profile gives the space a refined, approachable look. With Solid Rubberwood, Okume Veneer, Engineered Wood construction and Walnut tones, it blends durability with visual warmth.<br>
Product Dimensions: 63.5""W X 83.5""D X 52.5""H<br>
Size: Queen</p>

<p>Features<br>
- Metal Center Glide<br>
- English Dovetail Drawers<br>
- Zinc Iron Bronze Metal Knob<br>
- Foundation Required Included items and dimensions:<br>
- Nightstand: color: Walnut; dimensions: 23.5"" W x 15""D x 23"" H; feature: Transitional<br>
- Drawer Dresser 7: color: Walnut; dimensions: 59"" W x 16.5""D x 35"" H; feature: Transitional<br>
- Chest: color: Walnut; dimensions: 32"" W x 16.5""D x 47"" H; feature: Transitional</p>

<p>Materials: Solid Rubberwood, Okume Veneer, Engineered Wood.<br>
Color: Walnut<br>
Weight: 477.02 lbs</p>",GOODDEGG,Furniture > Furniture Sets > Bedroom Furniture Sets,Bedroom Set,"Furniture of America, Quick Ship Furniture, New Arrival, Indoor Furniture, 2026",TRUE,Size,Queen,,,,,,,,FM7213WN-Q-5PC-CHEST,216373,shopify,20,deny,manual,2214,,TRUE,FALSE,,,,,,https://cdn.shopify.com/s/files/1/0268/6749/9079/files/FM7213WN-1-Z.jpg,1,kirkham-5-pc-bedroom-set-w-chest,FALSE,KIRKHAM 5 Pc. Bedroom Set w/ Chest,"Shop KIRKHAM 5 Pc. Bedroom Set w/ Chest. Transitional style. Solid Rubberwood, Okume Veneer build. Size: Queen. Free shipping. Buy now at GOODDEGG.",FM7213WN-1-Z.jpg,lb,,1018,active
kirkham-5-pc-bedroom-set-w-chest,,,,,,,,,,,,,,,,,,,,,,,,,,,,,,,,https://cdn.shopify.com/s/files/1/0268/6749/9079/files/FM7213WN-2.jpg,2,kirkham-5-pc-bedroom-set-w-chest,,,,,,,,
kirkham-5-pc-bedroom-set-w-chest,,,,,,,,,,,,,,,,,,,,,,,,,,,,,,,,https://cdn.shopify.com/s/files/1/0268/6749/9079/files/FM7213WN-3.jpg,3,kirkham-5-pc-bedroom-set-w-chest,,,,,,,,
lafayette-4-pc-bedroom-set,LAFAYETTE 4 Pc. Bedroom Set,"<p><span style=""color:#1e73be;""><strong>FREE SHIPPING</strong></span><br>
LAFAYETTE 4 Pc. Bedroom Set brings a restful, finished feel to the bedroom. This bedroom bedroom set is made to fit naturally into the room. A Transitional profile gives the space a refined, approachable look. Built from Solid Rubberwood, Oak Veneer, Engineered Wood, Fabric, Metal, Other and finished in Weathered Gray tones for a clean, cohesive look.<br>
Product Dimensions: 63.5""W X 88""D X 64""H<br>
Size: Queen</p>

<p>Features<br>
- LED on Headboard<br>
- Felt-Lined Top Drawers<br>
- UV-Stained Lower Drawers<br>
- Ball-Bearing Glide<br>
- French Front & English Back Dovetail Drawers<br>
- Stainless Steal Posts<br>
- Marble Top on Nightstand<br>
- Linear Metal Handles<br>
- Foundation Required Included items and dimensions:<br>
- Nightstand w/ Marble Top: color: Weathered Gray; dimensions: 28"" W x 17""D x 29"" H; feature: Transitional<br>
- Dresser: color: Weathered Gray; dimensions: 66"" W x 18""D x 38"" H; feature: Transitional</p>

<p>Materials: Solid Rubberwood, Oak Veneer, Engineered Wood, Fabric, Metal, Other.<br>
Color: Weathered Gray<br>
Weight: 547.64 lbs</p>",GOODDEGG,Furniture > Furniture Sets > Bedroom Furniture Sets,Bedroom Set,"Furniture of America, Quick Ship Furniture, New Arrival, Indoor Furniture, 2026",TRUE,Size,Queen,,,,,,,,FM71501GY-Q-4PC,248405,shopify,20,deny,manual,3177,,TRUE,FALSE,,,,,,https://cdn.shopify.com/s/files/1/0268/6749/9079/files/FM71501GY-1-Z.jpg,1,lafayette-4-pc-bedroom-set,FALSE,LAFAYETTE 4 Pc. Bedroom Set,"Shop LAFAYETTE 4 Pc. Bedroom Set. Transitional style. Solid Rubberwood, Oak Veneer build. Size: Queen. Free shipping. Buy now at GOODDEGG.",FM71501GY-1-Z.jpg,lb,,1379,active
lafayette-4-pc-bedroom-set,,,,,,,,,,,,,,,,,,,,,,,,,,,,,,,,https://cdn.shopify.com/s/files/1/0268/6749/9079/files/FM71501GY-2.jpg,2,lafayette-4-pc-bedroom-set,,,,,,,,
lafayette-5-pc-bedroom-set-w-2ns,LAFAYETTE 5 Pc. Bedroom Set w/ 2NS,"<p><span style=""color:#1e73be;""><strong>FREE SHIPPING</strong></span><br>
Create a calm, coordinated retreat with LAFAYETTE 5 Pc. Bedroom Set w/ 2NS. Designed as a bedroom bedroom set, it pairs easily with surrounding decor. Its Transitional styling keeps the room feeling polished yet comfortable. Crafted with Solid Rubberwood, Oak Veneer, Engineered Wood, Fabric, Metal, Other, then finished in Weathered Gray tones to suit a range of interiors.<br>
Product Dimensions: 63.5""W X 88""D X 64""H<br>
Size: Queen</p>

<p>Features<br>
- LED on Headboard<br>
- Felt-Lined Top Drawers<br>
- UV-Stained Lower Drawers<br>
- Ball-Bearing Glide<br>
- French Front & English Back Dovetail Drawers<br>
- Stainless Steal Posts<br>
- Marble Top on Nightstand<br>
- Linear Metal Handles<br>
- Foundation Required Included items and dimensions:<br>
- Nightstand w/ Marble Top: color: Weathered Gray; dimensions: 28"" W x 17""D x 29"" H; feature: Transitional<br>
- Dresser: color: Weathered Gray; dimensions: 66"" W x 18""D x 38"" H; feature: Transitional</p>

<p>Materials: Solid Rubberwood, Oak Veneer, Engineered Wood, Fabric, Metal, Other.<br>
Color: Weathered Gray<br>
Weight: 653.1 lbs</p>",GOODDEGG,Furniture > Furniture Sets > Bedroom Furniture Sets,Bedroom Set,"Furniture of America, Quick Ship Furniture, New Arrival, Indoor Furniture, 2026",TRUE,Size,Queen,,,,,,,,FM71501GY-Q-5PC-2NS,296241,shopify,20,deny,manual,3807,,TRUE,FALSE,,,,,,https://cdn.shopify.com/s/files/1/0268/6749/9079/files/FM71501GY-1-Z.jpg,1,lafayette-5-pc-bedroom-set-w-2ns,FALSE,LAFAYETTE 5 Pc. Bedroom Set w/ 2NS,"Shop LAFAYETTE 5 Pc. Bedroom Set w/ 2NS. Transitional style. Solid Rubberwood, Oak Veneer build. Size: Queen. Free shipping. Buy now at GOODDEGG.",FM71501GY-1-Z.jpg,lb,,1639,active
lafayette-5-pc-bedroom-set-w-2ns,,,,,,,,,,,,,,,,,,,,,,,,,,,,,,,,https://cdn.shopify.com/s/files/1/0268/6749/9079/files/FM71501GY-2.jpg,2,lafayette-5-pc-bedroom-set-w-2ns,,,,,,,,
lafayette-5-pc-bedroom-set-w-chest,LAFAYETTE 5 Pc. Bedroom Set w/ Chest,"<p><span style=""color:#1e73be;""><strong>FREE SHIPPING</strong></span><br>
LAFAYETTE 5 Pc. Bedroom Set w/ Chest completes the bedroom with a relaxed, pulled-together look. As a bedroom bedroom set, it is designed to coordinate with matching pieces. The Transitional character adds definition without feeling heavy. With Solid Rubberwood, Oak Veneer, Engineered Wood, Fabric, Metal, Other construction and Weathered Gray tones, it blends durability with visual warmth.<br>
Product Dimensions: 63.5""W X 88""D X 64""H<br>
Size: Queen</p>

<p>Features<br>
- LED on Headboard<br>
- Felt-Lined Top Drawers<br>
- UV-Stained Lower Drawers<br>
- Ball-Bearing Glide<br>
- French Front & English Back Dovetail Drawers<br>
- Stainless Steal Posts<br>
- Marble Top on Nightstand<br>
- Linear Metal Handles<br>
- Foundation Required Included items and dimensions:<br>
- Nightstand w/ Marble Top: color: Weathered Gray; dimensions: 28"" W x 17""D x 29"" H; feature: Transitional<br>
- Dresser: color: Weathered Gray; dimensions: 66"" W x 18""D x 38"" H; feature: Transitional<br>
- Chest: color: Weathered Gray; dimensions: 42"" W x 18""D x 54"" H; feature: Transitional</p>

<p>Materials: Solid Rubberwood, Oak Veneer, Engineered Wood, Fabric, Metal, Other.<br>
Color: Weathered Gray<br>
Weight: 750.61 lbs</p>",GOODDEGG,Furniture > Furniture Sets > Bedroom Furniture Sets,Bedroom Set,"Furniture of America, Quick Ship Furniture, New Arrival, Indoor Furniture, 2026",TRUE,Size,Queen,,,,,,,,FM71501GY-Q-5PC-C,340471,shopify,20,deny,manual,4254,,TRUE,FALSE,,,,,,https://cdn.shopify.com/s/files/1/0268/6749/9079/files/FM71501GY-1-Z.jpg,1,lafayette-5-pc-bedroom-set-w-chest,FALSE,LAFAYETTE 5 Pc. Bedroom Set w/ Chest,"Shop LAFAYETTE 5 Pc. Bedroom Set w/ Chest. Transitional style. Solid Rubberwood, Oak Veneer build. Size: Queen. Free shipping. Buy now at GOODDEGG.",FM71501GY-1-Z.jpg,lb,,1858,active
lafayette-5-pc-bedroom-set-w-chest,,,,,,,,,,,,,,,,,,,,,,,,,,,,,,,,https://cdn.shopify.com/s/files/1/0268/6749/9079/files/FM71501GY-2.jpg,2,lafayette-5-pc-bedroom-set-w-chest,,,,,,,,
latimer-4-pc-bedroom-set,LATIMER 4 Pc. Bedroom Set,"<p><span style=""color:#1e73be;""><strong>FREE SHIPPING</strong></span><br>
Create a calm, coordinated retreat with LATIMER 4 Pc. Bedroom Set. Designed as a bedroom bedroom set, it pairs easily with surrounding decor. Its Contemporary styling keeps the room feeling polished yet comfortable. Crafted with Melamine Paper, Engineered Wood, Metal, then finished in Black tones to suit a range of interiors.<br>
Product Dimensions: 62.5""W X 84""D X 54""H<br>
Size: Queen</p>

<p>Features<br>
- LED on Headboard<br>
- Gold Trim & Gold Metal Bracket Legs<br>
- Square Pulls<br>
- Center Glide Drawers<br>
- English Dovetail Construction<br>
- Foundation Required Included items and dimensions:<br>
- Nightstand: color: Black; dimensions: 24"" W x 16""D x 24"" H; feature: Contemporary<br>
- Dresser: color: Black; dimensions: 59"" W x 16""D x 33"" H; feature: Contemporary</p>

<p>Materials: Melamine Paper, Engineered Wood, Metal.<br>
Color: Black<br>
Weight: 352.16 lbs</p>",GOODDEGG,Furniture > Furniture Sets > Bedroom Furniture Sets,Bedroom Set,"Furniture of America, Quick Ship Furniture, New Arrival, Indoor Furniture, 2026",TRUE,Size,Queen,,,,,,,,FM7270BK-Q-4PC,159737,shopify,20,deny,manual,1527,,TRUE,FALSE,,,,,,https://cdn.shopify.com/s/files/1/0268/6749/9079/files/FM7270BK-1-Z.jpg,1,latimer-4-pc-bedroom-set,FALSE,LATIMER 4 Pc. Bedroom Set,"Shop LATIMER 4 Pc. Bedroom Set. Contemporary style. Melamine Paper, Engineered Wood build. Size: Queen. Free shipping. Buy now at GOODDEGG.",FM7270BK-1-Z.jpg,lb,,659,active
latimer-4-pc-bedroom-set,,,,,,,,,,,,,,,,,,,,,,,,,,,,,,,,https://cdn.shopify.com/s/files/1/0268/6749/9079/files/FM7270BK-2.jpg,2,latimer-4-pc-bedroom-set,,,,,,,,
latimer-4-pc-bedroom-set,,,,,,,,,,,,,,,,,,,,,,,,,,,,,,,,https://cdn.shopify.com/s/files/1/0268/6749/9079/files/FM7270BK-3.jpg,3,latimer-4-pc-bedroom-set,,,,,,,,
latimer-4-pc-bedroom-set,,,,,,,,,,,,,,,,,,,,,,,,,,,,,,,,https://cdn.shopify.com/s/files/1/0268/6749/9079/files/FM7270BK-4.jpg,4,latimer-4-pc-bedroom-set,,,,,,,,
latimer-4-pc-bedroom-set,,,,,,,,,,,,,,,,,,,,,,,,,,,,,,,,https://cdn.shopify.com/s/files/1/0268/6749/9079/files/FM7270BK-D-2.jpg,5,latimer-4-pc-bedroom-set,,,,,,,,
latimer-4-pc-bedroom-set,,,,,,,,,,,,,,,,,,,,,,,,,,,,,,,,https://cdn.shopify.com/s/files/1/0268/6749/9079/files/FM7270BK-D-3.jpg,6,latimer-4-pc-bedroom-set,,,,,,,,
latimer-5-pc-bedroom-set-w-2ns,LATIMER 5 Pc. Bedroom Set w/ 2NS,"<p><span style=""color:#1e73be;""><strong>FREE SHIPPING</strong></span><br>
LATIMER 5 Pc. Bedroom Set w/ 2NS completes the bedroom with a relaxed, pulled-together look. As a bedroom bedroom set, it is designed to coordinate with matching pieces. The Contemporary character adds definition without feeling heavy. With Melamine Paper, Engineered Wood, Metal construction and Black tones, it blends durability with visual warmth.<br>
Product Dimensions: 62.5""W X 84""D X 54""H<br>
Size: Queen</p>

<p>Features<br>
- LED on Headboard<br>
- Gold Trim & Gold Metal Bracket Legs<br>
- Square Pulls<br>
- Center Glide Drawers<br>
- English Dovetail Construction<br>
- Foundation Required Included items and dimensions:<br>
- Nightstand: color: Black; dimensions: 24"" W x 16""D x 24"" H; feature: Contemporary<br>
- Dresser: color: Black; dimensions: 59"" W x 16""D x 33"" H; feature: Contemporary</p>

<p>Materials: Melamine Paper, Engineered Wood, Metal.<br>
Color: Black<br>
Weight: 394.14 lbs</p>",GOODDEGG,Furniture > Furniture Sets > Bedroom Furniture Sets,Bedroom Set,"Furniture of America, Quick Ship Furniture, New Arrival, Indoor Furniture, 2026",TRUE,Size,Queen,,,,,,,,FM7270BK-Q-5PC-2NS,178779,shopify,20,deny,manual,1797,,TRUE,FALSE,,,,,,https://cdn.shopify.com/s/files/1/0268/6749/9079/files/FM7270BK-1-Z.jpg,1,latimer-5-pc-bedroom-set-w-2ns,FALSE,LATIMER 5 Pc. Bedroom Set w/ 2NS,"Shop LATIMER 5 Pc. Bedroom Set w/ 2NS. Contemporary style. Melamine Paper, Engineered Wood build. Size: Queen. Free shipping. Buy now at GOODDEGG.",FM7270BK-1-Z.jpg,lb,,779,active
latimer-5-pc-bedroom-set-w-2ns,,,,,,,,,,,,,,,,,,,,,,,,,,,,,,,,https://cdn.shopify.com/s/files/1/0268/6749/9079/files/FM7270BK-2.jpg,2,latimer-5-pc-bedroom-set-w-2ns,,,,,,,,
latimer-5-pc-bedroom-set-w-2ns,,,,,,,,,,,,,,,,,,,,,,,,,,,,,,,,https://cdn.shopify.com/s/files/1/0268/6749/9079/files/FM7270BK-3.jpg,3,latimer-5-pc-bedroom-set-w-2ns,,,,,,,,
latimer-5-pc-bedroom-set-w-2ns,,,,,,,,,,,,,,,,,,,,,,,,,,,,,,,,https://cdn.shopify.com/s/files/1/0268/6749/9079/files/FM7270BK-4.jpg,4,latimer-5-pc-bedroom-set-w-2ns,,,,,,,,
latimer-5-pc-bedroom-set-w-2ns,,,,,,,,,,,,,,,,,,,,,,,,,,,,,,,,https://cdn.shopify.com/s/files/1/0268/6749/9079/files/FM7270BK-D-2.jpg,5,latimer-5-pc-bedroom-set-w-2ns,,,,,,,,
latimer-5-pc-bedroom-set-w-2ns,,,,,,,,,,,,,,,,,,,,,,,,,,,,,,,,https://cdn.shopify.com/s/files/1/0268/6749/9079/files/FM7270BK-D-3.jpg,6,latimer-5-pc-bedroom-set-w-2ns,,,,,,,,
latimer-5-pc-bedroom-set-w-chest,LATIMER 5 Pc. Bedroom Set w/ Chest,"<p><span style=""color:#1e73be;""><strong>FREE SHIPPING</strong></span><br>
LATIMER 5 Pc. Bedroom Set w/ Chest brings a restful, finished feel to the bedroom. This bedroom bedroom set is made to fit naturally into the room. A Contemporary profile gives the space a refined, approachable look. Finished in Black tones, the Melamine Paper, Engineered Wood, Metal build keeps the look polished and practical.<br>
Product Dimensions: 62.5""W X 84""D X 54""H<br>
Size: Queen</p>

<p>Features<br>
- LED on Headboard<br>
- Gold Trim & Gold Metal Bracket Legs<br>
- Square Pulls<br>
- Center Glide Drawers<br>
- English Dovetail Construction<br>
- Foundation Required Included items and dimensions:<br>
- Nightstand: color: Black; dimensions: 24"" W x 16""D x 24"" H; feature: Contemporary<br>
- Dresser: color: Black; dimensions: 59"" W x 16""D x 33"" H; feature: Contemporary<br>
- Chest: color: Black; dimensions: 36"" W x 16""D x 52"" H; feature: Contemporary</p>

<p>Materials: Melamine Paper, Engineered Wood, Metal.<br>
Color: Black<br>
Weight: 512.61 lbs</p>",GOODDEGG,Furniture > Furniture Sets > Bedroom Furniture Sets,Bedroom Set,"Furniture of America, Quick Ship Furniture, New Arrival, Indoor Furniture, 2026",TRUE,Size,Queen,,,,,,,,FM7270BK-Q-5PC-CHEST,232516,shopify,20,deny,manual,2124,,TRUE,FALSE,,,,,,https://cdn.shopify.com/s/files/1/0268/6749/9079/files/FM7270BK-1-Z.jpg,1,latimer-5-pc-bedroom-set-w-chest,FALSE,LATIMER 5 Pc. Bedroom Set w/ Chest,"Shop LATIMER 5 Pc. Bedroom Set w/ Chest. Contemporary style. Melamine Paper, Engineered Wood build. Size: Queen. Free shipping. Buy now at GOODDEGG.",FM7270BK-1-Z.jpg,lb,,948,active
latimer-5-pc-bedroom-set-w-chest,,,,,,,,,,,,,,,,,,,,,,,,,,,,,,,,https://cdn.shopify.com/s/files/1/0268/6749/9079/files/FM7270BK-2.jpg,2,latimer-5-pc-bedroom-set-w-chest,,,,,,,,
latimer-5-pc-bedroom-set-w-chest,,,,,,,,,,,,,,,,,,,,,,,,,,,,,,,,https://cdn.shopify.com/s/files/1/0268/6749/9079/files/FM7270BK-3.jpg,3,latimer-5-pc-bedroom-set-w-chest,,,,,,,,
latimer-5-pc-bedroom-set-w-chest,,,,,,,,,,,,,,,,,,,,,,,,,,,,,,,,https://cdn.shopify.com/s/files/1/0268/6749/9079/files/FM7270BK-4.jpg,4,latimer-5-pc-bedroom-set-w-chest,,,,,,,,
latimer-5-pc-bedroom-set-w-chest,,,,,,,,,,,,,,,,,,,,,,,,,,,,,,,,https://cdn.shopify.com/s/files/1/0268/6749/9079/files/FM7270BK-D-2.jpg,5,latimer-5-pc-bedroom-set-w-chest,,,,,,,,
latimer-5-pc-bedroom-set-w-chest,,,,,,,,,,,,,,,,,,,,,,,,,,,,,,,,https://cdn.shopify.com/s/files/1/0268/6749/9079/files/FM7270BK-D-3.jpg,6,latimer-5-pc-bedroom-set-w-chest,,,,,,,,
lennart-4-pc-bedroom-set,LENNART 4 Pc. Bedroom Set,"<p><span style=""color:#1e73be;""><strong>FREE SHIPPING</strong></span><br>
Elevate your space with LENNART, styled in Mid-Century Modern and designed for everyday comfort.<br>
This bedroom bedroom set is made to fit naturally into the room. With Solid Wood, Wood Veneer, Engineered Wood and Oak or Gray tones, it blends structure and softness in one clean profile.<br>
Product Dimensions: 86 1/2&quot;L X 64 1/2&quot;W X 48&quot;H<br>
Size: Queen</p>

<p>Features<br>
- Solid Wood<br>
- Wood Veneer<br>
- Engineered Wood<br>
- Round Tapered Legs<br>
- Recessed Drawer Handles<br>
- Optional Stand-alone Oval Mirror<br>
- Slat Kit Included<br>
<strong>Variant Details</strong><br>
- <strong>Size: Queen | Color: Oak | Dimensions: 86 1/2&quot;L X 64 1/2&quot;W X 48&quot;H | Weight: 406.5 lbs | Volume: 42.4 cuft</strong><br>
- <strong>Size: Queen | Color: Gray | Dimensions: 86 1/2&quot;L X 64 1/2&quot;W X 48&quot;H | Weight: 352.5 lbs | Volume: 42.1 cuft</strong><br>
</p>

<p>Materials: Solid Wood, Wood Veneer, Engineered Wood.<br>
Color: Oak or Gray<br>
Weight: 352.5 - 406.5 lbs</p>",GOODDEGG,Furniture > Furniture Sets > Bedroom Furniture Sets,Bedroom Set,"Furniture of America, Quick Ship Furniture, New Arrival, Indoor Furniture, 2026",TRUE,Color,Oak,,,,,,,,CM7386A-Q-4PC,184385,shopify,20,deny,manual,1947,,TRUE,FALSE,,,,,,https://cdn.shopify.com/s/files/1/0268/6749/9079/files/CM7386A-M-Z.jpg,1,lennart-4-pc-bedroom-set,FALSE,LENNART 4 Pc. Bedroom Set,"Shop LENNART 4 Pc. Bedroom Set. Mid-Century Modern style. Solid Wood, Wood Veneer build. Multiple colors available. Free shipping. Buy now at GOODDEGG.",CM7386A-M-Z.jpg,lb,,799,active
lennart-4-pc-bedroom-set,,,,,,,,,Gray,,,,,,,,CM7386GY-Q-4PC,159891,shopify,20,deny,manual,1947,,TRUE,FALSE,,,,,,https://cdn.shopify.com/s/files/1/0268/6749/9079/files/CM7386GY-M-Z.jpg,2,lennart-4-pc-bedroom-set,,,,CM7386GY-M-Z.jpg,lb,,799,
lennart-4-pc-bedroom-set,,,,,,,,,,,,,,,,,,,,,,,,,,,,,,,,https://cdn.shopify.com/s/files/1/0268/6749/9079/files/CM7386GY-WB.jpg,3,lennart-4-pc-bedroom-set,,,,,,,,
lennart-4-pc-bedroom-set,,,,,,,,,,,,,,,,,,,,,,,,,,,,,,,,https://cdn.shopify.com/s/files/1/0268/6749/9079/files/CM7386GY-MO-Z.jpg,4,lennart-4-pc-bedroom-set,,,,,,,,
lennart-4-pc-bedroom-set,,,,,,,,,,,,,,,,,,,,,,,,,,,,,,,,https://cdn.shopify.com/s/files/1/0268/6749/9079/files/CM7386GY-T-WB.jpg,5,lennart-4-pc-bedroom-set,,,,,,,,
lennart-4-pc-bedroom-set,,,,,,,,,,,,,,,,,,,,,,,,,,,,,,,,https://cdn.shopify.com/s/files/1/0268/6749/9079/files/CM7386GY-MO-1.jpg,6,lennart-4-pc-bedroom-set,,,,,,,,
lennart-5-pc-bedroom-set-w-2ns,LENNART 5 Pc. Bedroom Set w/2NS,"<p><span style=""color:#1e73be;""><strong>FREE SHIPPING</strong></span><br>
Elevate your space with LENNART, styled in Mid-Century Modern and designed for everyday comfort.<br>
This bedroom bedroom set is made to fit naturally into the room. With Solid Wood, Wood Veneer, Engineered Wood and Oak or Gray tones, it blends structure and softness in one clean profile.<br>
Product Dimensions: 86 1/2&quot;L X 64 1/2&quot;W X 48&quot;H<br>
Size: Queen</p>

<p>Features<br>
- Solid Wood<br>
- Wood Veneer<br>
- Engineered Wood<br>
- Round Tapered Legs<br>
- Recessed Drawer Handles<br>
- Optional Stand-alone Oval Mirror<br>
- Slat Kit Included<br>
<strong>Variant Details</strong><br>
- <strong>Size: Queen | Color: Oak | Dimensions: 86 1/2&quot;L X 64 1/2&quot;W X 48&quot;H | Weight: 459.4 lbs | Volume: 48.4 cuft</strong><br>
- <strong>Size: Queen | Color: Gray | Dimensions: 86 1/2&quot;L X 64 1/2&quot;W X 48&quot;H | Weight: 405.4 lbs | Volume: 48.1 cuft</strong><br>
</p>

<p>Materials: Solid Wood, Wood Veneer, Engineered Wood.<br>
Color: Oak or Gray<br>
Weight: 405.4 - 459.4 lbs</p>",GOODDEGG,Furniture > Furniture Sets > Bedroom Furniture Sets,Bedroom Set,"Furniture of America, Quick Ship Furniture, New Arrival, Indoor Furniture, 2026",TRUE,Color,Oak,,,,,,,,CM7386A-Q-5PC-2NS,208380,shopify,20,deny,manual,2217,,TRUE,FALSE,,,,,,https://cdn.shopify.com/s/files/1/0268/6749/9079/files/CM7386A-M-Z.jpg,1,lennart-5-pc-bedroom-set-w-2ns,FALSE,LENNART 5 Pc. Bedroom Set w/2NS,"Shop LENNART 5 Pc. Bedroom Set w/2NS. Mid-Century Modern style. Solid Wood, Wood Veneer build. Multiple colors available. Free shipping. Buy now at GOODDEGG.",CM7386A-M-Z.jpg,lb,,919,active
lennart-5-pc-bedroom-set-w-2ns,,,,,,,,,Gray,,,,,,,,CM7386GY-Q-5PC-2NS,183886,shopify,20,deny,manual,2217,,TRUE,FALSE,,,,,,https://cdn.shopify.com/s/files/1/0268/6749/9079/files/CM7386GY-M-Z.jpg,2,lennart-5-pc-bedroom-set-w-2ns,,,,CM7386GY-M-Z.jpg,lb,,919,
lennart-5-pc-bedroom-set-w-2ns,,,,,,,,,,,,,,,,,,,,,,,,,,,,,,,,https://cdn.shopify.com/s/files/1/0268/6749/9079/files/CM7386GY-WB.jpg,3,lennart-5-pc-bedroom-set-w-2ns,,,,,,,,
lennart-5-pc-bedroom-set-w-chest,LENNART 5 Pc. Bedroom Set w/Chest,"<p><span style=""color:#1e73be;""><strong>FREE SHIPPING</strong></span><br>
Elevate your space with LENNART, styled in Mid-Century Modern and designed for everyday comfort.<br>
This bedroom bedroom set is made to fit naturally into the room. With Solid Wood, Wood Veneer, Engineered Wood and Oak or Gray tones, it blends structure and softness in one clean profile.<br>
Product Dimensions: 86 1/2&quot;L X 64 1/2&quot;W X 48&quot;H<br>
Size: Queen</p>

<p>Features<br>
- Solid Wood<br>
- Wood Veneer<br>
- Engineered Wood<br>
- Round Tapered Legs<br>
- Recessed Drawer Handles<br>
- Optional Stand-alone Oval Mirror<br>
- Slat Kit Included<br>
<strong>Variant Details</strong><br>
- <strong>Size: Queen | Color: Oak | Dimensions: 86 1/2&quot;L X 64 1/2&quot;W X 48&quot;H | Weight: 574 lbs | Volume: 60.9 cuft</strong><br>
- <strong>Size: Queen | Color: Gray | Dimensions: 86 1/2&quot;L X 64 1/2&quot;W X 48&quot;H | Weight: 524.4 lbs | Volume: 61.2 cuft</strong><br>
</p>

<p>Materials: Solid Wood, Wood Veneer, Engineered Wood.<br>
Color: Oak or Gray<br>
Weight: 524.4 - 574 lbs</p>",GOODDEGG,Furniture > Furniture Sets > Bedroom Furniture Sets,Bedroom Set,"Furniture of America, Quick Ship Furniture, New Arrival, Indoor Furniture, 2026",TRUE,Color,Oak,,,,,,,,CM7386A-Q-5PC-CHEST,260362,shopify,20,deny,manual,2664,,TRUE,FALSE,,,,,,https://cdn.shopify.com/s/files/1/0268/6749/9079/files/CM7386A-M-Z.jpg,1,lennart-5-pc-bedroom-set-w-chest,FALSE,LENNART 5 Pc. Bedroom Set w/Chest,"Shop LENNART 5 Pc. Bedroom Set w/Chest. Mid-Century Modern style. Solid Wood, Wood Veneer build. Multiple colors available. Free shipping. Buy now at GOODDEGG.",CM7386A-M-Z.jpg,lb,,1098,active
lennart-5-pc-bedroom-set-w-chest,,,,,,,,,Gray,,,,,,,,CM7386GY-Q-5PC-CHEST,237864,shopify,20,deny,manual,2664,,TRUE,FALSE,,,,,,https://cdn.shopify.com/s/files/1/0268/6749/9079/files/CM7386GY-M-Z.jpg,2,lennart-5-pc-bedroom-set-w-chest,,,,CM7386GY-M-Z.jpg,lb,,1098,
lennart-5-pc-bedroom-set-w-chest,,,,,,,,,,,,,,,,,,,,,,,,,,,,,,,,https://cdn.shopify.com/s/files/1/0268/6749/9079/files/CM7386GY-WB.jpg,3,lennart-5-pc-bedroom-set-w-chest,,,,,,,,
lennart-5-pc-bedroom-set-w-chest,,,,,,,,,,,,,,,,,,,,,,,,,,,,,,,,https://cdn.shopify.com/s/files/1/0268/6749/9079/files/CM7386GY-MO-Z.jpg,4,lennart-5-pc-bedroom-set-w-chest,,,,,,,,
lennart-5-pc-bedroom-set-w-chest,,,,,,,,,,,,,,,,,,,,,,,,,,,,,,,,https://cdn.shopify.com/s/files/1/0268/6749/9079/files/CM7386GY-T-WB.jpg,5,lennart-5-pc-bedroom-set-w-chest,,,,,,,,
lennart-5-pc-bedroom-set-w-chest,,,,,,,,,,,,,,,,,,,,,,,,,,,,,,,,https://cdn.shopify.com/s/files/1/0268/6749/9079/files/CM7386GY-MO-1.jpg,6,lennart-5-pc-bedroom-set-w-chest,,,,,,,,
lennart-ii-4-pc-bedroom-set,LENNART II 4 Pc. Bedroom Set,"<p><span style=""color:#1e73be;""><strong>FREE SHIPPING</strong></span><br>
Elevate your space with LENNART II, styled in Mid-Century Modern and designed for everyday comfort.<br>
This bedroom bedroom set is made to fit naturally into the room. With Solid Wood, Wood Veneer, Engineered Wood and Black or White tones, it blends structure and softness in one clean profile.<br>
Product Dimensions: Varies by variant (see Variant Details below).<br>
Size: Queen</p>

<p>Features<br>
- Solid Wood<br>
- Wood Veneer<br>
- Engineered Wood<br>
- Round Tapered Legs<br>
- Recessed Drawer Handles<br>
- Optional Stand-alone Oval Mirror<br>
- Slat Kit Included<br>
<strong>Variant Details</strong><br>
- <strong>Size: Queen | Color: Black | Dimensions: 86 1/2&quot;L X 64 1/2&quot;W X 48&quot;H | Weight: 398.81 lbs | Volume: 42.2 cuft</strong><br>
- <strong>Size: Queen | Color: White | Dimensions: 87&quot;L X 63 5/8&quot;W X 52&quot;H | Weight: 393.4 lbs | Volume: 42.5 cuft</strong><br>
</p>

<p>Materials: Solid Wood, Wood Veneer, Engineered Wood.<br>
Color: Black or White<br>
Weight: 393.4 - 398.81 lbs</p>",GOODDEGG,Furniture > Furniture Sets > Bedroom Furniture Sets,Bedroom Set,"Furniture of America, Quick Ship Furniture, New Arrival, Indoor Furniture, 2026",TRUE,Color,Black,,,,,,,,CM7386BK-Q-4PC,180897,shopify,20,deny,manual,1947,,TRUE,FALSE,,,,,,CM7386BK-M-Z.jpg,1,lennart-ii-4-pc-bedroom-set,FALSE,LENNART II 4 Pc. Bedroom Set,"Shop LENNART II 4 Pc. Bedroom Set. Mid-Century Modern style. Solid Wood, Wood Veneer build. Multiple colors available. Free shipping. Buy now at GOODDEGG.",CM7386BK-M-Z.jpg,lb,,799,active
lennart-ii-4-pc-bedroom-set,,,,,,,,,White,,,,,,,,CM7386WH-Q-4PC,178443,shopify,20,deny,manual,1947,,TRUE,FALSE,,,,,,https://cdn.shopify.com/s/files/1/0268/6749/9079/files/CM7386BK-1.jpg,2,lennart-ii-4-pc-bedroom-set,,,,CM7386WH-2.jpg,lb,,799,
lennart-ii-4-pc-bedroom-set,,,,,,,,,,,,,,,,,,,,,,,,,,,,,,,,https://cdn.shopify.com/s/files/1/0268/6749/9079/files/CM7386BK-T-Z.jpg,3,lennart-ii-4-pc-bedroom-set,,,,,,,,
lennart-ii-4-pc-bedroom-set,,,,,,,,,,,,,,,,,,,,,,,,,,,,,,,,https://cdn.shopify.com/s/files/1/0268/6749/9079/files/CM7386BK-T-WB.jpg,4,lennart-ii-4-pc-bedroom-set,,,,,,,,
lennart-ii-4-pc-bedroom-set,,,,,,,,,,,,,,,,,,,,,,,,,,,,,,,,https://cdn.shopify.com/s/files/1/0268/6749/9079/files/CM7386BK-Z.jpg,5,lennart-ii-4-pc-bedroom-set,,,,,,,,
lennart-ii-4-pc-bedroom-set,,,,,,,,,,,,,,,,,,,,,,,,,,,,,,,,CM7386WH-2.jpg,6,lennart-ii-4-pc-bedroom-set,,,,,,,,
lennart-ii-4-pc-bedroom-set,,,,,,,,,,,,,,,,,,,,,,,,,,,,,,,,https://cdn.shopify.com/s/files/1/0268/6749/9079/files/CM7386WH-1.jpg,7,lennart-ii-4-pc-bedroom-set,,,,,,,,
lennart-ii-5-pc-bedroom-set-w-2ns,LENNART II 5 Pc. Bedroom Set w/2NS,"<p><span style=""color:#1e73be;""><strong>FREE SHIPPING</strong></span><br>
Elevate your space with LENNART II, styled in Mid-Century Modern and designed for everyday comfort.<br>
This bedroom bedroom set is made to fit naturally into the room. With Solid Wood, Wood Veneer, Engineered Wood and Black or White tones, it blends structure and softness in one clean profile.<br>
Product Dimensions: Varies by variant (see Variant Details below).<br>
Size: Queen</p>

<p>Features<br>
- Solid Wood<br>
- Wood Veneer<br>
- Engineered Wood<br>
- Round Tapered Legs<br>
- Recessed Drawer Handles<br>
- Optional Stand-alone Oval Mirror<br>
- Slat Kit Included<br>
<strong>Variant Details</strong><br>
- <strong>Size: Queen | Color: Black | Dimensions: 86 1/2&quot;L X 64 1/2&quot;W X 48&quot;H | Weight: 621.42 lbs | Volume: 67.5 cuft</strong><br>
- <strong>Size: Queen | Color: White | Dimensions: 87&quot;L X 63 5/8&quot;W X 52&quot;H | Weight: 614.6 lbs | Volume: 67.2 cuft</strong><br>
</p>

<p>Materials: Solid Wood, Wood Veneer, Engineered Wood.<br>
Color: Black or White<br>
Weight: 614.6 - 621.42 lbs</p>",GOODDEGG,Furniture > Furniture Sets > Bedroom Furniture Sets,Bedroom Set,"Furniture of America, Quick Ship Furniture, New Arrival, Indoor Furniture, 2026",TRUE,Color,Black,,,,,,,,CM7386BK-Q-5PC-2NS,281871,shopify,20,deny,manual,2217,,TRUE,FALSE,,,,,,CM7386BK-M-Z.jpg,1,lennart-ii-5-pc-bedroom-set-w-2ns,FALSE,LENNART II 5 Pc. Bedroom Set w/2NS,"Shop LENNART II 5 Pc. Bedroom Set w/2NS. Mid-Century Modern style. Solid Wood, Wood Veneer build. Multiple colors available. Free shipping. Buy now at GOODDEGG.",CM7386BK-M-Z.jpg,lb,,919,active
lennart-ii-5-pc-bedroom-set-w-2ns,,,,,,,,,White,,,,,,,,CM7386WH-Q-5PC-2NS,278778,shopify,20,deny,manual,2217,,TRUE,FALSE,,,,,,https://cdn.shopify.com/s/files/1/0268/6749/9079/files/CM7386BK-1.jpg,2,lennart-ii-5-pc-bedroom-set-w-2ns,,,,CM7386WH-2.jpg,lb,,919,
lennart-ii-5-pc-bedroom-set-w-2ns,,,,,,,,,,,,,,,,,,,,,,,,,,,,,,,,https://cdn.shopify.com/s/files/1/0268/6749/9079/files/CM7386BK-T-Z.jpg,3,lennart-ii-5-pc-bedroom-set-w-2ns,,,,,,,,
lennart-ii-5-pc-bedroom-set-w-2ns,,,,,,,,,,,,,,,,,,,,,,,,,,,,,,,,https://cdn.shopify.com/s/files/1/0268/6749/9079/files/CM7386BK-T-WB.jpg,4,lennart-ii-5-pc-bedroom-set-w-2ns,,,,,,,,
lennart-ii-5-pc-bedroom-set-w-2ns,,,,,,,,,,,,,,,,,,,,,,,,,,,,,,,,https://cdn.shopify.com/s/files/1/0268/6749/9079/files/CM7386BK-Z.jpg,5,lennart-ii-5-pc-bedroom-set-w-2ns,,,,,,,,
lennart-ii-5-pc-bedroom-set-w-2ns,,,,,,,,,,,,,,,,,,,,,,,,,,,,,,,,CM7386WH-2.jpg,6,lennart-ii-5-pc-bedroom-set-w-2ns,,,,,,,,
lennart-ii-5-pc-bedroom-set-w-2ns,,,,,,,,,,,,,,,,,,,,,,,,,,,,,,,,https://cdn.shopify.com/s/files/1/0268/6749/9079/files/CM7386WH-1.jpg,7,lennart-ii-5-pc-bedroom-set-w-2ns,,,,,,,,
lennart-ii-5-pc-bedroom-set-w-chest,LENNART II 5 Pc. Bedroom Set w/Chest,"<p><span style=""color:#1e73be;""><strong>FREE SHIPPING</strong></span><br>
Elevate your space with LENNART II, styled in Mid-Century Modern and designed for everyday comfort.<br>
This bedroom bedroom set is made to fit naturally into the room. With Solid Wood, Wood Veneer, Engineered Wood and Black or White tones, it blends structure and softness in one clean profile.<br>
Product Dimensions: Varies by variant (see Variant Details below).<br>
Size: Queen</p>

<p>Features<br>
- Solid Wood<br>
- Wood Veneer<br>
- Engineered Wood<br>
- Round Tapered Legs<br>
- Recessed Drawer Handles<br>
- Optional Stand-alone Oval Mirror<br>
- Slat Kit Included<br>
<strong>Variant Details</strong><br>
- <strong>Size: Queen | Color: Black | Dimensions: 86 1/2&quot;L X 64 1/2&quot;W X 48&quot;H | Weight: 568.51 lbs | Volume: 61.4 cuft</strong><br>
- <strong>Size: Queen | Color: White | Dimensions: 87&quot;L X 63 5/8&quot;W X 52&quot;H | Weight: 562.8 lbs | Volume: 61 cuft</strong><br>
</p>

<p>Materials: Solid Wood, Wood Veneer, Engineered Wood.<br>
Color: Black or White<br>
Weight: 562.8 - 568.51 lbs</p>",GOODDEGG,Furniture > Furniture Sets > Bedroom Furniture Sets,Bedroom Set,"Furniture of America, Quick Ship Furniture, New Arrival, Indoor Furniture, 2026",TRUE,Color,Black,,,,,,,,CM7386BK-Q-5PC-CHEST,257872,shopify,20,deny,manual,2664,,TRUE,FALSE,,,,,,CM7386BK-M-Z.jpg,1,lennart-ii-5-pc-bedroom-set-w-chest,FALSE,LENNART II 5 Pc. Bedroom Set w/Chest,Shop LENNART II 5 Pc. Bedroom Set w/Chest. Multiple colors available. Free shipping from GOODDEGG. Buy now.,CM7386BK-M-Z.jpg,lb,,1098,active
lennart-ii-5-pc-bedroom-set-w-chest,,,,,,,,,White,,,,,,,,CM7386WH-Q-5PC-CHEST,255282,shopify,20,deny,manual,2664,,TRUE,FALSE,,,,,,https://cdn.shopify.com/s/files/1/0268/6749/9079/files/CM7386BK-1.jpg,2,lennart-ii-5-pc-bedroom-set-w-chest,,,,CM7386WH-2.jpg,lb,,1098,
lennart-ii-5-pc-bedroom-set-w-chest,,,,,,,,,,,,,,,,,,,,,,,,,,,,,,,,https://cdn.shopify.com/s/files/1/0268/6749/9079/files/CM7386BK-T-Z.jpg,3,lennart-ii-5-pc-bedroom-set-w-chest,,,,,,,,
lennart-ii-5-pc-bedroom-set-w-chest,,,,,,,,,,,,,,,,,,,,,,,,,,,,,,,,https://cdn.shopify.com/s/files/1/0268/6749/9079/files/CM7386BK-T-WB.jpg,4,lennart-ii-5-pc-bedroom-set-w-chest,,,,,,,,
lennart-ii-5-pc-bedroom-set-w-chest,,,,,,,,,,,,,,,,,,,,,,,,,,,,,,,,https://cdn.shopify.com/s/files/1/0268/6749/9079/files/CM7386BK-Z.jpg,5,lennart-ii-5-pc-bedroom-set-w-chest,,,,,,,,
lennart-ii-5-pc-bedroom-set-w-chest,,,,,,,,,,,,,,,,,,,,,,,,,,,,,,,,CM7386WH-2.jpg,6,lennart-ii-5-pc-bedroom-set-w-chest,,,,,,,,
lennart-ii-5-pc-bedroom-set-w-chest,,,,,,,,,,,,,,,,,,,,,,,,,,,,,,,,https://cdn.shopify.com/s/files/1/0268/6749/9079/files/CM7386WH-1.jpg,7,lennart-ii-5-pc-bedroom-set-w-chest,,,,,,,,
lenzburg-4-pc-bedroom-set,LENZBURG 4 Pc. Bedroom Set,"<p><span style=""color:#1e73be;""><strong>FREE SHIPPING</strong></span><br>
LENZBURG 4 Pc. Bedroom Set completes the bedroom with a relaxed, pulled-together look. As a bedroom bedroom set, it is designed to coordinate with matching pieces. The Mid-Century Modern character adds definition without feeling heavy. With Boucle, Solid Wood, Veneer, Engineered Wood construction and Walnut or Beige tones, it blends durability with visual warmth.<br>
Product Dimensions: 63.58""L X 85.24""W X 33.46""H<br>
Size: Queen</p>

<p>Features<br>
- Walnut or Beige<br>
- Platform Bed<br>
- Fabric Winged Edge Headboard<br>
- Tapered Angled Leg<br>
- Nickel Bar Pulls on Case Goods<br>
- Anti-lock Insert Lock System<br>
- Mattress Ready Included items and dimensions:<br>
- Nightstand: color: Walnut; dimensions: 23"" W x 15.5""D x 22"" H; feature: Mid-Century Modern<br>
- Dresser: color: Walnut; dimensions: 47"" W x 17.5""D x 32.5"" H; feature: Mid-Century Modern</p>

<p>Materials: Boucle, Solid Wood, Veneer, Engineered Wood.<br>
Color: Walnut or Beige<br>
Weight: 389.13 lbs</p>",GOODDEGG,Furniture > Furniture Sets > Bedroom Furniture Sets,Bedroom Set,"Furniture of America, Quick Ship Furniture, New Arrival, Indoor Furniture, 2026",TRUE,Size,Queen,,,,,,,,FM7223WN-Q-4PC,176506,shopify,20,deny,manual,1917,,TRUE,FALSE,,,,,,https://cdn.shopify.com/s/files/1/0268/6749/9079/files/FM7223WN-1-Z.jpg,1,lenzburg-4-pc-bedroom-set,FALSE,LENZBURG 4 Pc. Bedroom Set,"Shop LENZBURG 4 Pc. Bedroom Set. Mid-Century Modern style. Boucle, Solid Wood build. Size: Queen. Free shipping. Buy now at GOODDEGG.",FM7223WN-1-Z.jpg,lb,,799,active
lenzburg-4-pc-bedroom-set,,,,,,,,,,,,,,,,,,,,,,,,,,,,,,,,https://cdn.shopify.com/s/files/1/0268/6749/9079/files/FM7223WN-WB-1.jpg,2,lenzburg-4-pc-bedroom-set,,,,,,,,
lenzburg-5-pc-bedroom-set-w-2ns,LENZBURG 5 Pc. Bedroom Set w/ 2NS,"<p><span style=""color:#1e73be;""><strong>FREE SHIPPING</strong></span><br>
LENZBURG 5 Pc. Bedroom Set w/ 2NS brings a restful, finished feel to the bedroom. This bedroom bedroom set is made to fit naturally into the room. A Mid-Century Modern profile gives the space a refined, approachable look. Finished in Walnut or Beige tones, the Boucle, Solid Wood, Veneer, Engineered Wood build keeps the look polished and practical.<br>
Product Dimensions:.<br>
Size: Queen</p>

<p>Features<br>
- Walnut or Beige<br>
- Platform Bed<br>
- Fabric Winged Edge Headboard<br>
- Tapered Angled Leg<br>
- Nickel Bar Pulls on Case Goods<br>
- Anti-lock Insert Lock System<br>
- Mattress Ready Included items and dimensions:<br>
- Nightstand: color: Walnut; dimensions: 23"" W x 15.5""D x 22"" H; feature: Mid-Century Modern<br>
- Dresser: color: Walnut; dimensions: 47"" W x 17.5""D x 32.5"" H; feature: Mid-Century Modern</p>

<p>Materials: Boucle, Solid Wood, Veneer, Engineered Wood.<br>
Color: Walnut or Beige<br>
Weight: 440.28 lbs</p>",GOODDEGG,Furniture > Furniture Sets > Bedroom Furniture Sets,Bedroom Set,"Furniture of America, Quick Ship Furniture, New Arrival, Indoor Furniture, 2026",TRUE,Size,Queen,,,,,,,,FM7223WN-Q-5PC-2NS,199708,shopify,20,deny,manual,2187,,TRUE,FALSE,,,,,,https://cdn.shopify.com/s/files/1/0268/6749/9079/files/FM7223WN-1-Z.jpg,1,lenzburg-5-pc-bedroom-set-w-2ns,FALSE,LENZBURG 5 Pc. Bedroom Set w/ 2NS,"Shop LENZBURG 5 Pc. Bedroom Set w/ 2NS. Mid-Century Modern style. Boucle, Solid Wood build. Size: Queen. Free shipping. Buy now at GOODDEGG.",FM7223WN-1-Z.jpg,lb,,909,active
lenzburg-5-pc-bedroom-set-w-2ns,,,,,,,,,,,,,,,,,,,,,,,,,,,,,,,,https://cdn.shopify.com/s/files/1/0268/6749/9079/files/FM7223WN-WB-1.jpg,2,lenzburg-5-pc-bedroom-set-w-2ns,,,,,,,,
lenzburg-5-pc-bedroom-set-w-chest,LENZBURG 5 Pc. Bedroom Set w/ Chest,"<p><span style=""color:#1e73be;""><strong>FREE SHIPPING</strong></span><br>
Create a calm, coordinated retreat with LENZBURG 5 Pc. Bedroom Set w/ Chest. Designed as a bedroom bedroom set, it pairs easily with surrounding decor. Its Mid-Century Modern styling keeps the room feeling polished yet comfortable. Built from Boucle, Solid Wood, Veneer, Engineered Wood and finished in Walnut or Beige tones for a clean, cohesive look.<br>
Product Dimensions:.<br>
Size: Queen</p>

<p>Features<br>
- Walnut or Beige<br>
- Platform Bed<br>
- Fabric Winged Edge Headboard<br>
- Tapered Angled Leg<br>
- Nickel Bar Pulls on Case Goods<br>
- Anti-lock Insert Lock System<br>
- Mattress Ready Included items and dimensions:<br>
- Nightstand: color: Walnut; dimensions: 23"" W x 15.5""D x 22"" H; feature: Mid-Century Modern<br>
- Dresser: color: Walnut; dimensions: 47"" W x 17.5""D x 32.5"" H; feature: Mid-Century Modern<br>
- Chest: color: Walnut; dimensions: 33.5"" W x 17.5""D x 47.5"" H; feature: Mid-Century Modern</p>

<p>Materials: Boucle, Solid Wood, Veneer, Engineered Wood.<br>
Color: Walnut or Beige<br>
Weight: 574.76 lbs</p>",GOODDEGG,Furniture > Furniture Sets > Bedroom Furniture Sets,Bedroom Set,"Furniture of America, Quick Ship Furniture, New Arrival, Indoor Furniture, 2026",TRUE,Size,Queen,,,,,,,,FM7223WN-Q-5PC-CHEST,260707,shopify,20,deny,manual,2574,,TRUE,FALSE,,,,,,https://cdn.shopify.com/s/files/1/0268/6749/9079/files/FM7223WN-1-Z.jpg,1,lenzburg-5-pc-bedroom-set-w-chest,FALSE,LENZBURG 5 Pc. Bedroom Set w/ Chest,"Shop LENZBURG 5 Pc. Bedroom Set w/ Chest. Mid-Century Modern style. Boucle, Solid Wood build. Size: Queen. Free shipping. Buy now at GOODDEGG.",FM7223WN-1-Z.jpg,lb,,1078,active
lenzburg-5-pc-bedroom-set-w-chest,,,,,,,,,,,,,,,,,,,,,,,,,,,,,,,,https://cdn.shopify.com/s/files/1/0268/6749/9079/files/FM7223WN-WB-1.jpg,2,lenzburg-5-pc-bedroom-set-w-chest,,,,,,,,
leovanni-4-pc-bedroom-set,LEOVANNI 4 Pc. Bedroom Set,"<p><span style=""color:#1e73be;""><strong>FREE SHIPPING</strong></span><br>
Elevate your space with LEOVANNI, styled in Traditional and designed for everyday comfort.<br>
This bedroom bedroom set is made to fit naturally into the room. With Asian Hardwood, Oak Veneer, Engineered Wood and Dark Brown tones, it blends structure and softness in one clean profile.<br>
Product Dimensions: 67&quot;W X 92&quot;D X 75.5&quot;H<br>
Size: Queen</p>

<p>Features<br>
- Asian Hardwood<br>
- Oak Veneer<br>
- Engineered Wood<br>
- Bombay Headboard Design<br>
- Ornate Moldings &amp; Extended Corbels<br>
- Diamond Button Tufting<br>
- Leatherette Headboard<br>
- Ball-Bearing Glides<br>
- French Front &amp; English Back Dovetail Drawers<br>
- Jewelry Tray on Dresser<br>
- Felt-Lined Top Drawers<br>
- USB-A &amp; USB-C on Nightstand<br>
<strong>Variant Details</strong><br>
- <strong>Size: Queen | Color: Dark Brown | Dimensions: 67&quot;W X 92&quot;D X 75.5&quot;H | Weight: 673.76 lbs | Volume: 104 cuft</strong><br>
- <strong>Size: Queen | Color: Dark Brown | Dimensions: 67&quot;W X 92&quot;D X 75.5&quot;H | Weight: 669.76 lbs | Volume: 105.4 cuft</strong><br>
</p>

<p>Materials: Asian Hardwood, Oak Veneer, Engineered Wood.<br>
Color: Dark Brown<br>
Weight: 669.76 - 673.76 lbs</p>",GOODDEGG,Furniture > Furniture Sets > Bedroom Furniture Sets,Bedroom Set,"Furniture of America, Quick Ship Furniture, New Arrival, Indoor Furniture, 2026",TRUE,Size,Queen,,,,,,,,FM70003DB-Q-F-4PC,305612,shopify,20,deny,manual,4437,,TRUE,FALSE,,,,,,https://cdn.shopify.com/s/files/1/0268/6749/9079/files/FM70003DB-F-1-Z.jpg,1,leovanni-4-pc-bedroom-set,FALSE,LEOVANNI 4 Pc. Bedroom Set,"Shop LEOVANNI 4 Pc. Bedroom Set. Traditional style. Asian Hardwood, Oak Veneer build. Size: Queen. Free shipping. Buy now at GOODDEGG.",FM70003DB-F-1-Z.jpg,lb,,1799,active
leovanni-4-pc-bedroom-set,,,,,,,,,Queen,,,,,,,,FM70003DB-Q-W-4PC,303798,shopify,20,deny,manual,4437,,TRUE,FALSE,,,,,,https://cdn.shopify.com/s/files/1/0268/6749/9079/files/FM70003DB-F-2.jpg,2,leovanni-4-pc-bedroom-set,,,,FM70003DB-W-1-Z.jpg,lb,,1799,
leovanni-4-pc-bedroom-set,,,,,,,,,,,,,,,,,,,,,,,,,,,,,,,,https://cdn.shopify.com/s/files/1/0268/6749/9079/files/FM70003DB-F-WB-1.jpg,3,leovanni-4-pc-bedroom-set,,,,,,,,
leovanni-4-pc-bedroom-set,,,,,,,,,,,,,,,,,,,,,,,,,,,,,,,,https://cdn.shopify.com/s/files/1/0268/6749/9079/files/FM70003DB-F-WB-2.jpg,4,leovanni-4-pc-bedroom-set,,,,,,,,
leovanni-4-pc-bedroom-set,,,,,,,,,,,,,,,,,,,,,,,,,,,,,,,,https://cdn.shopify.com/s/files/1/0268/6749/9079/files/FM70003DB-F-WB-3.jpg,5,leovanni-4-pc-bedroom-set,,,,,,,,
leovanni-4-pc-bedroom-set,,,,,,,,,,,,,,,,,,,,,,,,,,,,,,,,https://cdn.shopify.com/s/files/1/0268/6749/9079/files/FM70003DB-F-WB-4.jpg,6,leovanni-4-pc-bedroom-set,,,,,,,,
leovanni-4-pc-bedroom-set,,,,,,,,,,,,,,,,,,,,,,,,,,,,,,,,https://cdn.shopify.com/s/files/1/0268/6749/9079/files/FM70003DB-F-WB-5.jpg,7,leovanni-4-pc-bedroom-set,,,,,,,,
leovanni-4-pc-bedroom-set,,,,,,,,,,,,,,,,,,,,,,,,,,,,,,,,https://cdn.shopify.com/s/files/1/0268/6749/9079/files/FM70003DB-W-1-Z.jpg,8,leovanni-4-pc-bedroom-set,,,,,,,,
leovanni-4-pc-bedroom-set,,,,,,,,,,,,,,,,,,,,,,,,,,,,,,,,https://cdn.shopify.com/s/files/1/0268/6749/9079/files/FM70003DB-W-2.jpg,9,leovanni-4-pc-bedroom-set,,,,,,,,
leovanni-4-pc-bedroom-set,,,,,,,,,,,,,,,,,,,,,,,,,,,,,,,,https://cdn.shopify.com/s/files/1/0268/6749/9079/files/FM70003DB-W-WB-3.jpg,10,leovanni-4-pc-bedroom-set,,,,,,,,
leovanni-4-pc-bedroom-set,,,,,,,,,,,,,,,,,,,,,,,,,,,,,,,,https://cdn.shopify.com/s/files/1/0268/6749/9079/files/FM70003DB-W-WB-4.jpg,11,leovanni-4-pc-bedroom-set,,,,,,,,
leovanni-4-pc-bedroom-set,,,,,,,,,,,,,,,,,,,,,,,,,,,,,,,,https://cdn.shopify.com/s/files/1/0268/6749/9079/files/FM70003DB-W-WB-5.jpg,12,leovanni-4-pc-bedroom-set,,,,,,,,
leovanni-4-pc-bedroom-set,,,,,,,,,,,,,,,,,,,,,,,,,,,,,,,,https://cdn.shopify.com/s/files/1/0268/6749/9079/files/FM70003DB-W-WB-6.jpg,13,leovanni-4-pc-bedroom-set,,,,,,,,
leovanni-5-pc-bedroom-set-w-2ns,LEOVANNI 5 Pc. Bedroom Set w/2NS,"<p><span style=""color:#1e73be;""><strong>FREE SHIPPING</strong></span><br>
Elevate your space with LEOVANNI, styled in Traditional and designed for everyday comfort.<br>
This bedroom bedroom set is made to fit naturally into the room. With Asian Hardwood, Oak Veneer, Engineered Wood and Dark Brown tones, it blends structure and softness in one clean profile.<br>
Product Dimensions: 67&quot;W X 92&quot;D X 75.5&quot;H<br>
Size: Queen</p>

<p>Features<br>
- Asian Hardwood<br>
- Oak Veneer<br>
- Engineered Wood<br>
- Bombay Headboard Design<br>
- Ornate Moldings &amp; Extended Corbels<br>
- Diamond Button Tufting<br>
- Leatherette Headboard<br>
- Ball-Bearing Glides<br>
- French Front &amp; English Back Dovetail Drawers<br>
- Jewelry Tray on Dresser<br>
- Felt-Lined Top Drawers<br>
- USB-A &amp; USB-C on Nightstand<br>
<strong>Variant Details</strong><br>
- <strong>Size: Queen | Color: Dark Brown | Dimensions: 67&quot;W X 92&quot;D X 75.5&quot;H | Weight: 783.76 lbs | Volume: 119.5 cuft</strong><br>
- <strong>Size: Queen | Color: Dark Brown | Dimensions: 67&quot;W X 92&quot;D X 75.5&quot;H | Weight: 779.76 lbs | Volume: 120.9 cuft</strong><br>
</p>

<p>Materials: Asian Hardwood, Oak Veneer, Engineered Wood.<br>
Color: Dark Brown<br>
Weight: 779.76 - 783.76 lbs</p>",GOODDEGG,Furniture > Furniture Sets > Bedroom Furniture Sets,Bedroom Set,"Furniture of America, Quick Ship Furniture, New Arrival, Indoor Furniture, 2026",TRUE,Size,Queen,,,,,,,,FM70003DB-Q-F-5PC-2N,355508,shopify,20,deny,manual,5157,,TRUE,FALSE,,,,,,https://cdn.shopify.com/s/files/1/0268/6749/9079/files/FM70003DB-F-1-Z.jpg,1,leovanni-5-pc-bedroom-set-w-2ns,FALSE,LEOVANNI 5 Pc. Bedroom Set w/2NS,"Shop LEOVANNI 5 Pc. Bedroom Set w/2NS. Traditional style. Asian Hardwood, Oak Veneer build. Size: Queen. Free shipping. Buy now at GOODDEGG.",FM70003DB-F-1-Z.jpg,lb,,2099,active
leovanni-5-pc-bedroom-set-w-2ns,,,,,,,,,Queen,,,,,,,,FM70003DB-Q-W-5PC-2N,353693,shopify,20,deny,manual,5157,,TRUE,FALSE,,,,,,https://cdn.shopify.com/s/files/1/0268/6749/9079/files/FM70003DB-F-2.jpg,2,leovanni-5-pc-bedroom-set-w-2ns,,,,FM70003DB-W-1-Z.jpg,lb,,2089,
leovanni-5-pc-bedroom-set-w-2ns,,,,,,,,,,,,,,,,,,,,,,,,,,,,,,,,https://cdn.shopify.com/s/files/1/0268/6749/9079/files/FM70003DB-F-WB-1.jpg,3,leovanni-5-pc-bedroom-set-w-2ns,,,,,,,,
leovanni-5-pc-bedroom-set-w-2ns,,,,,,,,,,,,,,,,,,,,,,,,,,,,,,,,https://cdn.shopify.com/s/files/1/0268/6749/9079/files/FM70003DB-F-WB-2.jpg,4,leovanni-5-pc-bedroom-set-w-2ns,,,,,,,,
leovanni-5-pc-bedroom-set-w-2ns,,,,,,,,,,,,,,,,,,,,,,,,,,,,,,,,https://cdn.shopify.com/s/files/1/0268/6749/9079/files/FM70003DB-F-WB-3.jpg,5,leovanni-5-pc-bedroom-set-w-2ns,,,,,,,,
leovanni-5-pc-bedroom-set-w-2ns,,,,,,,,,,,,,,,,,,,,,,,,,,,,,,,,https://cdn.shopify.com/s/files/1/0268/6749/9079/files/FM70003DB-F-WB-4.jpg,6,leovanni-5-pc-bedroom-set-w-2ns,,,,,,,,
leovanni-5-pc-bedroom-set-w-2ns,,,,,,,,,,,,,,,,,,,,,,,,,,,,,,,,https://cdn.shopify.com/s/files/1/0268/6749/9079/files/FM70003DB-F-WB-5.jpg,7,leovanni-5-pc-bedroom-set-w-2ns,,,,,,,,
leovanni-5-pc-bedroom-set-w-2ns,,,,,,,,,,,,,,,,,,,,,,,,,,,,,,,,https://cdn.shopify.com/s/files/1/0268/6749/9079/files/FM70003DB-W-1-Z.jpg,8,leovanni-5-pc-bedroom-set-w-2ns,,,,,,,,
leovanni-5-pc-bedroom-set-w-2ns,,,,,,,,,,,,,,,,,,,,,,,,,,,,,,,,https://cdn.shopify.com/s/files/1/0268/6749/9079/files/FM70003DB-W-2.jpg,9,leovanni-5-pc-bedroom-set-w-2ns,,,,,,,,
leovanni-5-pc-bedroom-set-w-2ns,,,,,,,,,,,,,,,,,,,,,,,,,,,,,,,,https://cdn.shopify.com/s/files/1/0268/6749/9079/files/FM70003DB-W-WB-3.jpg,10,leovanni-5-pc-bedroom-set-w-2ns,,,,,,,,
leovanni-5-pc-bedroom-set-w-2ns,,,,,,,,,,,,,,,,,,,,,,,,,,,,,,,,https://cdn.shopify.com/s/files/1/0268/6749/9079/files/FM70003DB-W-WB-4.jpg,11,leovanni-5-pc-bedroom-set-w-2ns,,,,,,,,
leovanni-5-pc-bedroom-set-w-2ns,,,,,,,,,,,,,,,,,,,,,,,,,,,,,,,,https://cdn.shopify.com/s/files/1/0268/6749/9079/files/FM70003DB-W-WB-5.jpg,12,leovanni-5-pc-bedroom-set-w-2ns,,,,,,,,
leovanni-5-pc-bedroom-set-w-2ns,,,,,,,,,,,,,,,,,,,,,,,,,,,,,,,,https://cdn.shopify.com/s/files/1/0268/6749/9079/files/FM70003DB-W-WB-6.jpg,13,leovanni-5-pc-bedroom-set-w-2ns,,,,,,,,
leovanni-5-pc-bedroom-set-w-chest,LEOVANNI 5 Pc. Bedroom Set w/Chest,"<p><span style=""color:#1e73be;""><strong>FREE SHIPPING</strong></span><br>
Elevate your space with LEOVANNI, styled in Traditional and designed for everyday comfort.<br>
This bedroom bedroom set is made to fit naturally into the room. With Asian Hardwood, Oak Veneer, Engineered Wood and Dark Brown tones, it blends structure and softness in one clean profile.<br>
Product Dimensions: 67&quot;W X 92&quot;D X 75.5&quot;H<br>
Size: Queen</p>

<p>Features<br>
- Asian Hardwood<br>
- Oak Veneer<br>
- Engineered Wood<br>
- Bombay Headboard Design<br>
- Ornate Moldings &amp; Extended Corbels<br>
- Diamond Button Tufting<br>
- Leatherette Headboard<br>
- Ball-Bearing Glides<br>
- French Front &amp; English Back Dovetail Drawers<br>
- Jewelry Tray on Dresser<br>
- Felt-Lined Top Drawers<br>
- USB-A &amp; USB-C on Nightstand<br>
<strong>Variant Details</strong><br>
- <strong>Size: Queen | Color: Dark Brown | Dimensions: 67&quot;W X 92&quot;D X 75.5&quot;H | Weight: 894.86 lbs | Volume: 140 cuft</strong><br>
- <strong>Size: Queen | Color: Dark Brown | Dimensions: 67&quot;W X 92&quot;D X 75.5&quot;H | Weight: 890.86 lbs | Volume: 141.4 cuft</strong><br>
</p>

<p>Materials: Asian Hardwood, Oak Veneer, Engineered Wood.<br>
Color: Dark Brown<br>
Weight: 890.86 - 894.86 lbs</p>",GOODDEGG,Furniture > Furniture Sets > Bedroom Furniture Sets,Bedroom Set,"Furniture of America, Quick Ship Furniture, New Arrival, Indoor Furniture, 2026",TRUE,Size,Queen,,,,,,,,FM70003DB-Q-F-5PC-C,405902,shopify,20,deny,manual,5694,,TRUE,FALSE,,,,,,https://cdn.shopify.com/s/files/1/0268/6749/9079/files/FM70003DB-F-1-Z.jpg,1,leovanni-5-pc-bedroom-set-w-chest,FALSE,LEOVANNI 5 Pc. Bedroom Set w/Chest,"Shop LEOVANNI 5 Pc. Bedroom Set w/Chest. Traditional style. Asian Hardwood, Oak Veneer build. Size: Queen. Free shipping. Buy now at GOODDEGG.",FM70003DB-F-1-Z.jpg,lb,,2348,active
leovanni-5-pc-bedroom-set-w-chest,,,,,,,,,Queen,,,,,,,,FM70003DB-Q-W-5PC-C,404087,shopify,20,deny,manual,5694,,TRUE,FALSE,,,,,,https://cdn.shopify.com/s/files/1/0268/6749/9079/files/FM70003DB-F-2.jpg,2,leovanni-5-pc-bedroom-set-w-chest,,,,FM70003DB-W-1-Z.jpg,lb,,2348,
leovanni-5-pc-bedroom-set-w-chest,,,,,,,,,,,,,,,,,,,,,,,,,,,,,,,,https://cdn.shopify.com/s/files/1/0268/6749/9079/files/FM70003DB-F-WB-1.jpg,3,leovanni-5-pc-bedroom-set-w-chest,,,,,,,,
leovanni-5-pc-bedroom-set-w-chest,,,,,,,,,,,,,,,,,,,,,,,,,,,,,,,,https://cdn.shopify.com/s/files/1/0268/6749/9079/files/FM70003DB-F-WB-2.jpg,4,leovanni-5-pc-bedroom-set-w-chest,,,,,,,,
leovanni-5-pc-bedroom-set-w-chest,,,,,,,,,,,,,,,,,,,,,,,,,,,,,,,,https://cdn.shopify.com/s/files/1/0268/6749/9079/files/FM70003DB-F-WB-3.jpg,5,leovanni-5-pc-bedroom-set-w-chest,,,,,,,,
leovanni-5-pc-bedroom-set-w-chest,,,,,,,,,,,,,,,,,,,,,,,,,,,,,,,,https://cdn.shopify.com/s/files/1/0268/6749/9079/files/FM70003DB-F-WB-4.jpg,6,leovanni-5-pc-bedroom-set-w-chest,,,,,,,,
leovanni-5-pc-bedroom-set-w-chest,,,,,,,,,,,,,,,,,,,,,,,,,,,,,,,,https://cdn.shopify.com/s/files/1/0268/6749/9079/files/FM70003DB-F-WB-5.jpg,7,leovanni-5-pc-bedroom-set-w-chest,,,,,,,,
leovanni-5-pc-bedroom-set-w-chest,,,,,,,,,,,,,,,,,,,,,,,,,,,,,,,,https://cdn.shopify.com/s/files/1/0268/6749/9079/files/FM70003DB-W-1-Z.jpg,8,leovanni-5-pc-bedroom-set-w-chest,,,,,,,,
leovanni-5-pc-bedroom-set-w-chest,,,,,,,,,,,,,,,,,,,,,,,,,,,,,,,,https://cdn.shopify.com/s/files/1/0268/6749/9079/files/FM70003DB-W-2.jpg,9,leovanni-5-pc-bedroom-set-w-chest,,,,,,,,
leovanni-5-pc-bedroom-set-w-chest,,,,,,,,,,,,,,,,,,,,,,,,,,,,,,,,https://cdn.shopify.com/s/files/1/0268/6749/9079/files/FM70003DB-W-WB-3.jpg,10,leovanni-5-pc-bedroom-set-w-chest,,,,,,,,
leovanni-5-pc-bedroom-set-w-chest,,,,,,,,,,,,,,,,,,,,,,,,,,,,,,,,https://cdn.shopify.com/s/files/1/0268/6749/9079/files/FM70003DB-W-WB-4.jpg,11,leovanni-5-pc-bedroom-set-w-chest,,,,,,,,
leovanni-5-pc-bedroom-set-w-chest,,,,,,,,,,,,,,,,,,,,,,,,,,,,,,,,https://cdn.shopify.com/s/files/1/0268/6749/9079/files/FM70003DB-W-WB-5.jpg,12,leovanni-5-pc-bedroom-set-w-chest,,,,,,,,
leovanni-5-pc-bedroom-set-w-chest,,,,,,,,,,,,,,,,,,,,,,,,,,,,,,,,https://cdn.shopify.com/s/files/1/0268/6749/9079/files/FM70003DB-W-WB-6.jpg,13,leovanni-5-pc-bedroom-set-w-chest,,,,,,,,
leyland-4-pc-bedroom-set,LEYLAND 4 Pc. Bedroom Set,"<p><span style=""color:#1e73be;""><strong>FREE SHIPPING</strong></span><br>
LEYLAND 4 Pc. Bedroom Set brings a restful, finished feel to the bedroom. This bedroom bedroom set is made to fit naturally into the room. A Contemporary profile gives the space a refined, approachable look. Finished in Dark Gray tones, the Engineered Wood, Solid Teak & Rubberwood, Laminate build keeps the look polished and practical.<br>
Product Dimensions: 64""W X 84""D X 62""H<br>
Size: Queen</p>

<p>Features<br>
- Felt-Lined Top Drawers<br>
- Metal Side Glide<br>
- Bracketed Feet<br>
- Leaf Pattern Moulding<br>
- Mattress Ready Included items and dimensions:<br>
- Nightstand: color: Dark Gray; dimensions: 29.5"" W x 17""D x 23"" H; feature: Contemporary<br>
- Dresser: color: Dark Gray; dimensions: 63.5"" W x 17""D x 33"" H; feature: Contemporary</p>

<p>Materials: Engineered Wood, Solid Teak & Rubberwood, Laminate.<br>
Color: Dark Gray<br>
Weight: 615.75 lbs</p>",GOODDEGG,Furniture > Furniture Sets > Bedroom Furniture Sets,Bedroom Set,"Furniture of America, Quick Ship Furniture, New Arrival, Indoor Furniture, 2026",TRUE,Size,Queen,,,,,,,,FM7252DG-Q-4PC,279300,shopify,20,deny,manual,3177,,TRUE,FALSE,,,,,,https://cdn.shopify.com/s/files/1/0268/6749/9079/files/FM7252DG-1-Z.jpg,1,leyland-4-pc-bedroom-set,FALSE,LEYLAND 4 Pc. Bedroom Set,"Shop LEYLAND 4 Pc. Bedroom Set. Contemporary style. Engineered Wood, Solid Teak & Rubberwood build. Size: Queen. Free shipping. Buy now at GOODDEGG.",FM7252DG-1-Z.jpg,lb,,1279,active
leyland-4-pc-bedroom-set,,,,,,,,,,,,,,,,,,,,,,,,,,,,,,,,https://cdn.shopify.com/s/files/1/0268/6749/9079/files/FM7252DG-2.jpg,2,leyland-4-pc-bedroom-set,,,,,,,,
leyland-4-pc-bedroom-set,,,,,,,,,,,,,,,,,,,,,,,,,,,,,,,,https://cdn.shopify.com/s/files/1/0268/6749/9079/files/FM7252DG-4.jpg,3,leyland-4-pc-bedroom-set,,,,,,,,
leyland-4-pc-bedroom-set,,,,,,,,,,,,,,,,,,,,,,,,,,,,,,,,https://cdn.shopify.com/s/files/1/0268/6749/9079/files/FM7251GY-D-2.jpg,4,leyland-4-pc-bedroom-set,,,,,,,,
leyland-4-pc-bedroom-set,,,,,,,,,,,,,,,,,,,,,,,,,,,,,,,,https://cdn.shopify.com/s/files/1/0268/6749/9079/files/FM7252DG-D-3.jpg,5,leyland-4-pc-bedroom-set,,,,,,,,
leyland-5-pc-bedroom-set-w-2ns,LEYLAND 5 Pc. Bedroom Set w/ 2NS,"<p><span style=""color:#1e73be;""><strong>FREE SHIPPING</strong></span><br>
Create a calm, coordinated retreat with LEYLAND 5 Pc. Bedroom Set w/ 2NS. Designed as a bedroom bedroom set, it pairs easily with surrounding decor. Its Contemporary styling keeps the room feeling polished yet comfortable. Built from Engineered Wood, Solid Teak & Rubberwood, Laminate and finished in Dark Gray tones for a clean, cohesive look.<br>
Product Dimensions: 64""W X 84""D X 62""H<br>
Size: Queen</p>

<p>Features<br>
- Felt-Lined Top Drawers<br>
- Metal Side Glide<br>
- Bracketed Feet<br>
- Leaf Pattern Moulding<br>
- Mattress Ready Included items and dimensions:<br>
- Nightstand: color: Dark Gray; dimensions: 29.5"" W x 17""D x 23"" H; feature: Contemporary<br>
- Dresser: color: Dark Gray; dimensions: 63.5"" W x 17""D x 33"" H; feature: Contemporary</p>

<p>Materials: Engineered Wood, Solid Teak & Rubberwood, Laminate.<br>
Color: Dark Gray<br>
Weight: 688.55 lbs</p>",GOODDEGG,Furniture > Furniture Sets > Bedroom Furniture Sets,Bedroom Set,"Furniture of America, Quick Ship Furniture, New Arrival, Indoor Furniture, 2026",TRUE,Size,Queen,,,,,,,,FM7252DG-Q-5PC-2NS,312321,shopify,20,deny,manual,3597,,TRUE,FALSE,,,,,,https://cdn.shopify.com/s/files/1/0268/6749/9079/files/FM7252DG-1-Z.jpg,1,leyland-5-pc-bedroom-set-w-2ns,FALSE,LEYLAND 5 Pc. Bedroom Set w/ 2NS,"Shop LEYLAND 5 Pc. Bedroom Set w/ 2NS. Contemporary style. Engineered Wood, Solid Teak & Rubberwood build. Size: Queen. Free shipping. Buy now at GOODDEGG.",FM7252DG-1-Z.jpg,lb,,1449,active
leyland-5-pc-bedroom-set-w-2ns,,,,,,,,,,,,,,,,,,,,,,,,,,,,,,,,https://cdn.shopify.com/s/files/1/0268/6749/9079/files/FM7252DG-2.jpg,2,leyland-5-pc-bedroom-set-w-2ns,,,,,,,,
leyland-5-pc-bedroom-set-w-2ns,,,,,,,,,,,,,,,,,,,,,,,,,,,,,,,,https://cdn.shopify.com/s/files/1/0268/6749/9079/files/FM7252DG-4.jpg,3,leyland-5-pc-bedroom-set-w-2ns,,,,,,,,
leyland-5-pc-bedroom-set-w-2ns,,,,,,,,,,,,,,,,,,,,,,,,,,,,,,,,https://cdn.shopify.com/s/files/1/0268/6749/9079/files/FM7251GY-D-2.jpg,4,leyland-5-pc-bedroom-set-w-2ns,,,,,,,,
leyland-5-pc-bedroom-set-w-2ns,,,,,,,,,,,,,,,,,,,,,,,,,,,,,,,,https://cdn.shopify.com/s/files/1/0268/6749/9079/files/FM7252DG-D-3.jpg,5,leyland-5-pc-bedroom-set-w-2ns,,,,,,,,
leyland-5-pc-bedroom-set-w-chest,LEYLAND 5 Pc. Bedroom Set w/ Chest,"<p><span style=""color:#1e73be;""><strong>FREE SHIPPING</strong></span><br>
LEYLAND 5 Pc. Bedroom Set w/ Chest completes the bedroom with a relaxed, pulled-together look. As a bedroom bedroom set, it is designed to coordinate with matching pieces. The Contemporary character adds definition without feeling heavy. Crafted with Engineered Wood, Solid Teak & Rubberwood, Laminate, then finished in Dark Gray tones to suit a range of interiors.<br>
Product Dimensions: 64""W X 84""D X 62""H<br>
Size: Queen</p>

<p>Features<br>
- Felt-Lined Top Drawers<br>
- Metal Side Glide<br>
- Bracketed Feet<br>
- Leaf Pattern Moulding<br>
- Mattress Ready Included items and dimensions:<br>
- Nightstand: color: Dark Gray; dimensions: 29.5"" W x 17""D x 23"" H; feature: Contemporary<br>
- Dresser: color: Dark Gray; dimensions: 63.5"" W x 17""D x 33"" H; feature: Contemporary<br>
- Chest: color: Dark Gray; dimensions: 34"" W x 18""D x 51"" H; feature: Contemporary</p>

<p>Materials: Engineered Wood, Solid Teak & Rubberwood, Laminate.<br>
Color: Dark Gray<br>
Weight: 820.05 lbs</p>",GOODDEGG,Furniture > Furniture Sets > Bedroom Furniture Sets,Bedroom Set,"Furniture of America, Quick Ship Furniture, New Arrival, Indoor Furniture, 2026",TRUE,Size,Queen,,,,,,,,FM7252DG-Q-5PC-CHEST,371968,shopify,20,deny,manual,4314,,TRUE,FALSE,,,,,,https://cdn.shopify.com/s/files/1/0268/6749/9079/files/FM7252DG-1-Z.jpg,1,leyland-5-pc-bedroom-set-w-chest,FALSE,LEYLAND 5 Pc. Bedroom Set w/ Chest,"Shop LEYLAND 5 Pc. Bedroom Set w/ Chest. Contemporary style. Engineered Wood, Solid Teak & Rubberwood build. Size: Queen. Free shipping. Buy now at GOODDEGG.",FM7252DG-1-Z.jpg,lb,,1738,active
leyland-5-pc-bedroom-set-w-chest,,,,,,,,,,,,,,,,,,,,,,,,,,,,,,,,https://cdn.shopify.com/s/files/1/0268/6749/9079/files/FM7252DG-2.jpg,2,leyland-5-pc-bedroom-set-w-chest,,,,,,,,
leyland-5-pc-bedroom-set-w-chest,,,,,,,,,,,,,,,,,,,,,,,,,,,,,,,,https://cdn.shopify.com/s/files/1/0268/6749/9079/files/FM7252DG-4.jpg,3,leyland-5-pc-bedroom-set-w-chest,,,,,,,,
leyland-5-pc-bedroom-set-w-chest,,,,,,,,,,,,,,,,,,,,,,,,,,,,,,,,https://cdn.shopify.com/s/files/1/0268/6749/9079/files/FM7251GY-D-2.jpg,4,leyland-5-pc-bedroom-set-w-chest,,,,,,,,
leyland-5-pc-bedroom-set-w-chest,,,,,,,,,,,,,,,,,,,,,,,,,,,,,,,,https://cdn.shopify.com/s/files/1/0268/6749/9079/files/FM7252DG-D-3.jpg,5,leyland-5-pc-bedroom-set-w-chest,,,,,,,,
lillestrom-4-pc-bedroom-set,LILLESTROM 4 Pc. Bedroom Set,"<p><span style=""color:#1e73be;""><strong>FREE SHIPPING</strong></span><br>
Elevate your space with LILLESTROM, styled in Contemporary and designed for everyday comfort.<br>
This bedroom bedroom set is made to fit naturally into the room. With Engineered Wood, Rubberwood, Metal, Other and Black/Gold or White/Gold tones, it blends structure and softness in one clean profile.<br>
Product Dimensions: 63.5&quot;W X 85&quot;D X 49&quot;H<br>
Size: Queen</p>

<p>Features<br>
- Engineered Wood<br>
- Rubberwood<br>
- Metal<br>
- Other<br>
- Underbed LED<br>
- Dust Proof Cases<br>
- Ball-Bearing Glides<br>
- Bracketed Metal Legs<br>
- Acrylic Trim<br>
- Mattress Ready<br>
<strong>Variant Details</strong><br>
- <strong>Size: Queen | Color: Black/Gold | Dimensions: 63.5&quot;W X 85&quot;D X 49&quot;H | Weight: 403.75 lbs | Volume: 44.7 cuft</strong><br>
- <strong>Size: Queen | Color: White/Gold | Dimensions: 63.5&quot;W X 85&quot;D X 49&quot;H | Weight: 401.55 lbs | Volume: 45 cuft</strong><br>
</p>

<p>Materials: Engineered Wood, Rubberwood, Metal, Other.<br>
Color: Black/Gold or White/Gold<br>
Weight: 401.55 - 403.75 lbs</p>",GOODDEGG,Furniture > Furniture Sets > Bedroom Furniture Sets,Bedroom Set,"Furniture of America, Quick Ship Furniture, New Arrival, Indoor Furniture, 2026",TRUE,Color,Black/Gold,,,,,,,,FM7217BK-Q-4PC,183138,shopify,20,deny,manual,1797,,TRUE,FALSE,,,,,,https://cdn.shopify.com/s/files/1/0268/6749/9079/files/FM7217BK-1-Z.jpg,1,lillestrom-4-pc-bedroom-set,FALSE,LILLESTROM 4 Pc. Bedroom Set,"Shop LILLESTROM 4 Pc. Bedroom Set. Contemporary style. Engineered Wood, Rubberwood build. Multiple colors available. Free shipping. Buy now at GOODDEGG.",FM7217BK-1-Z.jpg,lb,,799,active
lillestrom-4-pc-bedroom-set,,,,,,,,,White/Gold,,,,,,,,FM7217WH-Q-4PC,182140,shopify,20,deny,manual,1827,,TRUE,FALSE,,,,,,https://cdn.shopify.com/s/files/1/0268/6749/9079/files/FM7217BK-2.jpg,2,lillestrom-4-pc-bedroom-set,,,,FM7217WH-1-Z.jpg,lb,,799,
lillestrom-4-pc-bedroom-set,,,,,,,,,,,,,,,,,,,,,,,,,,,,,,,,https://cdn.shopify.com/s/files/1/0268/6749/9079/files/FM7217BK-3.jpg,3,lillestrom-4-pc-bedroom-set,,,,,,,,
lillestrom-4-pc-bedroom-set,,,,,,,,,,,,,,,,,,,,,,,,,,,,,,,,https://cdn.shopify.com/s/files/1/0268/6749/9079/files/FM7217BK-4.jpg,4,lillestrom-4-pc-bedroom-set,,,,,,,,
lillestrom-4-pc-bedroom-set,,,,,,,,,,,,,,,,,,,,,,,,,,,,,,,,https://cdn.shopify.com/s/files/1/0268/6749/9079/files/FM7217BK-5.jpg,5,lillestrom-4-pc-bedroom-set,,,,,,,,
lillestrom-4-pc-bedroom-set,,,,,,,,,,,,,,,,,,,,,,,,,,,,,,,,https://cdn.shopify.com/s/files/1/0268/6749/9079/files/FM7217BK-D-2.jpg,6,lillestrom-4-pc-bedroom-set,,,,,,,,
lillestrom-4-pc-bedroom-set,,,,,,,,,,,,,,,,,,,,,,,,,,,,,,,,https://cdn.shopify.com/s/files/1/0268/6749/9079/files/FM7217BK-D-3.jpg,7,lillestrom-4-pc-bedroom-set,,,,,,,,
lillestrom-4-pc-bedroom-set,,,,,,,,,,,,,,,,,,,,,,,,,,,,,,,,https://cdn.shopify.com/s/files/1/0268/6749/9079/files/FM7217WH-1-Z.jpg,8,lillestrom-4-pc-bedroom-set,,,,,,,,
lillestrom-4-pc-bedroom-set,,,,,,,,,,,,,,,,,,,,,,,,,,,,,,,,https://cdn.shopify.com/s/files/1/0268/6749/9079/files/FM7217WH-2.jpg,9,lillestrom-4-pc-bedroom-set,,,,,,,,
lillestrom-5-pc-bedroom-set-w-2ns,LILLESTROM 5 Pc. Bedroom Set w/2NS,"<p><span style=""color:#1e73be;""><strong>FREE SHIPPING</strong></span><br>
Elevate your space with LILLESTROM, styled in Contemporary and designed for everyday comfort.<br>
This bedroom bedroom set is made to fit naturally into the room. With Engineered Wood, Rubberwood, Metal, Other and Black/Gold or White/Gold tones, it blends structure and softness in one clean profile.<br>
Product Dimensions: 63.5&quot;W X 85&quot;D X 49&quot;H<br>
Size: Queen</p>

<p>Features<br>
- Engineered Wood<br>
- Rubberwood<br>
- Metal<br>
- Other<br>
- Underbed LED<br>
- Dust Proof Cases<br>
- Ball-Bearing Glides<br>
- Bracketed Metal Legs<br>
- Acrylic Trim<br>
- Mattress Ready<br>
<strong>Variant Details</strong><br>
- <strong>Size: Queen | Color: Black/Gold | Dimensions: 63.5&quot;W X 85&quot;D X 49&quot;H | Weight: 457.74 lbs | Volume: 51.4 cuft</strong><br>
- <strong>Size: Queen | Color: White/Gold | Dimensions: 63.5&quot;W X 85&quot;D X 49&quot;H | Weight: 455.54 lbs | Volume: 51.7 cuft</strong><br>
</p>

<p>Materials: Engineered Wood, Rubberwood, Metal, Other.<br>
Color: Black/Gold or White/Gold<br>
Weight: 455.54 - 457.74 lbs</p>",GOODDEGG,Furniture > Furniture Sets > Bedroom Furniture Sets,Bedroom Set,"Furniture of America, Quick Ship Furniture, New Arrival, Indoor Furniture, 2026",TRUE,Color,Black/Gold,,,,,,,,FM7217BK-Q-5PC-2NS,207627,shopify,20,deny,manual,2067,,TRUE,FALSE,,,,,,https://cdn.shopify.com/s/files/1/0268/6749/9079/files/FM7217BK-1-Z.jpg,1,lillestrom-5-pc-bedroom-set-w-2ns,FALSE,LILLESTROM 5 Pc. Bedroom Set w/2NS,"Shop LILLESTROM 5 Pc. Bedroom Set w/2NS. Contemporary style. Engineered Wood, Rubberwood build. Multiple colors available. Free shipping. Buy now at GOODDEGG.",FM7217BK-1-Z.jpg,lb,,899,active
lillestrom-5-pc-bedroom-set-w-2ns,,,,,,,,,White/Gold,,,,,,,,FM7217WH-Q-5PC-2NS,206629,shopify,20,deny,manual,2097,,TRUE,FALSE,,,,,,https://cdn.shopify.com/s/files/1/0268/6749/9079/files/FM7217BK-2.jpg,2,lillestrom-5-pc-bedroom-set-w-2ns,,,,FM7217WH-1-Z.jpg,lb,,949,
lillestrom-5-pc-bedroom-set-w-2ns,,,,,,,,,,,,,,,,,,,,,,,,,,,,,,,,https://cdn.shopify.com/s/files/1/0268/6749/9079/files/FM7217BK-3.jpg,3,lillestrom-5-pc-bedroom-set-w-2ns,,,,,,,,
lillestrom-5-pc-bedroom-set-w-2ns,,,,,,,,,,,,,,,,,,,,,,,,,,,,,,,,https://cdn.shopify.com/s/files/1/0268/6749/9079/files/FM7217BK-4.jpg,4,lillestrom-5-pc-bedroom-set-w-2ns,,,,,,,,
lillestrom-5-pc-bedroom-set-w-2ns,,,,,,,,,,,,,,,,,,,,,,,,,,,,,,,,https://cdn.shopify.com/s/files/1/0268/6749/9079/files/FM7217BK-5.jpg,5,lillestrom-5-pc-bedroom-set-w-2ns,,,,,,,,
lillestrom-5-pc-bedroom-set-w-2ns,,,,,,,,,,,,,,,,,,,,,,,,,,,,,,,,https://cdn.shopify.com/s/files/1/0268/6749/9079/files/FM7217BK-D-2.jpg,6,lillestrom-5-pc-bedroom-set-w-2ns,,,,,,,,
lillestrom-5-pc-bedroom-set-w-2ns,,,,,,,,,,,,,,,,,,,,,,,,,,,,,,,,https://cdn.shopify.com/s/files/1/0268/6749/9079/files/FM7217BK-D-3.jpg,7,lillestrom-5-pc-bedroom-set-w-2ns,,,,,,,,
lillestrom-5-pc-bedroom-set-w-2ns,,,,,,,,,,,,,,,,,,,,,,,,,,,,,,,,https://cdn.shopify.com/s/files/1/0268/6749/9079/files/FM7217WH-1-Z.jpg,8,lillestrom-5-pc-bedroom-set-w-2ns,,,,,,,,
lillestrom-5-pc-bedroom-set-w-2ns,,,,,,,,,,,,,,,,,,,,,,,,,,,,,,,,https://cdn.shopify.com/s/files/1/0268/6749/9079/files/FM7217WH-2.jpg,9,lillestrom-5-pc-bedroom-set-w-2ns,,,,,,,,
lillestrom-5-pc-bedroom-set-w-chest,LILLESTROM 5 Pc. Bedroom Set w/Chest,"<p><span style=""color:#1e73be;""><strong>FREE SHIPPING</strong></span><br>
Elevate your space with LILLESTROM, styled in Contemporary and designed for everyday comfort.<br>
This bedroom bedroom set is made to fit naturally into the room. With Engineered Wood, Rubberwood, Metal, Other and Black/Gold or White/Gold tones, it blends structure and softness in one clean profile.<br>
Product Dimensions: 63.5&quot;W X 85&quot;D X 49&quot;H<br>
Size: Queen</p>

<p>Features<br>
- Engineered Wood<br>
- Rubberwood<br>
- Metal<br>
- Other<br>
- Underbed LED<br>
- Dust Proof Cases<br>
- Ball-Bearing Glides<br>
- Bracketed Metal Legs<br>
- Acrylic Trim<br>
- Mattress Ready<br>
<strong>Variant Details</strong><br>
- <strong>Size: Queen | Color: Black/Gold | Dimensions: 63.5&quot;W X 85&quot;D X 49&quot;H | Weight: 563.54 lbs | Volume: 64.2 cuft</strong><br>
- <strong>Size: Queen | Color: White/Gold | Dimensions: 63.5&quot;W X 85&quot;D X 49&quot;H | Weight: 561.34 lbs | Volume: 64.5 cuft</strong><br>
</p>

<p>Materials: Engineered Wood, Rubberwood, Metal, Other.<br>
Color: Black/Gold or White/Gold<br>
Weight: 561.34 - 563.54 lbs</p>",GOODDEGG,Furniture > Furniture Sets > Bedroom Furniture Sets,Bedroom Set,"Furniture of America, Quick Ship Furniture, New Arrival, Indoor Furniture, 2026",TRUE,Color,Black/Gold,,,,,,,,FM7217BK-Q-5PC-CHEST,255617,shopify,20,deny,manual,2424,,TRUE,FALSE,,,,,,https://cdn.shopify.com/s/files/1/0268/6749/9079/files/FM7217BK-1-Z.jpg,1,lillestrom-5-pc-bedroom-set-w-chest,FALSE,LILLESTROM 5 Pc. Bedroom Set w/Chest,"Shop LILLESTROM 5 Pc. Bedroom Set w/Chest. Contemporary style. Engineered Wood, Rubberwood build. Multiple colors available. Free shipping. Buy now at GOODDEGG.",FM7217BK-1-Z.jpg,lb,,1078,active
lillestrom-5-pc-bedroom-set-w-chest,,,,,,,,,White/Gold,,,,,,,,FM7217WH-Q-5PC-CHEST,254620,shopify,20,deny,manual,2454,,TRUE,FALSE,,,,,,https://cdn.shopify.com/s/files/1/0268/6749/9079/files/FM7217BK-2.jpg,2,lillestrom-5-pc-bedroom-set-w-chest,,,,FM7217WH-1-Z.jpg,lb,,1079,
lillestrom-5-pc-bedroom-set-w-chest,,,,,,,,,,,,,,,,,,,,,,,,,,,,,,,,https://cdn.shopify.com/s/files/1/0268/6749/9079/files/FM7217BK-3.jpg,3,lillestrom-5-pc-bedroom-set-w-chest,,,,,,,,
lillestrom-5-pc-bedroom-set-w-chest,,,,,,,,,,,,,,,,,,,,,,,,,,,,,,,,https://cdn.shopify.com/s/files/1/0268/6749/9079/files/FM7217BK-4.jpg,4,lillestrom-5-pc-bedroom-set-w-chest,,,,,,,,
lillestrom-5-pc-bedroom-set-w-chest,,,,,,,,,,,,,,,,,,,,,,,,,,,,,,,,https://cdn.shopify.com/s/files/1/0268/6749/9079/files/FM7217BK-5.jpg,5,lillestrom-5-pc-bedroom-set-w-chest,,,,,,,,
lillestrom-5-pc-bedroom-set-w-chest,,,,,,,,,,,,,,,,,,,,,,,,,,,,,,,,https://cdn.shopify.com/s/files/1/0268/6749/9079/files/FM7217BK-D-2.jpg,6,lillestrom-5-pc-bedroom-set-w-chest,,,,,,,,
lillestrom-5-pc-bedroom-set-w-chest,,,,,,,,,,,,,,,,,,,,,,,,,,,,,,,,https://cdn.shopify.com/s/files/1/0268/6749/9079/files/FM7217BK-D-3.jpg,7,lillestrom-5-pc-bedroom-set-w-chest,,,,,,,,
lillestrom-5-pc-bedroom-set-w-chest,,,,,,,,,,,,,,,,,,,,,,,,,,,,,,,,https://cdn.shopify.com/s/files/1/0268/6749/9079/files/FM7217BK-C-1.jpg,8,lillestrom-5-pc-bedroom-set-w-chest,,,,,,,,
lillestrom-5-pc-bedroom-set-w-chest,,,,,,,,,,,,,,,,,,,,,,,,,,,,,,,,https://cdn.shopify.com/s/files/1/0268/6749/9079/files/FM7217WH-1-Z.jpg,9,lillestrom-5-pc-bedroom-set-w-chest,,,,,,,,
lillestrom-5-pc-bedroom-set-w-chest,,,,,,,,,,,,,,,,,,,,,,,,,,,,,,,,https://cdn.shopify.com/s/files/1/0268/6749/9079/files/FM7217WH-2.jpg,10,lillestrom-5-pc-bedroom-set-w-chest,,,,,,,,
lincolt-4-pc-bedroom-set,LINCOLT 4 Pc. Bedroom Set,"<p><span style=""color:#1e73be;""><strong>FREE SHIPPING</strong></span><br>
LINCOLT 4 Pc. Bedroom Set completes the bedroom with a relaxed, pulled-together look. As a bedroom bedroom set, it is designed to coordinate with matching pieces. The Contemporary character adds definition without feeling heavy. With Melamine, Paper Veneer, construction and White Wash or Stone Gray tones, it blends durability with visual warmth.<br>
Product Dimensions: 84.6""L X 63""W X 54""H<br>
Size: Queen</p>

<p>Features<br>
- White Wash or Stone Gray<br>
- Two-tone Design<br>
- LED on Headboard<br>
- French Dovetail Drawer<br>
- Center Metal Glide<br>
- Wood Panel Handle<br>
- Melamine Top on Nightstand<br>
- Dresser and Chest Included items and dimensions:<br>
- Nightstand: color: White Wash or Stone Gray; dimensions: 23.5"" W x 15.5""D x 18"" H; feature: Contemporary<br>
- Dresser: color: White Wash or Stone Gray; dimensions: 60"" W x 17.5""D x 32"" H; feature: Contemporary</p>

<p>Materials: Melamine, Paper Veneer.<br>
Color: White Wash or Stone Gray<br>
Weight: 371.59 lbs</p>",GOODDEGG,Furniture > Furniture Sets > Bedroom Furniture Sets,Bedroom Set,"Furniture of America, Quick Ship Furniture, New Arrival, Indoor Furniture, 2026",TRUE,Size,Queen,,,,,,,,FM7201WH-Q-4PC,168550,shopify,20,deny,manual,1467,,TRUE,FALSE,,,,,,https://cdn.shopify.com/s/files/1/0268/6749/9079/files/FM7201WH-1-Z.jpg,1,lincolt-4-pc-bedroom-set,FALSE,LINCOLT 4 Pc. Bedroom Set,"Shop LINCOLT 4 Pc. Bedroom Set. Contemporary style. Melamine, Paper Veneer build. Size: Queen. Free shipping. Buy now at GOODDEGG.",FM7201WH-1-Z.jpg,lb,,669,active
lincolt-5-pc-bedroom-set-w-2ns,LINCOLT 5 Pc. Bedroom Set w/ 2NS,"<p><span style=""color:#1e73be;""><strong>FREE SHIPPING</strong></span><br>
LINCOLT 5 Pc. Bedroom Set w/ 2NS brings a restful, finished feel to the bedroom. This bedroom bedroom set is made to fit naturally into the room. A Contemporary profile gives the space a refined, approachable look. Finished in White Wash or Stone Gray tones, the Melamine, Paper Veneer, build keeps the look polished and practical.<br>
Product Dimensions:.<br>
Size: Queen</p>

<p>Features<br>
- White Wash or Stone Gray<br>
- Two-tone Design<br>
- LED on Headboard<br>
- French Dovetail Drawer<br>
- Center Metal Glide<br>
- Wood Panel Handle<br>
- Melamine Top on Nightstand<br>
- Dresser and Chest Included items and dimensions:<br>
- Nightstand: color: White Wash or Stone Gray; dimensions: 23.5"" W x 15.5""D x 18"" H; feature: Contemporary<br>
- Dresser: color: White Wash or Stone Gray; dimensions: 60"" W x 17.5""D x 32"" H; feature: Contemporary</p>

<p>Materials: Melamine, Paper Veneer.<br>
Color: White Wash or Stone Gray<br>
Weight: 418.29 lbs</p>",GOODDEGG,Furniture > Furniture Sets > Bedroom Furniture Sets,Bedroom Set,"Furniture of America, Quick Ship Furniture, New Arrival, Indoor Furniture, 2026",TRUE,Size,Queen,,,,,,,,FM7201WH-Q-5PC-2NS,189733,shopify,20,deny,manual,1707,,TRUE,FALSE,,,,,,https://cdn.shopify.com/s/files/1/0268/6749/9079/files/FM7201WH-1-Z.jpg,1,lincolt-5-pc-bedroom-set-w-2ns,FALSE,LINCOLT 5 Pc. Bedroom Set w/ 2NS,"Shop LINCOLT 5 Pc. Bedroom Set w/ 2NS. Contemporary style. Melamine, Paper Veneer build. Size: Queen. Free shipping. Buy now at GOODDEGG.",FM7201WH-1-Z.jpg,lb,,779,active
lincolt-5-pc-bedroom-set-w-chest,LINCOLT 5 Pc. Bedroom Set w/ Chest,"<p><span style=""color:#1e73be;""><strong>FREE SHIPPING</strong></span><br>
Create a calm, coordinated retreat with LINCOLT 5 Pc. Bedroom Set w/ Chest. Designed as a bedroom bedroom set, it pairs easily with surrounding decor. Its Contemporary styling keeps the room feeling polished yet comfortable. Built from Melamine, Paper Veneer, and finished in White Wash or Stone Gray tones for a clean, cohesive look.<br>
Product Dimensions:.<br>
Size: Queen</p>

<p>Features<br>
- White Wash or Stone Gray<br>
- Two-tone Design<br>
- LED on Headboard<br>
- French Dovetail Drawer<br>
- Center Metal Glide<br>
- Wood Panel Handle<br>
- Melamine Top on Nightstand<br>
- Dresser and Chest Included items and dimensions:<br>
- Nightstand: color: White Wash or Stone Gray; dimensions: 23.5"" W x 15.5""D x 18"" H; feature: Contemporary<br>
- Dresser: color: White Wash or Stone Gray; dimensions: 60"" W x 17.5""D x 32"" H; feature: Contemporary<br>
- Chest: color: White Wash or Stone Gray; dimensions: 35.5"" W x 17.5""D x 47"" H; feature: Contemporary</p>

<p>Materials: Melamine, Paper Veneer.<br>
Color: White Wash or Stone Gray<br>
Weight: 514.89 lbs</p>",GOODDEGG,Furniture > Furniture Sets > Bedroom Furniture Sets,Bedroom Set,"Furniture of America, Quick Ship Furniture, New Arrival, Indoor Furniture, 2026",TRUE,Size,Queen,,,,,,,,FM7201WH-Q-5PC-CHEST,233550,shopify,20,deny,manual,2034,,TRUE,FALSE,,,,,,https://cdn.shopify.com/s/files/1/0268/6749/9079/files/FM7201WH-1-Z.jpg,1,lincolt-5-pc-bedroom-set-w-chest,FALSE,LINCOLT 5 Pc. Bedroom Set w/ Chest,"Shop LINCOLT 5 Pc. Bedroom Set w/ Chest. Contemporary style. Melamine, Paper Veneer build. Size: Queen. Free shipping. Buy now at GOODDEGG.",FM7201WH-1-Z.jpg,lb,,958,active
litchville-4-pc-bedroom-set,LITCHVILLE 4 Pc. Bedroom Set,"<p><span style=""color:#1e73be;""><strong>FREE SHIPPING</strong></span><br>
Create a calm, coordinated retreat with LITCHVILLE 4 Pc. Bedroom Set. Designed as a bedroom bedroom set, it pairs easily with surrounding decor. Its Transitional styling keeps the room feeling polished yet comfortable. Finished in Brown Cherry tones, the Solid Wood, Wood Veneer, Engineered Wood build keeps the look polished and practical.<br>
Product Dimensions: 93 5/8""L X 64""W X 57""H<br>
Size: Queen</p>

<p>Features<br>
- Sleigh Bed<br>
- Felt-Lined Top Drawers<br>
- Hexagon Shaped Drawer Pulls<br>
- English Dovetail Drawer Construction<br>
- Foundation Required Included items and dimensions:<br>
- Nightstand: color: Brown Cherry; dimensions: 28 3 or 8"" W x 17""D x 29 3 or 8"" H; feature: Transitional<br>
- Dresser: color: Brown Cherry; dimensions: 64"" W x 19""D x 44 1 or 4"" H; feature: Transitional</p>

<p>Materials: Solid Wood, Wood Veneer, Engineered Wood.<br>
Color: Brown Cherry<br>
Weight: 503.8 lbs</p>",GOODDEGG,Furniture > Furniture Sets > Bedroom Furniture Sets,Bedroom Set,"Furniture of America, Quick Ship Furniture, New Arrival, Indoor Furniture, 2026",TRUE,Size,Queen,,,,,,,,CM7383Q-4PC,228520,shopify,20,deny,manual,2577,,TRUE,FALSE,,,,,,CM7383.jpg,1,litchville-4-pc-bedroom-set,FALSE,LITCHVILLE 4 Pc. Bedroom Set,"Shop LITCHVILLE 4 Pc. Bedroom Set. Transitional style. Solid Wood, Wood Veneer build. Size: Queen. Free shipping. Buy now at GOODDEGG.",CM7383.jpg,lb,,1069,active
litchville-4-pc-bedroom-set,,,,,,,,,,,,,,,,,,,,,,,,,,,,,,,,https://cdn.shopify.com/s/files/1/0268/6749/9079/files/CM7383-closeup.jpg,2,litchville-4-pc-bedroom-set,,,,,,,,
litchville-4-pc-bedroom-set,,,,,,,,,,,,,,,,,,,,,,,,,,,,,,,,https://cdn.shopify.com/s/files/1/0268/6749/9079/files/CM7383-1-Z.jpg,3,litchville-4-pc-bedroom-set,,,,,,,,
litchville-4-pc-bedroom-set,,,,,,,,,,,,,,,,,,,,,,,,,,,,,,,,https://cdn.shopify.com/s/files/1/0268/6749/9079/files/CM7383-WB.jpg,4,litchville-4-pc-bedroom-set,,,,,,,,
litchville-4-pc-bedroom-set,,,,,,,,,,,,,,,,,,,,,,,,,,,,,,,,https://cdn.shopify.com/s/files/1/0268/6749/9079/files/CM7383-1.jpg,5,litchville-4-pc-bedroom-set,,,,,,,,
litchville-5-pc-bedroom-set-w-2ns,LITCHVILLE 5 Pc. Bedroom Set w/ 2NS,"<p><span style=""color:#1e73be;""><strong>FREE SHIPPING</strong></span><br>
LITCHVILLE 5 Pc. Bedroom Set w/ 2NS completes the bedroom with a relaxed, pulled-together look. As a bedroom bedroom set, it is designed to coordinate with matching pieces. The Transitional character adds definition without feeling heavy. Built from Solid Wood, Wood Veneer, Engineered Wood and finished in Brown Cherry tones for a clean, cohesive look.<br>
Product Dimensions: 93 5/8""L X 64""W X 57""H<br>
Size: Queen</p>

<p>Features<br>
- Sleigh Bed<br>
- Felt-Lined Top Drawers<br>
- Hexagon Shaped Drawer Pulls<br>
- English Dovetail Drawer Construction<br>
- Foundation Required Included items and dimensions:<br>
- Nightstand: color: Brown Cherry; dimensions: 28 3 or 8"" W x 17""D x 29 3 or 8"" H; feature: Transitional<br>
- Dresser: color: Brown Cherry; dimensions: 64"" W x 19""D x 44 1 or 4"" H; feature: Transitional</p>

<p>Materials: Solid Wood, Wood Veneer, Engineered Wood.<br>
Color: Brown Cherry<br>
Weight: 572.8 lbs</p>",GOODDEGG,Furniture > Furniture Sets > Bedroom Furniture Sets,Bedroom Set,"Furniture of America, Quick Ship Furniture, New Arrival, Indoor Furniture, 2026",TRUE,Size,Queen,,,,,,,,CM7383Q-5PC-2NS,259818,shopify,20,deny,manual,2937,,TRUE,FALSE,,,,,,CM7383.jpg,1,litchville-5-pc-bedroom-set-w-2ns,FALSE,LITCHVILLE 5 Pc. Bedroom Set w/ 2NS,"Shop LITCHVILLE 5 Pc. Bedroom Set w/ 2NS. Transitional style. Solid Wood, Wood Veneer build. Size: Queen. Free shipping. Buy now at GOODDEGG.",CM7383.jpg,lb,,1219,active
litchville-5-pc-bedroom-set-w-2ns,,,,,,,,,,,,,,,,,,,,,,,,,,,,,,,,https://cdn.shopify.com/s/files/1/0268/6749/9079/files/CM7383-closeup.jpg,2,litchville-5-pc-bedroom-set-w-2ns,,,,,,,,
litchville-5-pc-bedroom-set-w-2ns,,,,,,,,,,,,,,,,,,,,,,,,,,,,,,,,https://cdn.shopify.com/s/files/1/0268/6749/9079/files/CM7383-1-Z.jpg,3,litchville-5-pc-bedroom-set-w-2ns,,,,,,,,
litchville-5-pc-bedroom-set-w-2ns,,,,,,,,,,,,,,,,,,,,,,,,,,,,,,,,https://cdn.shopify.com/s/files/1/0268/6749/9079/files/CM7383-WB.jpg,4,litchville-5-pc-bedroom-set-w-2ns,,,,,,,,
litchville-5-pc-bedroom-set-w-2ns,,,,,,,,,,,,,,,,,,,,,,,,,,,,,,,,https://cdn.shopify.com/s/files/1/0268/6749/9079/files/CM7383-1.jpg,5,litchville-5-pc-bedroom-set-w-2ns,,,,,,,,
litchville-5-pc-bedroom-set-w-chest,LITCHVILLE 5 Pc. Bedroom Set w/ Chest,"<p><span style=""color:#1e73be;""><strong>FREE SHIPPING</strong></span><br>
LITCHVILLE 5 Pc. Bedroom Set w/ Chest brings a restful, finished feel to the bedroom. This bedroom bedroom set is made to fit naturally into the room. A Transitional profile gives the space a refined, approachable look. Crafted with Solid Wood, Wood Veneer, Engineered Wood, then finished in Brown Cherry tones to suit a range of interiors.<br>
Product Dimensions: 93 5/8""L X 64""W X 57""H<br>
Size: Queen</p>

<p>Features<br>
- Sleigh Bed<br>
- Felt-Lined Top Drawers<br>
- Hexagon Shaped Drawer Pulls<br>
- English Dovetail Drawer Construction<br>
- Foundation Required Included items and dimensions:<br>
- Nightstand: color: Brown Cherry; dimensions: 28 3 or 8"" W x 17""D x 29 3 or 8"" H; feature: Transitional<br>
- Dresser: color: Brown Cherry; dimensions: 64"" W x 19""D x 44 1 or 4"" H; feature: Transitional<br>
- Chest: color: Brown Cherry; dimensions: 39 3 or 8"" W x 19""D x 58"" H; feature: Transitional</p>

<p>Materials: Solid Wood, Wood Veneer, Engineered Wood.<br>
Color: Brown Cherry<br>
Weight: 647.8 lbs</p>",GOODDEGG,Furniture > Furniture Sets > Bedroom Furniture Sets,Bedroom Set,"Furniture of America, Quick Ship Furniture, New Arrival, Indoor Furniture, 2026",TRUE,Size,Queen,,,,,,,,CM7383Q-5PC-CHEST,293837,shopify,20,deny,manual,3414,,TRUE,FALSE,,,,,,CM7383.jpg,1,litchville-5-pc-bedroom-set-w-chest,FALSE,LITCHVILLE 5 Pc. Bedroom Set w/ Chest,"Shop LITCHVILLE 5 Pc. Bedroom Set w/ Chest. Transitional style. Solid Wood, Wood Veneer build. Size: Queen. Free shipping. Buy now at GOODDEGG.",CM7383.jpg,lb,,1418,active
litchville-5-pc-bedroom-set-w-chest,,,,,,,,,,,,,,,,,,,,,,,,,,,,,,,,https://cdn.shopify.com/s/files/1/0268/6749/9079/files/CM7383-closeup.jpg,2,litchville-5-pc-bedroom-set-w-chest,,,,,,,,
litchville-5-pc-bedroom-set-w-chest,,,,,,,,,,,,,,,,,,,,,,,,,,,,,,,,https://cdn.shopify.com/s/files/1/0268/6749/9079/files/CM7383-1-Z.jpg,3,litchville-5-pc-bedroom-set-w-chest,,,,,,,,
litchville-5-pc-bedroom-set-w-chest,,,,,,,,,,,,,,,,,,,,,,,,,,,,,,,,https://cdn.shopify.com/s/files/1/0268/6749/9079/files/CM7383-WB.jpg,4,litchville-5-pc-bedroom-set-w-chest,,,,,,,,
litchville-5-pc-bedroom-set-w-chest,,,,,,,,,,,,,,,,,,,,,,,,,,,,,,,,https://cdn.shopify.com/s/files/1/0268/6749/9079/files/CM7383-1.jpg,5,litchville-5-pc-bedroom-set-w-chest,,,,,,,,
loraine-4-pc-bedroom-set,LORAINE 4 Pc. Bedroom Set,"<p><span style=""color:#1e73be;""><strong>FREE SHIPPING</strong></span><br>
LORAINE 4 Pc. Bedroom Set brings a restful, finished feel to the bedroom. This bedroom bedroom set is made to fit naturally into the room. A Glam profile gives the space a refined, approachable look. With Leatherette, Fabric, Mirror, Solid Wood, Wood Veneer, Engineered Wood construction and Champagne tones, it blends durability with visual warmth.<br>
Product Dimensions: 88""L X 64 1/4""W X 68""H<br>
Size: Queen</p>

<p>Features<br>
- Button Tufted Leatherette H or B & F or B<br>
- Nailhead Trim<br>
- Ring Pull Handles<br>
- English Dovetail Drawer Construction<br>
- Foundation Required Included items and dimensions:<br>
- Nightstand: color: Champagne; dimensions: 30"" W x 17 1 or 2""D x 29 1 or 4"" H; feature: Glam<br>
- Dresser: color: Champagne; dimensions: 68"" W x 18""D x 38"" H; feature: Glam</p>

<p>Materials: Leatherette, Fabric, Mirror, Solid Wood, Wood Veneer, Engineered Wood.<br>
Color: Champagne<br>
Weight: 581.24 lbs</p>",GOODDEGG,Furniture > Furniture Sets > Bedroom Furniture Sets,Bedroom Set,"Furniture of America, Quick Ship Furniture, New Arrival, Indoor Furniture, 2026",TRUE,Size,Queen,,,,,,,,CM7195Q-4PC,263646,shopify,20,deny,manual,3507,,TRUE,FALSE,,,,,,CM7195.jpg,1,loraine-4-pc-bedroom-set,FALSE,LORAINE 4 Pc. Bedroom Set,"Shop LORAINE 4 Pc. Bedroom Set. Glam style. Leatherette, Fabric build. Size: Queen. Free shipping. Buy now at GOODDEGG.",CM7195.jpg,lb,,1379,active
loraine-4-pc-bedroom-set,,,,,,,,,,,,,,,,,,,,,,,,,,,,,,,,https://cdn.shopify.com/s/files/1/0268/6749/9079/files/CM7195-1-Z.jpg,2,loraine-4-pc-bedroom-set,,,,,,,,
loraine-4-pc-bedroom-set,,,,,,,,,,,,,,,,,,,,,,,,,,,,,,,,https://cdn.shopify.com/s/files/1/0268/6749/9079/files/CM7195-Z.jpg,3,loraine-4-pc-bedroom-set,,,,,,,,
loraine-4-pc-bedroom-set,,,,,,,,,,,,,,,,,,,,,,,,,,,,,,,,https://cdn.shopify.com/s/files/1/0268/6749/9079/files/CM7195-2.jpg,4,loraine-4-pc-bedroom-set,,,,,,,,
loraine-4-pc-bedroom-set,,,,,,,,,,,,,,,,,,,,,,,,,,,,,,,,https://cdn.shopify.com/s/files/1/0268/6749/9079/files/CM7195-3.jpg,5,loraine-4-pc-bedroom-set,,,,,,,,
loraine-4-pc-bedroom-set,,,,,,,,,,,,,,,,,,,,,,,,,,,,,,,,https://cdn.shopify.com/s/files/1/0268/6749/9079/files/CM7195-5.jpg,6,loraine-4-pc-bedroom-set,,,,,,,,
loraine-5-pc-bedroom-set-w-2ns,LORAINE 5 Pc. Bedroom Set w/ 2NS,"<p><span style=""color:#1e73be;""><strong>FREE SHIPPING</strong></span><br>
Create a calm, coordinated retreat with LORAINE 5 Pc. Bedroom Set w/ 2NS. Designed as a bedroom bedroom set, it pairs easily with surrounding decor. Its Glam styling keeps the room feeling polished yet comfortable. Finished in Champagne tones, the Leatherette, Fabric, Mirror, Solid Wood, Wood Veneer, Engineered Wood build keeps the look polished and practical.<br>
Product Dimensions: 88""L X 64 1/4""W X 68""H<br>
Size: Queen</p>

<p>Features<br>
- Button Tufted Leatherette H or B & F or B<br>
- Nailhead Trim<br>
- Ring Pull Handles<br>
- English Dovetail Drawer Construction<br>
- Foundation Required Included items and dimensions:<br>
- Nightstand: color: Champagne; dimensions: 30"" W x 17 1 or 2""D x 29 1 or 4"" H; feature: Glam<br>
- Dresser: color: Champagne; dimensions: 68"" W x 18""D x 38"" H; feature: Glam</p>

<p>Materials: Leatherette, Fabric, Mirror, Solid Wood, Wood Veneer, Engineered Wood.<br>
Color: Champagne<br>
Weight: 660.88 lbs</p>",GOODDEGG,Furniture > Furniture Sets > Bedroom Furniture Sets,Bedroom Set,"Furniture of America, Quick Ship Furniture, New Arrival, Indoor Furniture, 2026",TRUE,Size,Queen,,,,,,,,CM7195Q-5PC-2NS,299770,shopify,20,deny,manual,4017,,TRUE,FALSE,,,,,,CM7195.jpg,1,loraine-5-pc-bedroom-set-w-2ns,FALSE,LORAINE 5 Pc. Bedroom Set w/ 2NS,"Shop LORAINE 5 Pc. Bedroom Set w/ 2NS. Glam style. Leatherette, Fabric build. Size: Queen. Free shipping. Buy now at GOODDEGG.",CM7195.jpg,lb,,1579,active
loraine-5-pc-bedroom-set-w-2ns,,,,,,,,,,,,,,,,,,,,,,,,,,,,,,,,https://cdn.shopify.com/s/files/1/0268/6749/9079/files/CM7195-1-Z.jpg,2,loraine-5-pc-bedroom-set-w-2ns,,,,,,,,
loraine-5-pc-bedroom-set-w-2ns,,,,,,,,,,,,,,,,,,,,,,,,,,,,,,,,https://cdn.shopify.com/s/files/1/0268/6749/9079/files/CM7195-Z.jpg,3,loraine-5-pc-bedroom-set-w-2ns,,,,,,,,
loraine-5-pc-bedroom-set-w-2ns,,,,,,,,,,,,,,,,,,,,,,,,,,,,,,,,https://cdn.shopify.com/s/files/1/0268/6749/9079/files/CM7195-2.jpg,4,loraine-5-pc-bedroom-set-w-2ns,,,,,,,,
loraine-5-pc-bedroom-set-w-2ns,,,,,,,,,,,,,,,,,,,,,,,,,,,,,,,,https://cdn.shopify.com/s/files/1/0268/6749/9079/files/CM7195-3.jpg,5,loraine-5-pc-bedroom-set-w-2ns,,,,,,,,
loraine-5-pc-bedroom-set-w-2ns,,,,,,,,,,,,,,,,,,,,,,,,,,,,,,,,https://cdn.shopify.com/s/files/1/0268/6749/9079/files/CM7195-5.jpg,6,loraine-5-pc-bedroom-set-w-2ns,,,,,,,,
loraine-5-pc-bedroom-set-w-chest,LORAINE 5 Pc. Bedroom Set w/ Chest,"<p><span style=""color:#1e73be;""><strong>FREE SHIPPING</strong></span><br>
LORAINE 5 Pc. Bedroom Set w/ Chest completes the bedroom with a relaxed, pulled-together look. As a bedroom bedroom set, it is designed to coordinate with matching pieces. The Glam character adds definition without feeling heavy. Built from Leatherette, Fabric, Mirror, Solid Wood, Wood Veneer, Engineered Wood and finished in Champagne tones for a clean, cohesive look.<br>
Product Dimensions: 88""L X 64 1/4""W X 68""H<br>
Size: Queen</p>

<p>Features<br>
- Button Tufted Leatherette H or B & F or B<br>
- Nailhead Trim<br>
- Ring Pull Handles<br>
- English Dovetail Drawer Construction<br>
- Foundation Required Included items and dimensions:<br>
- Nightstand: color: Champagne; dimensions: 30"" W x 17 1 or 2""D x 29 1 or 4"" H; feature: Glam<br>
- Dresser: color: Champagne; dimensions: 68"" W x 18""D x 38"" H; feature: Glam<br>
- Chest: color: Champagne; dimensions: 43"" W x 18""D x 60"" H; feature: Glam</p>

<p>Materials: Leatherette, Fabric, Mirror, Solid Wood, Wood Veneer, Engineered Wood.<br>
Color: Champagne<br>
Weight: 766.04 lbs</p>",GOODDEGG,Furniture > Furniture Sets > Bedroom Furniture Sets,Bedroom Set,"Furniture of America, Quick Ship Furniture, New Arrival, Indoor Furniture, 2026",TRUE,Size,Queen,,,,,,,,CM7195Q-5PC-CHEST,347470,shopify,20,deny,manual,4644,,TRUE,FALSE,,,,,,CM7195.jpg,1,loraine-5-pc-bedroom-set-w-chest,FALSE,LORAINE 5 Pc. Bedroom Set w/ Chest,"Shop LORAINE 5 Pc. Bedroom Set w/ Chest. Glam style. Leatherette, Fabric build. Size: Queen. Free shipping. Buy now at GOODDEGG.",CM7195.jpg,lb,,1858,active
loraine-5-pc-bedroom-set-w-chest,,,,,,,,,,,,,,,,,,,,,,,,,,,,,,,,https://cdn.shopify.com/s/files/1/0268/6749/9079/files/CM7195-1-Z.jpg,2,loraine-5-pc-bedroom-set-w-chest,,,,,,,,
loraine-5-pc-bedroom-set-w-chest,,,,,,,,,,,,,,,,,,,,,,,,,,,,,,,,https://cdn.shopify.com/s/files/1/0268/6749/9079/files/CM7195-Z.jpg,3,loraine-5-pc-bedroom-set-w-chest,,,,,,,,
loraine-5-pc-bedroom-set-w-chest,,,,,,,,,,,,,,,,,,,,,,,,,,,,,,,,https://cdn.shopify.com/s/files/1/0268/6749/9079/files/CM7195-2.jpg,4,loraine-5-pc-bedroom-set-w-chest,,,,,,,,
loraine-5-pc-bedroom-set-w-chest,,,,,,,,,,,,,,,,,,,,,,,,,,,,,,,,https://cdn.shopify.com/s/files/1/0268/6749/9079/files/CM7195-3.jpg,5,loraine-5-pc-bedroom-set-w-chest,,,,,,,,
loraine-5-pc-bedroom-set-w-chest,,,,,,,,,,,,,,,,,,,,,,,,,,,,,,,,https://cdn.shopify.com/s/files/1/0268/6749/9079/files/CM7195-5.jpg,6,loraine-5-pc-bedroom-set-w-chest,,,,,,,,
louis-philippe-4-pc-bedroom-set,LOUIS PHILIPPE 4 Pc. Bedroom Set,"<p><span style=""color:#1e73be;""><strong>FREE SHIPPING</strong></span><br>
Elevate your space with LOUIS PHILIPPE, styled in Transitional and designed for everyday comfort.<br>
This bedroom bedroom set is made to fit naturally into the room. With Solid Wood, Wood Veneer, Others and Black or Dark Cherry or Gray or White tones, it blends structure and softness in one clean profile.<br>
Product Dimensions: Varies by variant (see Variant Details below).<br>
Size: Queen</p>

<p>Features<br>
- Solid Wood<br>
- Wood Veneer<br>
- Others<br>
- Sleigh Design<br>
- Hanging Drawer Pulls<br>
- Dust Proof Case<br>
- English Dovetail Drawer<br>
- Bracket Feet<br>
- Foundation Required<br>
<strong>Variant Details</strong><br>
- <strong>Size: Queen | Color: Black | Dimensions: 90&quot;L X 62 1/4&quot;W X 47&quot;H | Weight: 275 lbs | Volume: 38.8 cuft</strong><br>
- <strong>Size: Queen | Color: Dark Cherry | Dimensions: . | Weight: 273.9 lbs | Volume: 38.3 cuft</strong><br>
- <strong>Size: Queen | Color: Gray | Dimensions: 90&quot;L X 62 1/4&quot;W X 47&quot;H | Weight: 281.6 lbs | Volume: 38.2 cuft</strong><br>
- <strong>Size: Queen | Color: White | Dimensions: . | Weight: 272.7 lbs | Volume: 38.5 cuft</strong><br>
</p>

<p>Materials: Solid Wood, Wood Veneer, Others.<br>
Color: Black or Dark Cherry or Gray or White<br>
Weight: 272.7 - 281.6 lbs</p>",GOODDEGG,Furniture > Furniture Sets > Bedroom Furniture Sets,Bedroom Set,"Furniture of America, Quick Ship Furniture, New Arrival, Indoor Furniture, 2026",TRUE,Color,Black,,,,,,,,FM7866BK-Q-4PC,124738,shopify,20,deny,manual,957,,TRUE,FALSE,,,,,,FM7866BK-1.jpg,1,louis-philippe-4-pc-bedroom-set,FALSE,LOUIS PHILIPPE 4 Pc. Bedroom Set,"Shop LOUIS PHILIPPE 4 Pc. Bedroom Set. Transitional style. Solid Wood, Wood Veneer build. Multiple colors available. Free shipping. Buy now at GOODDEGG.",FM7866BK-1.jpg,lb,,409,active
louis-philippe-4-pc-bedroom-set,,,,,,,,,Dark Cherry,,,,,,,,FM7866CH-Q-4PC,124239,shopify,20,deny,manual,957,,TRUE,FALSE,,,,,,FM7866BK-4.jpg,2,louis-philippe-4-pc-bedroom-set,,,,FM7866CH-1.jpg,lb,,409,
louis-philippe-4-pc-bedroom-set,,,,,,,,,Gray,,,,,,,,FM7866GY-Q-4PC,127732,shopify,20,deny,manual,957,,TRUE,FALSE,,,,,,FM7866BK-5.jpg,3,louis-philippe-4-pc-bedroom-set,,,,FM7866GY-1.jpg,lb,,409,
louis-philippe-4-pc-bedroom-set,,,,,,,,,White,,,,,,,,FM7866WH-Q-4PC,123695,shopify,20,deny,manual,957,,TRUE,FALSE,,,,,,FM7866BK-6.jpg,4,louis-philippe-4-pc-bedroom-set,,,,FM7866WH-1.jpg,lb,,409,
louis-philippe-4-pc-bedroom-set,,,,,,,,,,,,,,,,,,,,,,,,,,,,,,,,FM7866BK-N-WB-1.jpg,5,louis-philippe-4-pc-bedroom-set,,,,,,,,
louis-philippe-4-pc-bedroom-set,,,,,,,,,,,,,,,,,,,,,,,,,,,,,,,,https://cdn.shopify.com/s/files/1/0268/6749/9079/files/FM7866BK-D-M-WB-1.jpg,6,louis-philippe-4-pc-bedroom-set,,,,,,,,
louis-philippe-4-pc-bedroom-set,,,,,,,,,,,,,,,,,,,,,,,,,,,,,,,,FM7866CH-1.jpg,7,louis-philippe-4-pc-bedroom-set,,,,,,,,
louis-philippe-4-pc-bedroom-set,,,,,,,,,,,,,,,,,,,,,,,,,,,,,,,,FM7866CH-N-WB-1.jpg,8,louis-philippe-4-pc-bedroom-set,,,,,,,,
louis-philippe-4-pc-bedroom-set,,,,,,,,,,,,,,,,,,,,,,,,,,,,,,,,https://cdn.shopify.com/s/files/1/0268/6749/9079/files/FM7866CH-D-M-WB-1.jpg,9,louis-philippe-4-pc-bedroom-set,,,,,,,,
louis-philippe-4-pc-bedroom-set,,,,,,,,,,,,,,,,,,,,,,,,,,,,,,,,FM7866GY-1.jpg,10,louis-philippe-4-pc-bedroom-set,,,,,,,,
louis-philippe-4-pc-bedroom-set,,,,,,,,,,,,,,,,,,,,,,,,,,,,,,,,https://cdn.shopify.com/s/files/1/0268/6749/9079/files/FM7866GY-1-Z.jpg,11,louis-philippe-4-pc-bedroom-set,,,,,,,,
louis-philippe-4-pc-bedroom-set,,,,,,,,,,,,,,,,,,,,,,,,,,,,,,,,https://cdn.shopify.com/s/files/1/0268/6749/9079/files/FM7866GY-2.jpg,12,louis-philippe-4-pc-bedroom-set,,,,,,,,
louis-philippe-4-pc-bedroom-set,,,,,,,,,,,,,,,,,,,,,,,,,,,,,,,,https://cdn.shopify.com/s/files/1/0268/6749/9079/files/FM7866WH-1.jpg,13,louis-philippe-4-pc-bedroom-set,,,,,,,,
louis-philippe-5-pc-bedroom-set-w-2ns,LOUIS PHILIPPE 5 Pc. Bedroom Set w/2NS,"<p><span style=""color:#1e73be;""><strong>FREE SHIPPING</strong></span><br>
Elevate your space with LOUIS PHILIPPE, styled in Transitional and designed for everyday comfort.<br>
This bedroom bedroom set is made to fit naturally into the room. With Solid Wood, Wood Veneer, Others and Black or Dark Cherry or Gray or White tones, it blends structure and softness in one clean profile.<br>
Product Dimensions: .<br>
Size: Queen</p>

<p>Features<br>
- Solid Wood<br>
- Wood Veneer<br>
- Others<br>
- Sleigh Design<br>
- Hanging Drawer Pulls<br>
- Dust Proof Case<br>
- English Dovetail Drawer<br>
- Bracket Feet<br>
- Foundation Required<br>
<strong>Variant Details</strong><br>
- <strong>Size: Queen | Color: Black | Dimensions: . | Weight: 311.3 lbs | Volume: 45.6 cuft</strong><br>
- <strong>Size: Queen | Color: Dark Cherry | Dimensions: . | Weight: 309.1 lbs | Volume: 45 cuft</strong><br>
- <strong>Size: Queen | Color: Gray | Dimensions: . | Weight: 317.9 lbs | Volume: 44.9 cuft</strong><br>
- <strong>Size: Queen | Color: White | Dimensions: . | Weight: 307.9 lbs | Volume: 45.5 cuft</strong><br>
</p>

<p>Materials: Solid Wood, Wood Veneer, Others.<br>
Color: Black or Dark Cherry or Gray or White<br>
Weight: 307.9 - 317.9 lbs</p>",GOODDEGG,Furniture > Furniture Sets > Bedroom Furniture Sets,Bedroom Set,"Furniture of America, Quick Ship Furniture, New Arrival, Indoor Furniture, 2026",TRUE,Color,Black,,,,,,,,FM7866BK-Q-5PC-2NS,141203,shopify,20,deny,manual,1137,,TRUE,FALSE,,,,,,FM7866BK-1.jpg,1,louis-philippe-5-pc-bedroom-set-w-2ns,FALSE,LOUIS PHILIPPE 5 Pc. Bedroom Set w/2NS,"Shop LOUIS PHILIPPE 5 Pc. Bedroom Set w/2NS. Transitional style. Solid Wood, Wood Veneer build. Multiple colors available. Free shipping. Buy now at GOODDEGG.",FM7866BK-1.jpg,lb,,449,active
louis-philippe-5-pc-bedroom-set-w-2ns,,,,,,,,,Dark Cherry,,,,,,,,FM7866CH-Q-5PC-2NS,140205,shopify,20,deny,manual,1137,,TRUE,FALSE,,,,,,FM7866BK-4.jpg,2,louis-philippe-5-pc-bedroom-set-w-2ns,,,,FM7866CH-1.jpg,lb,,449,
louis-philippe-5-pc-bedroom-set-w-2ns,,,,,,,,,Gray,,,,,,,,FM7866GY-Q-5PC-2NS,144197,shopify,20,deny,manual,1137,,TRUE,FALSE,,,,,,FM7866BK-5.jpg,3,louis-philippe-5-pc-bedroom-set-w-2ns,,,,FM7866GY-1.jpg,lb,,449,
louis-philippe-5-pc-bedroom-set-w-2ns,,,,,,,,,White,,,,,,,,FM7866WH-Q-5PC-2NS,139661,shopify,20,deny,manual,1137,,TRUE,FALSE,,,,,,FM7866BK-6.jpg,4,louis-philippe-5-pc-bedroom-set-w-2ns,,,,FM7866WH-1.jpg,lb,,449,
louis-philippe-5-pc-bedroom-set-w-2ns,,,,,,,,,,,,,,,,,,,,,,,,,,,,,,,,FM7866BK-N-WB-1.jpg,5,louis-philippe-5-pc-bedroom-set-w-2ns,,,,,,,,
louis-philippe-5-pc-bedroom-set-w-2ns,,,,,,,,,,,,,,,,,,,,,,,,,,,,,,,,https://cdn.shopify.com/s/files/1/0268/6749/9079/files/FM7866BK-D-M-WB-1.jpg,6,louis-philippe-5-pc-bedroom-set-w-2ns,,,,,,,,
louis-philippe-5-pc-bedroom-set-w-2ns,,,,,,,,,,,,,,,,,,,,,,,,,,,,,,,,FM7866CH-1.jpg,7,louis-philippe-5-pc-bedroom-set-w-2ns,,,,,,,,
louis-philippe-5-pc-bedroom-set-w-2ns,,,,,,,,,,,,,,,,,,,,,,,,,,,,,,,,FM7866CH-N-WB-1.jpg,8,louis-philippe-5-pc-bedroom-set-w-2ns,,,,,,,,
louis-philippe-5-pc-bedroom-set-w-2ns,,,,,,,,,,,,,,,,,,,,,,,,,,,,,,,,https://cdn.shopify.com/s/files/1/0268/6749/9079/files/FM7866CH-D-M-WB-1.jpg,9,louis-philippe-5-pc-bedroom-set-w-2ns,,,,,,,,
louis-philippe-5-pc-bedroom-set-w-2ns,,,,,,,,,,,,,,,,,,,,,,,,,,,,,,,,FM7866GY-1.jpg,10,louis-philippe-5-pc-bedroom-set-w-2ns,,,,,,,,
louis-philippe-5-pc-bedroom-set-w-2ns,,,,,,,,,,,,,,,,,,,,,,,,,,,,,,,,https://cdn.shopify.com/s/files/1/0268/6749/9079/files/FM7866GY-1-Z.jpg,11,louis-philippe-5-pc-bedroom-set-w-2ns,,,,,,,,
louis-philippe-5-pc-bedroom-set-w-2ns,,,,,,,,,,,,,,,,,,,,,,,,,,,,,,,,https://cdn.shopify.com/s/files/1/0268/6749/9079/files/FM7866GY-2.jpg,12,louis-philippe-5-pc-bedroom-set-w-2ns,,,,,,,,
louis-philippe-5-pc-bedroom-set-w-2ns,,,,,,,,,,,,,,,,,,,,,,,,,,,,,,,,https://cdn.shopify.com/s/files/1/0268/6749/9079/files/FM7866WH-1.jpg,13,louis-philippe-5-pc-bedroom-set-w-2ns,,,,,,,,
louis-philippe-5-pc-bedroom-set-w-chest,LOUIS PHILIPPE 5 Pc. Bedroom Set w/Chest,"<p><span style=""color:#1e73be;""><strong>FREE SHIPPING</strong></span><br>
Elevate your space with LOUIS PHILIPPE, styled in Transitional and designed for everyday comfort.<br>
This bedroom bedroom set is made to fit naturally into the room. With Solid Wood, Wood Veneer, Others and Black or Dark Cherry or Gray or White tones, it blends structure and softness in one clean profile.<br>
Product Dimensions: .<br>
Size: Queen</p>

<p>Features<br>
- Solid Wood<br>
- Wood Veneer<br>
- Others<br>
- Sleigh Design<br>
- Hanging Drawer Pulls<br>
- Dust Proof Case<br>
- English Dovetail Drawer<br>
- Bracket Feet<br>
- Foundation Required<br>
<strong>Variant Details</strong><br>
- <strong>Size: Queen | Color: Black | Dimensions: . | Weight: 389.4 lbs | Volume: 56.7 cuft</strong><br>
- <strong>Size: Queen | Color: Dark Cherry | Dimensions: . | Weight: 389.4 lbs | Volume: 56.4 cuft</strong><br>
- <strong>Size: Queen | Color: Gray | Dimensions: . | Weight: 396 lbs | Volume: 56.4 cuft</strong><br>
- <strong>Size: Queen | Color: White | Dimensions: . | Weight: 388.2 lbs | Volume: 56.7 cuft</strong><br>
</p>

<p>Materials: Solid Wood, Wood Veneer, Others.<br>
Color: Black or Dark Cherry or Gray or White<br>
Weight: 388.2 - 396 lbs</p>",GOODDEGG,Furniture > Furniture Sets > Bedroom Furniture Sets,Bedroom Set,"Furniture of America, Quick Ship Furniture, New Arrival, Indoor Furniture, 2026",TRUE,Color,Black,,,,,,,,FM7866BK-Q-5PC-CHEST,176629,shopify,20,deny,manual,1344,,TRUE,FALSE,,,,,,FM7866BK-1.jpg,1,louis-philippe-5-pc-bedroom-set-w-chest,FALSE,LOUIS PHILIPPE 5 Pc. Bedroom Set w/Chest,"Shop LOUIS PHILIPPE 5 Pc. Bedroom Set w/Chest. Transitional style. Solid Wood, Wood Veneer build. Multiple colors available. Free shipping. Buy now at GOODDEGG.",FM7866BK-1.jpg,lb,,538,active
louis-philippe-5-pc-bedroom-set-w-chest,,,,,,,,,Dark Cherry,,,,,,,,FM7866CH-Q-5PC-CHEST,176629,shopify,20,deny,manual,1344,,TRUE,FALSE,,,,,,FM7866CH-1.jpg,2,louis-philippe-5-pc-bedroom-set-w-chest,,,,FM7866CH-1.jpg,lb,,538,
louis-philippe-5-pc-bedroom-set-w-chest,,,,,,,,,Gray,,,,,,,,FM7866GY-Q-5PC-CHEST,179623,shopify,20,deny,manual,1344,,TRUE,FALSE,,,,,,FM7866CH-N-WB-1.jpg,3,louis-philippe-5-pc-bedroom-set-w-chest,,,,FM7866GY-1.jpg,lb,,538,
louis-philippe-5-pc-bedroom-set-w-chest,,,,,,,,,White,,,,,,,,FM7866WH-Q-5PC-CHEST,176085,shopify,20,deny,manual,1344,,TRUE,FALSE,,,,,,https://cdn.shopify.com/s/files/1/0268/6749/9079/files/FM7866CH-D-M-WB-1.jpg,4,louis-philippe-5-pc-bedroom-set-w-chest,,,,FM7866WH-1.jpg,lb,,538,
louis-philippe-5-pc-bedroom-set-w-chest,,,,,,,,,,,,,,,,,,,,,,,,,,,,,,,,FM7866CH-C-WB-1.jpg,5,louis-philippe-5-pc-bedroom-set-w-chest,,,,,,,,
louis-philippe-5-pc-bedroom-set-w-chest,,,,,,,,,,,,,,,,,,,,,,,,,,,,,,,,FM7866GY-1.jpg,6,louis-philippe-5-pc-bedroom-set-w-chest,,,,,,,,
louis-philippe-5-pc-bedroom-set-w-chest,,,,,,,,,,,,,,,,,,,,,,,,,,,,,,,,https://cdn.shopify.com/s/files/1/0268/6749/9079/files/FM7866GY-1-Z.jpg,7,louis-philippe-5-pc-bedroom-set-w-chest,,,,,,,,
louis-philippe-5-pc-bedroom-set-w-chest,,,,,,,,,,,,,,,,,,,,,,,,,,,,,,,,https://cdn.shopify.com/s/files/1/0268/6749/9079/files/FM7866GY-2.jpg,8,louis-philippe-5-pc-bedroom-set-w-chest,,,,,,,,
louis-philippe-5-pc-bedroom-set-w-chest,,,,,,,,,,,,,,,,,,,,,,,,,,,,,,,,https://cdn.shopify.com/s/files/1/0268/6749/9079/files/FM7866WH-1.jpg,9,louis-philippe-5-pc-bedroom-set-w-chest,,,,,,,,
lucida-4-pc-bedroom-set,LUCIDA 4 Pc. Bedroom Set,"<p><span style=""color:#1e73be;""><strong>FREE SHIPPING</strong></span><br>
LUCIDA 4 Pc. Bedroom Set completes the bedroom with a relaxed, pulled-together look. As a bedroom bedroom set, it is designed to coordinate with matching pieces. The Contemporary character adds definition without feeling heavy. With Leatherette, Solid Wood, UV Veneer construction and White tones, it blends durability with visual warmth.<br>
Product Dimensions: 88.3""L X 63""W X 55""H<br>
Size: Queen</p>

<p>Features<br>
- Padded Leatherette Headboard<br>
- LED on Headboard<br>
- Crystal-like Acrylic Trim<br>
- Textured Front Panel<br>
- French Dovetail Drawer<br>
- Center Metal Glide<br>
- Chrome Handle Included items and dimensions:<br>
- Nightstand: color: White; dimensions: 22.83"" L x 16.50"" W x 25.35"" H; feature: Contemporary<br>
- Dresser: color: White; dimensions: 58.07"" L x 17.72"" W x 33.86"" H; feature: Contemporary</p>

<p>Materials: Leatherette, Solid Wood, UV Veneer.<br>
Color: White<br>
Weight: 345.56 lbs</p>",GOODDEGG,Furniture > Furniture Sets > Bedroom Furniture Sets,Bedroom Set,"Furniture of America, Quick Ship Furniture, New Arrival, Indoor Furniture, 2026",TRUE,Size,Queen,,,,,,,,FM7203WH-Q-4PC,156743,shopify,20,deny,manual,1707,,TRUE,FALSE,,,,,,https://cdn.shopify.com/s/files/1/0268/6749/9079/files/FM7203WH-1-Z.jpg,1,lucida-4-pc-bedroom-set,FALSE,LUCIDA 4 Pc. Bedroom Set,"Shop LUCIDA 4 Pc. Bedroom Set. Contemporary style. Leatherette, Solid Wood build. Size: Queen. Free shipping. Buy now at GOODDEGG.",FM7203WH-1-Z.jpg,lb,,739,active
lucida-5-pc-bedroom-set-w-2ns,LUCIDA 5 Pc. Bedroom Set w/ 2NS,"<p><span style=""color:#1e73be;""><strong>FREE SHIPPING</strong></span><br>
LUCIDA 5 Pc. Bedroom Set w/ 2NS brings a restful, finished feel to the bedroom. This bedroom bedroom set is made to fit naturally into the room. A Contemporary profile gives the space a refined, approachable look. Finished in White tones, the Leatherette, Solid Wood, UV Veneer build keeps the look polished and practical.<br>
Product Dimensions:.<br>
Size: Queen</p>

<p>Features<br>
- Padded Leatherette Headboard<br>
- LED on Headboard<br>
- Crystal-like Acrylic Trim<br>
- Textured Front Panel<br>
- French Dovetail Drawer<br>
- Center Metal Glide<br>
- Chrome Handle Included items and dimensions:<br>
- Nightstand: color: White; dimensions: 22.83"" L x 16.50"" W x 25.35"" H; feature: Contemporary<br>
- Dresser: color: White; dimensions: 58.07"" L x 17.72"" W x 33.86"" H; feature: Contemporary</p>

<p>Materials: Leatherette, Solid Wood, UV Veneer.<br>
Color: White<br>
Weight: 398.01 lbs</p>",GOODDEGG,Furniture > Furniture Sets > Bedroom Furniture Sets,Bedroom Set,"Furniture of America, Quick Ship Furniture, New Arrival, Indoor Furniture, 2026",TRUE,Size,Queen,,,,,,,,FM7203WH-Q-5PC-2NS,180534,shopify,20,deny,manual,1947,,TRUE,FALSE,,,,,,https://cdn.shopify.com/s/files/1/0268/6749/9079/files/FM7203WH-1-Z.jpg,1,lucida-5-pc-bedroom-set-w-2ns,FALSE,LUCIDA 5 Pc. Bedroom Set w/ 2NS,"Shop LUCIDA 5 Pc. Bedroom Set w/ 2NS. Contemporary style. Leatherette, Solid Wood build. Size: Queen. Free shipping. Buy now at GOODDEGG.",FM7203WH-1-Z.jpg,lb,,849,active
lucida-5-pc-bedroom-set-w-chest,LUCIDA 5 Pc. Bedroom Set w/ Chest,"<p><span style=""color:#1e73be;""><strong>FREE SHIPPING</strong></span><br>
Create a calm, coordinated retreat with LUCIDA 5 Pc. Bedroom Set w/ Chest. Designed as a bedroom bedroom set, it pairs easily with surrounding decor. Its Contemporary styling keeps the room feeling polished yet comfortable. Built from Leatherette, Solid Wood, UV Veneer and finished in White tones for a clean, cohesive look.<br>
Product Dimensions:.<br>
Size: Queen</p>

<p>Features<br>
- Padded Leatherette Headboard<br>
- LED on Headboard<br>
- Crystal-like Acrylic Trim<br>
- Textured Front Panel<br>
- French Dovetail Drawer<br>
- Center Metal Glide<br>
- Chrome Handle Included items and dimensions:<br>
- Nightstand: color: White; dimensions: 22.83"" L x 16.50"" W x 25.35"" H; feature: Contemporary<br>
- Dresser: color: White; dimensions: 58.07"" L x 17.72"" W x 33.86"" H; feature: Contemporary<br>
- Chest: color: White; dimensions: 30.98"" L x 17.72"" W x 44.96"" H; feature: Contemporary</p>

<p>Materials: Leatherette, Solid Wood, UV Veneer.<br>
Color: White<br>
Weight: 472.95 lbs</p>",GOODDEGG,Furniture > Furniture Sets > Bedroom Furniture Sets,Bedroom Set,"Furniture of America, Quick Ship Furniture, New Arrival, Indoor Furniture, 2026",TRUE,Size,Queen,,,,,,,,FM7203WH-Q-5PC-CHEST,214527,shopify,20,deny,manual,2274,,TRUE,FALSE,,,,,,https://cdn.shopify.com/s/files/1/0268/6749/9079/files/FM7203WH-1-Z.jpg,1,lucida-5-pc-bedroom-set-w-chest,FALSE,LUCIDA 5 Pc. Bedroom Set w/ Chest,"Shop LUCIDA 5 Pc. Bedroom Set w/ Chest. Contemporary style. Leatherette, Solid Wood build. Size: Queen. Free shipping. Buy now at GOODDEGG.",FM7203WH-1-Z.jpg,lb,,998,active
lyanne-4-pc-bedroom-set,LYANNE 4 Pc. Bedroom Set,"<p><span style=""color:#1e73be;""><strong>FREE SHIPPING</strong></span><br>
LYANNE 4 Pc. Bedroom Set completes the bedroom with a relaxed, pulled-together look. As a bedroom bedroom set, it is designed to coordinate with matching pieces. The Glam character adds definition without feeling heavy. Built from Fabric, Solid Wood, Engineered Wood and finished in Gray tones for a clean, cohesive look.<br>
Product Dimensions: BED: 64""W X 84""D X 54""H<br>
Size: Queen</p>

<p>Features<br>
- Padded Fabric Headboard & Footboard<br>
- Crystal-like Acrylic Trim<br>
- Nickel Ring Pulls<br>
- Tapered Legs Included items and dimensions:<br>
- Nightstand: color: Gray; dimensions: 26"" W x 16""D x 25"" H; feature: Glam<br>
- Dresser: color: Gray; dimensions: 63"" W x 16""D x 37"" H; feature: Glam</p>

<p>Materials: Fabric, Solid Wood, Engineered Wood.<br>
Color: Gray<br>
Weight: 352 lbs</p>",GOODDEGG,Furniture > Furniture Sets > Bedroom Furniture Sets,Bedroom Set,"Furniture of America, Quick Ship Furniture, New Arrival, Indoor Furniture, 2026",TRUE,Size,Queen,,,,,,,,FM7240GY-Q-4PC,159665,shopify,20,deny,manual,2217,,TRUE,FALSE,,,,,,https://cdn.shopify.com/s/files/1/0268/6749/9079/files/FM7240GY-1-Z.jpg,1,lyanne-4-pc-bedroom-set,FALSE,LYANNE 4 Pc. Bedroom Set,"Shop LYANNE 4 Pc. Bedroom Set. Glam style. Fabric, Solid Wood build. Size: Queen. Free shipping. Buy now at GOODDEGG.",FM7240GY-1-Z.jpg,lb,,899,active
lyanne-4-pc-bedroom-set,,,,,,,,,,,,,,,,,,,,,,,,,,,,,,,,FM7240GY-N-2.jpg,2,lyanne-4-pc-bedroom-set,,,,,,,,
lyanne-4-pc-bedroom-set,,,,,,,,,,,,,,,,,,,,,,,,,,,,,,,,FM7240GY-N-3.jpg,3,lyanne-4-pc-bedroom-set,,,,,,,,
lyanne-4-pc-bedroom-set,,,,,,,,,,,,,,,,,,,,,,,,,,,,,,,,FM7240GY-N-4.jpg,4,lyanne-4-pc-bedroom-set,,,,,,,,
lyanne-5-pc-bedroom-set-w-2ns,LYANNE 5 Pc. Bedroom Set w/ 2NS,"<p><span style=""color:#1e73be;""><strong>FREE SHIPPING</strong></span><br>
LYANNE 5 Pc. Bedroom Set w/ 2NS brings a restful, finished feel to the bedroom. This bedroom bedroom set is made to fit naturally into the room. A Glam profile gives the space a refined, approachable look. Crafted with Fabric, Solid Wood, Engineered Wood, then finished in Gray tones to suit a range of interiors.<br>
Product Dimensions: BED: 64""W X 84""D X 54""H<br>
Size: Queen</p>

<p>Features<br>
- Padded Fabric Headboard & Footboard<br>
- Crystal-like Acrylic Trim<br>
- Nickel Ring Pulls<br>
- Tapered Legs Included items and dimensions:<br>
- Nightstand: color: Gray; dimensions: 26"" W x 16""D x 25"" H; feature: Glam<br>
- Dresser: color: Gray; dimensions: 63"" W x 16""D x 37"" H; feature: Glam</p>

<p>Materials: Fabric, Solid Wood, Engineered Wood.<br>
Color: Gray<br>
Weight: 402.6 lbs</p>",GOODDEGG,Furniture > Furniture Sets > Bedroom Furniture Sets,Bedroom Set,"Furniture of America, Quick Ship Furniture, New Arrival, Indoor Furniture, 2026",TRUE,Size,Queen,,,,,,,,FM7240GY-Q-5PC-2NS,182616,shopify,20,deny,manual,2547,,TRUE,FALSE,,,,,,https://cdn.shopify.com/s/files/1/0268/6749/9079/files/FM7240GY-1-Z.jpg,1,lyanne-5-pc-bedroom-set-w-2ns,FALSE,LYANNE 5 Pc. Bedroom Set w/ 2NS,"Shop LYANNE 5 Pc. Bedroom Set w/ 2NS. Glam style. Fabric, Solid Wood build. Size: Queen. Free shipping. Buy now at GOODDEGG.",FM7240GY-1-Z.jpg,lb,,1039,active
lyanne-5-pc-bedroom-set-w-2ns,,,,,,,,,,,,,,,,,,,,,,,,,,,,,,,,FM7240GY-N-2.jpg,2,lyanne-5-pc-bedroom-set-w-2ns,,,,,,,,
lyanne-5-pc-bedroom-set-w-2ns,,,,,,,,,,,,,,,,,,,,,,,,,,,,,,,,FM7240GY-N-3.jpg,3,lyanne-5-pc-bedroom-set-w-2ns,,,,,,,,
lyanne-5-pc-bedroom-set-w-2ns,,,,,,,,,,,,,,,,,,,,,,,,,,,,,,,,FM7240GY-N-4.jpg,4,lyanne-5-pc-bedroom-set-w-2ns,,,,,,,,
lyanne-5-pc-bedroom-set-w-chest,LYANNE 5 Pc. Bedroom Set w/ Chest,"<p><span style=""color:#1e73be;""><strong>FREE SHIPPING</strong></span><br>
Create a calm, coordinated retreat with LYANNE 5 Pc. Bedroom Set w/ Chest. Designed as a bedroom bedroom set, it pairs easily with surrounding decor. Its Glam styling keeps the room feeling polished yet comfortable. With Fabric, Solid Wood, Engineered Wood construction and Gray tones, it blends durability with visual warmth.<br>
Product Dimensions: BED: 64""W X 84""D X 54""H<br>
Size: Queen</p>

<p>Features<br>
- Padded Fabric Headboard & Footboard<br>
- Crystal-like Acrylic Trim<br>
- Nickel Ring Pulls<br>
- Tapered Legs Included items and dimensions:<br>
- Nightstand: color: Gray; dimensions: 26"" W x 16""D x 25"" H; feature: Glam<br>
- Dresser: color: Gray; dimensions: 63"" W x 16""D x 37"" H; feature: Glam<br>
- Chest: color: Gray; dimensions: 35"" W x 16""D x 51"" H; feature: Glam</p>

<p>Materials: Fabric, Solid Wood, Engineered Wood.<br>
Color: Gray<br>
Weight: 490.6 lbs</p>",GOODDEGG,Furniture > Furniture Sets > Bedroom Furniture Sets,Bedroom Set,"Furniture of America, Quick Ship Furniture, New Arrival, Indoor Furniture, 2026",TRUE,Size,Queen,,,,,,,,FM7240GY-Q-5PC-CHEST,222532,shopify,20,deny,manual,2874,,TRUE,FALSE,,,,,,https://cdn.shopify.com/s/files/1/0268/6749/9079/files/FM7240GY-1-Z.jpg,1,lyanne-5-pc-bedroom-set-w-chest,FALSE,LYANNE 5 Pc. Bedroom Set w/ Chest,"Shop LYANNE 5 Pc. Bedroom Set w/ Chest. Glam style. Fabric, Solid Wood build. Size: Queen. Free shipping. Buy now at GOODDEGG.",FM7240GY-1-Z.jpg,lb,,1188,active
lyanne-5-pc-bedroom-set-w-chest,,,,,,,,,,,,,,,,,,,,,,,,,,,,,,,,FM7240GY-N-2.jpg,2,lyanne-5-pc-bedroom-set-w-chest,,,,,,,,
lyanne-5-pc-bedroom-set-w-chest,,,,,,,,,,,,,,,,,,,,,,,,,,,,,,,,FM7240GY-N-3.jpg,3,lyanne-5-pc-bedroom-set-w-chest,,,,,,,,
lyanne-5-pc-bedroom-set-w-chest,,,,,,,,,,,,,,,,,,,,,,,,,,,,,,,,FM7240GY-N-4.jpg,4,lyanne-5-pc-bedroom-set-w-chest,,,,,,,,
lyris-4-pc-bedroom-set,LYRIS 4 Pc. Bedroom Set,"<p><span style=""color:#1e73be;""><strong>FREE SHIPPING</strong></span><br>
LYRIS 4 Pc. Bedroom Set completes the bedroom with a relaxed, pulled-together look. As a bedroom bedroom set, it is designed to coordinate with matching pieces. The Transitional character adds definition without feeling heavy. With Solid Wood, Oak Veneer, Fabric, Other construction and Rustic Oak tones, it blends durability with visual warmth.<br>
Product Dimensions: 72""W X 81""D X 72""H<br>
Size: Queen</p>

<p>Features<br>
- Ball-Bearing Glide<br>
- French Front & English Back Dovetail Drawers<br>
- Felt-Lined Top Drawer<br>
- USB-A & USB-C on Nightstand<br>
- Foundation Required Included items and dimensions:<br>
- Nightstand: color: Rustic Oak; dimensions: 29"" W x 17""D x 29.5"" H; feature: Transitional<br>
- Dresser: color: Rustic Oak; dimensions: 64"" W x 18""D x 38"" H; feature: Transitional</p>

<p>Materials: Solid Wood, Oak Veneer, Fabric, Other.<br>
Color: Rustic Oak<br>
Weight: 524.82 lbs</p>",GOODDEGG,Furniture > Furniture Sets > Bedroom Furniture Sets,Bedroom Set,"Furniture of America, Quick Ship Furniture, New Arrival, Indoor Furniture, 2026",TRUE,Size,Queen,,,,,,,,FM7417AK-Q-4PC,238054,shopify,20,deny,manual,3507,,TRUE,FALSE,,,,,,https://cdn.shopify.com/s/files/1/0268/6749/9079/files/FM7417AK-1-Z.jpg,1,lyris-4-pc-bedroom-set,FALSE,LYRIS 4 Pc. Bedroom Set,"Shop LYRIS 4 Pc. Bedroom Set. Transitional style. Solid Wood, Oak Veneer build. Size: Queen. Free shipping. Buy now at GOODDEGG.",FM7417AK-1-Z.jpg,lb,,1459,active
lyris-4-pc-bedroom-set,,,,,,,,,,,,,,,,,,,,,,,,,,,,,,,,FM7417AK-2.jpg,2,lyris-4-pc-bedroom-set,,,,,,,,
lyris-4-pc-bedroom-set,,,,,,,,,,,,,,,,,,,,,,,,,,,,,,,,https://cdn.shopify.com/s/files/1/0268/6749/9079/files/FM7417AK-WB-1.jpg,3,lyris-4-pc-bedroom-set,,,,,,,,
lyris-4-pc-bedroom-set,,,,,,,,,,,,,,,,,,,,,,,,,,,,,,,,https://cdn.shopify.com/s/files/1/0268/6749/9079/files/FM7417AK-WB-2.jpg,4,lyris-4-pc-bedroom-set,,,,,,,,
lyris-4-pc-bedroom-set,,,,,,,,,,,,,,,,,,,,,,,,,,,,,,,,https://cdn.shopify.com/s/files/1/0268/6749/9079/files/FM7417AK-WB-3.jpg,5,lyris-4-pc-bedroom-set,,,,,,,,
lyris-4-pc-bedroom-set,,,,,,,,,,,,,,,,,,,,,,,,,,,,,,,,https://cdn.shopify.com/s/files/1/0268/6749/9079/files/FM7417AK-WB-4.jpg,6,lyris-4-pc-bedroom-set,,,,,,,,
lyris-5-pc-bedroom-set-w-2ns,LYRIS 5 Pc. Bedroom Set w/ 2NS,"<p><span style=""color:#1e73be;""><strong>FREE SHIPPING</strong></span><br>
LYRIS 5 Pc. Bedroom Set w/ 2NS brings a restful, finished feel to the bedroom. This bedroom bedroom set is made to fit naturally into the room. A Transitional profile gives the space a refined, approachable look. Finished in Rustic Oak tones, the Solid Wood, Oak Veneer, Fabric, Other build keeps the look polished and practical.<br>
Product Dimensions: 72""W X 81""D X 72""H<br>
Size: Queen</p>

<p>Features<br>
- Ball-Bearing Glide<br>
- French Front & English Back Dovetail Drawers<br>
- Felt-Lined Top Drawer<br>
- USB-A & USB-C on Nightstand<br>
- Foundation Required Included items and dimensions:<br>
- Nightstand: color: Rustic Oak; dimensions: 29"" W x 17""D x 29.5"" H; feature: Transitional<br>
- Dresser: color: Rustic Oak; dimensions: 64"" W x 18""D x 38"" H; feature: Transitional</p>

<p>Materials: Solid Wood, Oak Veneer, Fabric, Other.<br>
Color: Rustic Oak<br>
Weight: 604.02 lbs</p>",GOODDEGG,Furniture > Furniture Sets > Bedroom Furniture Sets,Bedroom Set,"Furniture of America, Quick Ship Furniture, New Arrival, Indoor Furniture, 2026",TRUE,Size,Queen,,,,,,,,FM7417AK-Q-5PC-2NS,273979,shopify,20,deny,manual,4017,,TRUE,FALSE,,,,,,https://cdn.shopify.com/s/files/1/0268/6749/9079/files/FM7417AK-1-Z.jpg,1,lyris-5-pc-bedroom-set-w-2ns,FALSE,LYRIS 5 Pc. Bedroom Set w/ 2NS,"Shop LYRIS 5 Pc. Bedroom Set w/ 2NS. Transitional style. Solid Wood, Oak Veneer build. Size: Queen. Free shipping. Buy now at GOODDEGG.",FM7417AK-1-Z.jpg,lb,,1669,active
lyris-5-pc-bedroom-set-w-2ns,,,,,,,,,,,,,,,,,,,,,,,,,,,,,,,,FM7417AK-2.jpg,2,lyris-5-pc-bedroom-set-w-2ns,,,,,,,,
lyris-5-pc-bedroom-set-w-2ns,,,,,,,,,,,,,,,,,,,,,,,,,,,,,,,,https://cdn.shopify.com/s/files/1/0268/6749/9079/files/FM7417AK-WB-1.jpg,3,lyris-5-pc-bedroom-set-w-2ns,,,,,,,,
lyris-5-pc-bedroom-set-w-2ns,,,,,,,,,,,,,,,,,,,,,,,,,,,,,,,,https://cdn.shopify.com/s/files/1/0268/6749/9079/files/FM7417AK-WB-2.jpg,4,lyris-5-pc-bedroom-set-w-2ns,,,,,,,,
lyris-5-pc-bedroom-set-w-2ns,,,,,,,,,,,,,,,,,,,,,,,,,,,,,,,,https://cdn.shopify.com/s/files/1/0268/6749/9079/files/FM7417AK-WB-3.jpg,5,lyris-5-pc-bedroom-set-w-2ns,,,,,,,,
lyris-5-pc-bedroom-set-w-2ns,,,,,,,,,,,,,,,,,,,,,,,,,,,,,,,,https://cdn.shopify.com/s/files/1/0268/6749/9079/files/FM7417AK-WB-4.jpg,6,lyris-5-pc-bedroom-set-w-2ns,,,,,,,,
lyris-5-pc-bedroom-set-w-chest,LYRIS 5 Pc. Bedroom Set w/ Chest,"<p><span style=""color:#1e73be;""><strong>FREE SHIPPING</strong></span><br>
Create a calm, coordinated retreat with LYRIS 5 Pc. Bedroom Set w/ Chest. Designed as a bedroom bedroom set, it pairs easily with surrounding decor. Its Transitional styling keeps the room feeling polished yet comfortable. Built from Solid Wood, Oak Veneer, Fabric, Other and finished in Rustic Oak tones for a clean, cohesive look.<br>
Product Dimensions: 72""W X 81""D X 72""H<br>
Size: Queen</p>

<p>Features<br>
- Ball-Bearing Glide<br>
- French Front & English Back Dovetail Drawers<br>
- Felt-Lined Top Drawer<br>
- USB-A & USB-C on Nightstand<br>
- Foundation Required Included items and dimensions:<br>
- Nightstand: color: Rustic Oak; dimensions: 29"" W x 17""D x 29.5"" H; feature: Transitional<br>
- Dresser: color: Rustic Oak; dimensions: 64"" W x 18""D x 38"" H; feature: Transitional<br>
- Chest: color: Rustic Oak; dimensions: 40"" W x 18""D x 53"" H; feature: Transitional</p>

<p>Materials: Solid Wood, Oak Veneer, Fabric, Other.<br>
Color: Rustic Oak<br>
Weight: 714.02 lbs</p>",GOODDEGG,Furniture > Furniture Sets > Bedroom Furniture Sets,Bedroom Set,"Furniture of America, Quick Ship Furniture, New Arrival, Indoor Furniture, 2026",TRUE,Size,Queen,,,,,,,,FM7417AK-Q-5PC-CHEST,323874,shopify,20,deny,manual,4464,,TRUE,FALSE,,,,,,https://cdn.shopify.com/s/files/1/0268/6749/9079/files/FM7417AK-1-Z.jpg,1,lyris-5-pc-bedroom-set-w-chest,FALSE,LYRIS 5 Pc. Bedroom Set w/ Chest,"Shop LYRIS 5 Pc. Bedroom Set w/ Chest. Transitional style. Solid Wood, Oak Veneer build. Size: Queen. Free shipping. Buy now at GOODDEGG.",FM7417AK-1-Z.jpg,lb,,1908,active
lyris-5-pc-bedroom-set-w-chest,,,,,,,,,,,,,,,,,,,,,,,,,,,,,,,,FM7417AK-2.jpg,2,lyris-5-pc-bedroom-set-w-chest,,,,,,,,
lyris-5-pc-bedroom-set-w-chest,,,,,,,,,,,,,,,,,,,,,,,,,,,,,,,,https://cdn.shopify.com/s/files/1/0268/6749/9079/files/FM7417AK-WB-1.jpg,3,lyris-5-pc-bedroom-set-w-chest,,,,,,,,
lyris-5-pc-bedroom-set-w-chest,,,,,,,,,,,,,,,,,,,,,,,,,,,,,,,,https://cdn.shopify.com/s/files/1/0268/6749/9079/files/FM7417AK-WB-2.jpg,4,lyris-5-pc-bedroom-set-w-chest,,,,,,,,
lyris-5-pc-bedroom-set-w-chest,,,,,,,,,,,,,,,,,,,,,,,,,,,,,,,,https://cdn.shopify.com/s/files/1/0268/6749/9079/files/FM7417AK-WB-3.jpg,5,lyris-5-pc-bedroom-set-w-chest,,,,,,,,
lyris-5-pc-bedroom-set-w-chest,,,,,,,,,,,,,,,,,,,,,,,,,,,,,,,,https://cdn.shopify.com/s/files/1/0268/6749/9079/files/FM7417AK-WB-4.jpg,6,lyris-5-pc-bedroom-set-w-chest,,,,,,,,
lysandra-4-pc-bedroom-set,LYSANDRA 4 Pc. Bedroom Set,"<p><span style=""color:#1e73be;""><strong>FREE SHIPPING</strong></span><br>
LYSANDRA 4 Pc. Bedroom Set completes the bedroom with a relaxed, pulled-together look. As a bedroom bedroom set, it is designed to coordinate with matching pieces. The Transitional character adds definition without feeling heavy. Crafted with Linen-like Fabric, Solid Wood, Wood Veneer, then finished in Rustic Natural Tone, Beige tones to suit a range of interiors.<br>
Product Dimensions: 106 1/4""L X 68""W X 68""H<br>
Size: Queen</p>

<p>Features<br>
- Sleigh Bed<br>
- Button Tufted Headboard & Footboard<br>
- Antique Drawer Pulls<br>
- Felt-lined Top Drawer<br>
- Fluted Corners<br>
- Foundation Required Included items and dimensions:<br>
- Nightstand: color: Rustic Natural; dimensions: 30"" W x 18""D x 29 5 or 8"" H; feature: Transitional<br>
- Dresser: color: Rustic Natural; dimensions: 66 1 or 2"" W x 21""D x 38 1 or 2"" H; feature: Transitional</p>

<p>Materials: Linen-like Fabric, Solid Wood, Wood Veneer.<br>
Color: Rustic Natural Tone, Beige<br>
Weight: 623.26 lbs</p>",GOODDEGG,Furniture > Furniture Sets > Bedroom Furniture Sets,Bedroom Set,"Furniture of America, Quick Ship Furniture, New Arrival, Indoor Furniture, 2026",TRUE,Size,Queen,,,,,,,,CM7663Q-4PC,282706,shopify,20,deny,manual,5067,,TRUE,FALSE,,,,,,https://cdn.shopify.com/s/files/1/0268/6749/9079/files/CM7663-Z.jpg,1,lysandra-4-pc-bedroom-set,FALSE,LYSANDRA 4 Pc. Bedroom Set,"Shop LYSANDRA 4 Pc. Bedroom Set. Transitional style. Linen-like Fabric, Solid Wood build. Size: Queen. Free shipping. Buy now at GOODDEGG.",CM7663-Z.jpg,lb,,2099,active
lysandra-4-pc-bedroom-set,,,,,,,,,,,,,,,,,,,,,,,,,,,,,,,,https://cdn.shopify.com/s/files/1/0268/6749/9079/files/CM7663-CLOSEUP.jpg,2,lysandra-4-pc-bedroom-set,,,,,,,,
lysandra-4-pc-bedroom-set,,,,,,,,,,,,,,,,,,,,,,,,,,,,,,,,https://cdn.shopify.com/s/files/1/0268/6749/9079/files/CM7663-FABRIC.jpg,3,lysandra-4-pc-bedroom-set,,,,,,,,
lysandra-4-pc-bedroom-set,,,,,,,,,,,,,,,,,,,,,,,,,,,,,,,,https://cdn.shopify.com/s/files/1/0268/6749/9079/files/CM7663-FB.jpg,4,lysandra-4-pc-bedroom-set,,,,,,,,
lysandra-4-pc-bedroom-set,,,,,,,,,,,,,,,,,,,,,,,,,,,,,,,,https://cdn.shopify.com/s/files/1/0268/6749/9079/files/CM7663-FINISH.jpg,5,lysandra-4-pc-bedroom-set,,,,,,,,
lysandra-4-pc-bedroom-set,,,,,,,,,,,,,,,,,,,,,,,,,,,,,,,,https://cdn.shopify.com/s/files/1/0268/6749/9079/files/CM7663-FOOT.jpg,6,lysandra-4-pc-bedroom-set,,,,,,,,
lysandra-4-pc-bedroom-set,,,,,,,,,,,,,,,,,,,,,,,,,,,,,,,,https://cdn.shopify.com/s/files/1/0268/6749/9079/files/CM7663-HB.jpg,7,lysandra-4-pc-bedroom-set,,,,,,,,
lysandra-5-pc-bedroom-set-w-2ns,LYSANDRA 5 Pc. Bedroom Set w/ 2NS,"<p><span style=""color:#1e73be;""><strong>FREE SHIPPING</strong></span><br>
LYSANDRA 5 Pc. Bedroom Set w/ 2NS brings a restful, finished feel to the bedroom. This bedroom bedroom set is made to fit naturally into the room. A Transitional profile gives the space a refined, approachable look. With Linen-like Fabric, Solid Wood, Wood Veneer, construction and Rustic Natural Tone, Beige tones, it blends durability with visual warmth.<br>
Product Dimensions: 106 1/4""L X 68""W X 68""H<br>
Size: Queen</p>

<p>Features<br>
- Sleigh Bed<br>
- Button Tufted Headboard & Footboard<br>
- Antique Drawer Pulls<br>
- Felt-lined Top Drawer<br>
- Fluted Corners<br>
- Foundation Required Included items and dimensions:<br>
- Nightstand: color: Rustic Natural; dimensions: 30"" W x 18""D x 29 5 or 8"" H; feature: Transitional<br>
- Dresser: color: Rustic Natural; dimensions: 66 1 or 2"" W x 21""D x 38 1 or 2"" H; feature: Transitional</p>

<p>Materials: Linen-like Fabric, Solid Wood, Wood Veneer.<br>
Color: Rustic Natural Tone, Beige<br>
Weight: 711.26 lbs</p>",GOODDEGG,Furniture > Furniture Sets > Bedroom Furniture Sets,Bedroom Set,"Furniture of America, Quick Ship Furniture, New Arrival, Indoor Furniture, 2026",TRUE,Size,Queen,,,,,,,,CM7663Q-5PC-2NS,322622,shopify,20,deny,manual,5757,,TRUE,FALSE,,,,,,https://cdn.shopify.com/s/files/1/0268/6749/9079/files/CM7663-Z.jpg,1,lysandra-5-pc-bedroom-set-w-2ns,FALSE,LYSANDRA 5 Pc. Bedroom Set w/ 2NS,"Shop LYSANDRA 5 Pc. Bedroom Set w/ 2NS. Transitional style. Linen-like Fabric, Solid Wood build. Size: Queen. Free shipping. Buy now at GOODDEGG.",CM7663-Z.jpg,lb,,2379,active
lysandra-5-pc-bedroom-set-w-2ns,,,,,,,,,,,,,,,,,,,,,,,,,,,,,,,,https://cdn.shopify.com/s/files/1/0268/6749/9079/files/CM7663-CLOSEUP.jpg,2,lysandra-5-pc-bedroom-set-w-2ns,,,,,,,,
lysandra-5-pc-bedroom-set-w-2ns,,,,,,,,,,,,,,,,,,,,,,,,,,,,,,,,https://cdn.shopify.com/s/files/1/0268/6749/9079/files/CM7663-FABRIC.jpg,3,lysandra-5-pc-bedroom-set-w-2ns,,,,,,,,
lysandra-5-pc-bedroom-set-w-2ns,,,,,,,,,,,,,,,,,,,,,,,,,,,,,,,,https://cdn.shopify.com/s/files/1/0268/6749/9079/files/CM7663-FB.jpg,4,lysandra-5-pc-bedroom-set-w-2ns,,,,,,,,
lysandra-5-pc-bedroom-set-w-2ns,,,,,,,,,,,,,,,,,,,,,,,,,,,,,,,,https://cdn.shopify.com/s/files/1/0268/6749/9079/files/CM7663-FINISH.jpg,5,lysandra-5-pc-bedroom-set-w-2ns,,,,,,,,
lysandra-5-pc-bedroom-set-w-2ns,,,,,,,,,,,,,,,,,,,,,,,,,,,,,,,,https://cdn.shopify.com/s/files/1/0268/6749/9079/files/CM7663-FOOT.jpg,6,lysandra-5-pc-bedroom-set-w-2ns,,,,,,,,
lysandra-5-pc-bedroom-set-w-2ns,,,,,,,,,,,,,,,,,,,,,,,,,,,,,,,,https://cdn.shopify.com/s/files/1/0268/6749/9079/files/CM7663-HB.jpg,7,lysandra-5-pc-bedroom-set-w-2ns,,,,,,,,
lysandra-5-pc-bedroom-set-w-chest,LYSANDRA 5 Pc. Bedroom Set w/ Chest,"<p><span style=""color:#1e73be;""><strong>FREE SHIPPING</strong></span><br>
Create a calm, coordinated retreat with LYSANDRA 5 Pc. Bedroom Set w/ Chest. Designed as a bedroom bedroom set, it pairs easily with surrounding decor. Its Transitional styling keeps the room feeling polished yet comfortable. Finished in Rustic Natural Tone, Beige tones, the Linen-like Fabric, Solid Wood, Wood Veneer, build keeps the look polished and practical.<br>
Product Dimensions: 106 1/4""L X 68""W X 68""H<br>
Size: Queen</p>

<p>Features<br>
- Sleigh Bed<br>
- Button Tufted Headboard & Footboard<br>
- Antique Drawer Pulls<br>
- Felt-lined Top Drawer<br>
- Fluted Corners<br>
- Foundation Required Included items and dimensions:<br>
- Nightstand: color: Rustic Natural; dimensions: 30"" W x 18""D x 29 5 or 8"" H; feature: Transitional<br>
- Dresser: color: Rustic Natural; dimensions: 66 1 or 2"" W x 21""D x 38 1 or 2"" H; feature: Transitional<br>
- Chest: color: Rustic Natural; dimensions: 40"" W x 20""D x 53 5 or 8"" H; feature: Transitional</p>

<p>Materials: Linen-like Fabric, Solid Wood, Wood Veneer.<br>
Color: Rustic Natural Tone, Beige<br>
Weight: 790.26 lbs</p>",GOODDEGG,Furniture > Furniture Sets > Bedroom Furniture Sets,Bedroom Set,"Furniture of America, Quick Ship Furniture, New Arrival, Indoor Furniture, 2026",TRUE,Size,Queen,,,,,,,,CM7663Q-5PC-CHEST,358456,shopify,20,deny,manual,6327,,TRUE,FALSE,,,,,,https://cdn.shopify.com/s/files/1/0268/6749/9079/files/CM7663-Z.jpg,1,lysandra-5-pc-bedroom-set-w-chest,FALSE,LYSANDRA 5 Pc. Bedroom Set w/ Chest,"Shop LYSANDRA 5 Pc. Bedroom Set w/ Chest. Transitional style. Linen-like Fabric, Solid Wood build. Size: Queen. Free shipping. Buy now at GOODDEGG.",CM7663-Z.jpg,lb,,2599,active
lysandra-5-pc-bedroom-set-w-chest,,,,,,,,,,,,,,,,,,,,,,,,,,,,,,,,https://cdn.shopify.com/s/files/1/0268/6749/9079/files/CM7663-CLOSEUP.jpg,2,lysandra-5-pc-bedroom-set-w-chest,,,,,,,,
lysandra-5-pc-bedroom-set-w-chest,,,,,,,,,,,,,,,,,,,,,,,,,,,,,,,,https://cdn.shopify.com/s/files/1/0268/6749/9079/files/CM7663-FABRIC.jpg,3,lysandra-5-pc-bedroom-set-w-chest,,,,,,,,
lysandra-5-pc-bedroom-set-w-chest,,,,,,,,,,,,,,,,,,,,,,,,,,,,,,,,https://cdn.shopify.com/s/files/1/0268/6749/9079/files/CM7663-FB.jpg,4,lysandra-5-pc-bedroom-set-w-chest,,,,,,,,
lysandra-5-pc-bedroom-set-w-chest,,,,,,,,,,,,,,,,,,,,,,,,,,,,,,,,https://cdn.shopify.com/s/files/1/0268/6749/9079/files/CM7663-FINISH.jpg,5,lysandra-5-pc-bedroom-set-w-chest,,,,,,,,
lysandra-5-pc-bedroom-set-w-chest,,,,,,,,,,,,,,,,,,,,,,,,,,,,,,,,https://cdn.shopify.com/s/files/1/0268/6749/9079/files/CM7663-FOOT.jpg,6,lysandra-5-pc-bedroom-set-w-chest,,,,,,,,
lysandra-5-pc-bedroom-set-w-chest,,,,,,,,,,,,,,,,,,,,,,,,,,,,,,,,https://cdn.shopify.com/s/files/1/0268/6749/9079/files/CM7663-HB.jpg,7,lysandra-5-pc-bedroom-set-w-chest,,,,,,,,
maddie-4-pc-bedroom-set,MADDIE 4 Pc. Bedroom Set,"<p><span style=""color:#1e73be;""><strong>FREE SHIPPING</strong></span><br>
Elevate your space with MADDIE, styled in Contemporary and designed for everyday comfort.<br>
This bedroom bedroom set is made to fit naturally into the room. With Leatherette, Solid Wood, Wood Veneer, Others, Fabric, Solid Wood, Engineered Wood and Pearl White/White or Silver tones, it blends structure and softness in one clean profile.<br>
Product Dimensions: 90 7/8&quot;L X 70 5/8&quot;W X 70&quot;H<br>
Size: Queen</p>

<p>Features<br>
- Leatherette<br>
- Solid Wood<br>
- Wood Veneer<br>
- Others<br>
- Padded Headboard w/ Horizontal Tufting &amp; LED Light<br>
- Crystal &amp; Mirror Accents w/ Acrylic Legs<br>
- Footboard Drawers<br>
- Felt-lined Top Drawers &amp; English Dovetail Drawers<br>
- Beveled Mirror w/ LED Light<br>
- Matching Bench Available<br>
- Mattress Ready<br>
<strong>Variant Details</strong><br>
- <strong>Size: Queen | Color: Pearl White/White | Dimensions: - | Weight: 702.13 lbs | Volume: 77.3 cuft</strong><br>
- <strong>Size: Queen | Color: Silver | Dimensions: 90 7/8&quot;L X 70 5/8&quot;W X 70&quot;H | Weight: 646 lbs | Volume: 76.1 cuft</strong><br>
</p>

<p>Materials: Leatherette, Solid Wood, Wood Veneer, Others, Fabric, Solid Wood, Engineered Wood.<br>
Color: Pearl White/White or Silver<br>
Weight: 646 - 702.13 lbs</p>",GOODDEGG,Furniture > Furniture Sets > Bedroom Furniture Sets,Bedroom Set,"Furniture of America, Quick Ship Furniture, New Arrival, Indoor Furniture, 2026",TRUE,Color,Pearl White/White,,,,,,,,CM7899Q-4PC,318481,shopify,20,deny,manual,4107,,TRUE,FALSE,,,,,,https://cdn.shopify.com/s/files/1/0268/6749/9079/files/CM7899-1-c.jpg,1,maddie-4-pc-bedroom-set,FALSE,MADDIE 4 Pc. Bedroom Set,"Shop MADDIE 4 Pc. Bedroom Set. Contemporary style. Leatherette, Solid Wood build. Multiple colors available. Free shipping. Buy now at GOODDEGG.",CM7899-1-c.jpg,lb,,1599,active
maddie-4-pc-bedroom-set,,,,,,,,,Silver,,,,,,,,CM7899SV-Q-4PC,293021,shopify,20,deny,manual,4167,,TRUE,FALSE,,,,,,https://cdn.shopify.com/s/files/1/0268/6749/9079/files/CM7899-2.jpg,2,maddie-4-pc-bedroom-set,,,,CM7899SV-1-Z.jpg,lb,,1599,
maddie-4-pc-bedroom-set,,,,,,,,,,,,,,,,,,,,,,,,,,,,,,,,https://cdn.shopify.com/s/files/1/0268/6749/9079/files/CM7899-3.jpg,3,maddie-4-pc-bedroom-set,,,,,,,,
maddie-4-pc-bedroom-set,,,,,,,,,,,,,,,,,,,,,,,,,,,,,,,,https://cdn.shopify.com/s/files/1/0268/6749/9079/files/CM7899-4.jpg,4,maddie-4-pc-bedroom-set,,,,,,,,
maddie-4-pc-bedroom-set,,,,,,,,,,,,,,,,,,,,,,,,,,,,,,,,https://cdn.shopify.com/s/files/1/0268/6749/9079/files/CM7899-5.jpg,5,maddie-4-pc-bedroom-set,,,,,,,,
maddie-4-pc-bedroom-set,,,,,,,,,,,,,,,,,,,,,,,,,,,,,,,,https://cdn.shopify.com/s/files/1/0268/6749/9079/files/CM7899-6.jpg,6,maddie-4-pc-bedroom-set,,,,,,,,
maddie-4-pc-bedroom-set,,,,,,,,,,,,,,,,,,,,,,,,,,,,,,,,https://cdn.shopify.com/s/files/1/0268/6749/9079/files/CM7899SV-1-Z.jpg,7,maddie-4-pc-bedroom-set,,,,,,,,
maddie-4-pc-bedroom-set,,,,,,,,,,,,,,,,,,,,,,,,,,,,,,,,https://cdn.shopify.com/s/files/1/0268/6749/9079/files/CM7899SV-2.jpg,8,maddie-4-pc-bedroom-set,,,,,,,,
maddie-4-pc-bedroom-set,,,,,,,,,,,,,,,,,,,,,,,,,,,,,,,,https://cdn.shopify.com/s/files/1/0268/6749/9079/files/CM7899SV-3.jpg,9,maddie-4-pc-bedroom-set,,,,,,,,
maddie-4-pc-bedroom-set,,,,,,,,,,,,,,,,,,,,,,,,,,,,,,,,https://cdn.shopify.com/s/files/1/0268/6749/9079/files/CM7899SV-4.jpg,10,maddie-4-pc-bedroom-set,,,,,,,,
maddie-4-pc-bedroom-set,,,,,,,,,,,,,,,,,,,,,,,,,,,,,,,,https://cdn.shopify.com/s/files/1/0268/6749/9079/files/CM7899SV-5.jpg,11,maddie-4-pc-bedroom-set,,,,,,,,
maddie-4-pc-bedroom-set,,,,,,,,,,,,,,,,,,,,,,,,,,,,,,,,CM7899SV-6.jpg,12,maddie-4-pc-bedroom-set,,,,,,,,
maddie-4-pc-bedroom-set,,,,,,,,,,,,,,,,,,,,,,,,,,,,,,,,https://cdn.shopify.com/s/files/1/0268/6749/9079/files/CM7899SV-7.jpg,13,maddie-4-pc-bedroom-set,,,,,,,,
maddie-4-pc-bedroom-set,,,,,,,,,,,,,,,,,,,,,,,,,,,,,,,,https://cdn.shopify.com/s/files/1/0268/6749/9079/files/CM7899SV-8.jpg,14,maddie-4-pc-bedroom-set,,,,,,,,
maddie-4-pc-bedroom-set,,,,,,,,,,,,,,,,,,,,,,,,,,,,,,,,https://cdn.shopify.com/s/files/1/0268/6749/9079/files/CM7899SV-9.jpg,15,maddie-4-pc-bedroom-set,,,,,,,,
maddie-5-pc-bedroom-set-w-2ns,MADDIE 5 Pc. Bedroom Set w/2NS,"<p><span style=""color:#1e73be;""><strong>FREE SHIPPING</strong></span><br>
Elevate your space with MADDIE, styled in Contemporary and designed for everyday comfort.<br>
This bedroom bedroom set is made to fit naturally into the room. With Leatherette, Solid Wood, Wood Veneer, Others, Fabric, Solid Wood, Engineered Wood and Pearl White/White or Silver tones, it blends structure and softness in one clean profile.<br>
Product Dimensions: 90 7/8&quot;L X 70 5/8&quot;W X 70&quot;H<br>
Size: Queen</p>

<p>Features<br>
- Leatherette<br>
- Solid Wood<br>
- Wood Veneer<br>
- Others<br>
- Padded Headboard w/ Horizontal Tufting &amp; LED Light<br>
- Crystal &amp; Mirror Accents w/ Acrylic Legs<br>
- Footboard Drawers<br>
- Felt-lined Top Drawers &amp; English Dovetail Drawers<br>
- Beveled Mirror w/ LED Light<br>
- Matching Bench Available<br>
- Mattress Ready<br>
<strong>Variant Details</strong><br>
- <strong>Size: Queen | Color: Pearl White/White | Dimensions: - | Weight: 811.85 lbs | Volume: 88 cuft</strong><br>
- <strong>Size: Queen | Color: Silver | Dimensions: 90 7/8&quot;L X 70 5/8&quot;W X 70&quot;H | Weight: 757 lbs | Volume: 86.8 cuft</strong><br>
</p>

<p>Materials: Leatherette, Solid Wood, Wood Veneer, Others, Fabric, Solid Wood, Engineered Wood.<br>
Color: Pearl White/White or Silver<br>
Weight: 757 - 811.85 lbs</p>",GOODDEGG,Furniture > Furniture Sets > Bedroom Furniture Sets,Bedroom Set,"Furniture of America, Quick Ship Furniture, New Arrival, Indoor Furniture, 2026",TRUE,Color,Pearl White/White,,,,,,,,CM7899Q-5PC-2NS,368249,shopify,20,deny,manual,4767,,TRUE,FALSE,,,,,,https://cdn.shopify.com/s/files/1/0268/6749/9079/files/CM7899-1-c.jpg,1,maddie-5-pc-bedroom-set-w-2ns,FALSE,MADDIE 5 Pc. Bedroom Set w/2NS,"Shop MADDIE 5 Pc. Bedroom Set w/2NS. Contemporary style. Leatherette, Solid Wood build. Multiple colors available. Free shipping. Buy now at GOODDEGG.",CM7899-1-c.jpg,lb,,1869,active
maddie-5-pc-bedroom-set-w-2ns,,,,,,,,,Silver,,,,,,,,CM7899SV-Q-5PC-2NS,343369,shopify,20,deny,manual,4857,,TRUE,FALSE,,,,,,https://cdn.shopify.com/s/files/1/0268/6749/9079/files/CM7899-2.jpg,2,maddie-5-pc-bedroom-set-w-2ns,,,,CM7899SV-1-Z.jpg,lb,,1859,
maddie-5-pc-bedroom-set-w-2ns,,,,,,,,,,,,,,,,,,,,,,,,,,,,,,,,https://cdn.shopify.com/s/files/1/0268/6749/9079/files/CM7899-3.jpg,3,maddie-5-pc-bedroom-set-w-2ns,,,,,,,,
maddie-5-pc-bedroom-set-w-2ns,,,,,,,,,,,,,,,,,,,,,,,,,,,,,,,,https://cdn.shopify.com/s/files/1/0268/6749/9079/files/CM7899-4.jpg,4,maddie-5-pc-bedroom-set-w-2ns,,,,,,,,
maddie-5-pc-bedroom-set-w-2ns,,,,,,,,,,,,,,,,,,,,,,,,,,,,,,,,https://cdn.shopify.com/s/files/1/0268/6749/9079/files/CM7899-5.jpg,5,maddie-5-pc-bedroom-set-w-2ns,,,,,,,,
maddie-5-pc-bedroom-set-w-2ns,,,,,,,,,,,,,,,,,,,,,,,,,,,,,,,,https://cdn.shopify.com/s/files/1/0268/6749/9079/files/CM7899-6.jpg,6,maddie-5-pc-bedroom-set-w-2ns,,,,,,,,
maddie-5-pc-bedroom-set-w-2ns,,,,,,,,,,,,,,,,,,,,,,,,,,,,,,,,https://cdn.shopify.com/s/files/1/0268/6749/9079/files/CM7899SV-1-Z.jpg,7,maddie-5-pc-bedroom-set-w-2ns,,,,,,,,
maddie-5-pc-bedroom-set-w-2ns,,,,,,,,,,,,,,,,,,,,,,,,,,,,,,,,https://cdn.shopify.com/s/files/1/0268/6749/9079/files/CM7899SV-2.jpg,8,maddie-5-pc-bedroom-set-w-2ns,,,,,,,,
maddie-5-pc-bedroom-set-w-2ns,,,,,,,,,,,,,,,,,,,,,,,,,,,,,,,,https://cdn.shopify.com/s/files/1/0268/6749/9079/files/CM7899SV-3.jpg,9,maddie-5-pc-bedroom-set-w-2ns,,,,,,,,
maddie-5-pc-bedroom-set-w-2ns,,,,,,,,,,,,,,,,,,,,,,,,,,,,,,,,https://cdn.shopify.com/s/files/1/0268/6749/9079/files/CM7899SV-4.jpg,10,maddie-5-pc-bedroom-set-w-2ns,,,,,,,,
maddie-5-pc-bedroom-set-w-2ns,,,,,,,,,,,,,,,,,,,,,,,,,,,,,,,,https://cdn.shopify.com/s/files/1/0268/6749/9079/files/CM7899SV-5.jpg,11,maddie-5-pc-bedroom-set-w-2ns,,,,,,,,
maddie-5-pc-bedroom-set-w-2ns,,,,,,,,,,,,,,,,,,,,,,,,,,,,,,,,CM7899SV-6.jpg,12,maddie-5-pc-bedroom-set-w-2ns,,,,,,,,
maddie-5-pc-bedroom-set-w-2ns,,,,,,,,,,,,,,,,,,,,,,,,,,,,,,,,https://cdn.shopify.com/s/files/1/0268/6749/9079/files/CM7899SV-7.jpg,13,maddie-5-pc-bedroom-set-w-2ns,,,,,,,,
maddie-5-pc-bedroom-set-w-2ns,,,,,,,,,,,,,,,,,,,,,,,,,,,,,,,,https://cdn.shopify.com/s/files/1/0268/6749/9079/files/CM7899SV-8.jpg,14,maddie-5-pc-bedroom-set-w-2ns,,,,,,,,
maddie-5-pc-bedroom-set-w-2ns,,,,,,,,,,,,,,,,,,,,,,,,,,,,,,,,https://cdn.shopify.com/s/files/1/0268/6749/9079/files/CM7899SV-9.jpg,15,maddie-5-pc-bedroom-set-w-2ns,,,,,,,,
maddie-5-pc-bedroom-set-w-chest,MADDIE 5 Pc. Bedroom Set w/Chest,"<p><span style=""color:#1e73be;""><strong>FREE SHIPPING</strong></span><br>
Elevate your space with MADDIE, styled in Contemporary and designed for everyday comfort.<br>
This bedroom bedroom set is made to fit naturally into the room. With Leatherette, Solid Wood, Wood Veneer, Others, Fabric, Solid Wood, Engineered Wood and Pearl White/White or Silver tones, it blends structure and softness in one clean profile.<br>
Product Dimensions: 90 7/8&quot;L X 70 5/8&quot;W X 70&quot;H<br>
Size: Queen</p>

<p>Features<br>
- Leatherette<br>
- Solid Wood<br>
- Wood Veneer<br>
- Others<br>
- Padded Headboard w/ Horizontal Tufting &amp; LED Light<br>
- Crystal &amp; Mirror Accents w/ Acrylic Legs<br>
- Footboard Drawers<br>
- Felt-lined Top Drawers &amp; English Dovetail Drawers<br>
- Beveled Mirror w/ LED Light<br>
- Matching Bench Available<br>
- Mattress Ready<br>
<strong>Variant Details</strong><br>
- <strong>Size: Queen | Color: Pearl White/White | Dimensions: - | Weight: 918.22 lbs | Volume: 146.9 cuft</strong><br>
- <strong>Size: Queen | Color: Silver | Dimensions: 90 7/8&quot;L X 70 5/8&quot;W X 70&quot;H | Weight: 812 lbs | Volume: 104.7 cuft</strong><br>
</p>

<p>Materials: Leatherette, Solid Wood, Wood Veneer, Others, Fabric, Solid Wood, Engineered Wood.<br>
Color: Pearl White/White or Silver<br>
Weight: 812 - 918.22 lbs</p>",GOODDEGG,Furniture > Furniture Sets > Bedroom Furniture Sets,Bedroom Set,"Furniture of America, Quick Ship Furniture, New Arrival, Indoor Furniture, 2026",TRUE,Color,Pearl White/White,,,,,,,,CM7899Q-5PC-CHEST,416498,shopify,20,deny,manual,5187,,TRUE,FALSE,,,,,,https://cdn.shopify.com/s/files/1/0268/6749/9079/files/CM7899-1-c.jpg,1,maddie-5-pc-bedroom-set-w-chest,FALSE,MADDIE 5 Pc. Bedroom Set w/Chest,"Shop MADDIE 5 Pc. Bedroom Set w/Chest. Contemporary style. Leatherette, Solid Wood build. Multiple colors available. Free shipping. Buy now at GOODDEGG.",CM7899-1-c.jpg,lb,,1999,active
maddie-5-pc-bedroom-set-w-chest,,,,,,,,,Silver,,,,,,,,CM7899SV-Q-5PC-CHEST,368317,shopify,20,deny,manual,5244,,TRUE,FALSE,,,,,,https://cdn.shopify.com/s/files/1/0268/6749/9079/files/CM7899-2.jpg,2,maddie-5-pc-bedroom-set-w-chest,,,,CM7899SV-1-Z.jpg,lb,,2018,
maddie-5-pc-bedroom-set-w-chest,,,,,,,,,,,,,,,,,,,,,,,,,,,,,,,,https://cdn.shopify.com/s/files/1/0268/6749/9079/files/CM7899-3.jpg,3,maddie-5-pc-bedroom-set-w-chest,,,,,,,,
maddie-5-pc-bedroom-set-w-chest,,,,,,,,,,,,,,,,,,,,,,,,,,,,,,,,https://cdn.shopify.com/s/files/1/0268/6749/9079/files/CM7899-4.jpg,4,maddie-5-pc-bedroom-set-w-chest,,,,,,,,
maddie-5-pc-bedroom-set-w-chest,,,,,,,,,,,,,,,,,,,,,,,,,,,,,,,,https://cdn.shopify.com/s/files/1/0268/6749/9079/files/CM7899-5.jpg,5,maddie-5-pc-bedroom-set-w-chest,,,,,,,,
maddie-5-pc-bedroom-set-w-chest,,,,,,,,,,,,,,,,,,,,,,,,,,,,,,,,https://cdn.shopify.com/s/files/1/0268/6749/9079/files/CM7899-6.jpg,6,maddie-5-pc-bedroom-set-w-chest,,,,,,,,
maddie-5-pc-bedroom-set-w-chest,,,,,,,,,,,,,,,,,,,,,,,,,,,,,,,,https://cdn.shopify.com/s/files/1/0268/6749/9079/files/CM7899SV-1-Z.jpg,7,maddie-5-pc-bedroom-set-w-chest,,,,,,,,
maddie-5-pc-bedroom-set-w-chest,,,,,,,,,,,,,,,,,,,,,,,,,,,,,,,,https://cdn.shopify.com/s/files/1/0268/6749/9079/files/CM7899SV-2.jpg,8,maddie-5-pc-bedroom-set-w-chest,,,,,,,,
maddie-5-pc-bedroom-set-w-chest,,,,,,,,,,,,,,,,,,,,,,,,,,,,,,,,https://cdn.shopify.com/s/files/1/0268/6749/9079/files/CM7899SV-3.jpg,9,maddie-5-pc-bedroom-set-w-chest,,,,,,,,
maddie-5-pc-bedroom-set-w-chest,,,,,,,,,,,,,,,,,,,,,,,,,,,,,,,,https://cdn.shopify.com/s/files/1/0268/6749/9079/files/CM7899SV-4.jpg,10,maddie-5-pc-bedroom-set-w-chest,,,,,,,,
maddie-5-pc-bedroom-set-w-chest,,,,,,,,,,,,,,,,,,,,,,,,,,,,,,,,https://cdn.shopify.com/s/files/1/0268/6749/9079/files/CM7899SV-5.jpg,11,maddie-5-pc-bedroom-set-w-chest,,,,,,,,
maddie-5-pc-bedroom-set-w-chest,,,,,,,,,,,,,,,,,,,,,,,,,,,,,,,,CM7899SV-6.jpg,12,maddie-5-pc-bedroom-set-w-chest,,,,,,,,
maddie-5-pc-bedroom-set-w-chest,,,,,,,,,,,,,,,,,,,,,,,,,,,,,,,,https://cdn.shopify.com/s/files/1/0268/6749/9079/files/CM7899SV-7.jpg,13,maddie-5-pc-bedroom-set-w-chest,,,,,,,,
maddie-5-pc-bedroom-set-w-chest,,,,,,,,,,,,,,,,,,,,,,,,,,,,,,,,https://cdn.shopify.com/s/files/1/0268/6749/9079/files/CM7899SV-8.jpg,14,maddie-5-pc-bedroom-set-w-chest,,,,,,,,
maddie-5-pc-bedroom-set-w-chest,,,,,,,,,,,,,,,,,,,,,,,,,,,,,,,,https://cdn.shopify.com/s/files/1/0268/6749/9079/files/CM7899SV-9.jpg,15,maddie-5-pc-bedroom-set-w-chest,,,,,,,,
malte-4-pc-bedroom-set,MALTE 4 Pc. Bedroom Set,"<p><span style=""color:#1e73be;""><strong>FREE SHIPPING</strong></span><br>
MALTE 4 Pc. Bedroom Set completes the bedroom with a relaxed, pulled-together look. As a bedroom bedroom set, it is designed to coordinate with matching pieces. The Contemporary character adds definition without feeling heavy. Built from Metal, Solid Wood, Wood Veneer, and finished in White tones for a clean, cohesive look.<br>
Product Dimensions: 91 5/8""L X 63 3/8""W X 48 1/4""H<br>
Size: Queen</p>

<p>Features<br>
- Shelf in Headboard<br>
- Built-in LED Lighting<br>
- Chrome Accents<br>
- High Gloss Lacquer Coating<br>
- Felt-lined Top Drawers<br>
- USB Charger in Night Stand<br>
- Foundation Required Included items and dimensions:<br>
- Nightstand w/ USB: color: White or Chrome; dimensions: 23 1 or 4"" L x 15 3 or 8"" W x 26 3 or 8"" H; feature: Contemporary<br>
- Dresser: color: White or Chrome; dimensions: 63"" L x 17 3 or 4"" W x 33 1 or 2"" H; feature: Contemporary</p>

<p>Materials: Metal, Solid Wood, Wood Veneer.<br>
Color: White<br>
Weight: 474.5 lbs</p>",GOODDEGG,Furniture > Furniture Sets > Bedroom Furniture Sets,Bedroom Set,"Furniture of America, Quick Ship Furniture, New Arrival, Indoor Furniture, 2026",TRUE,Size,Queen,,,,,,,,CM7049WH-Q-4PC,215230,shopify,20,deny,manual,2577,,TRUE,FALSE,,,,,,https://cdn.shopify.com/s/files/1/0268/6749/9079/files/CM7049WH-1-Z.jpg,1,malte-4-pc-bedroom-set,FALSE,MALTE 4 Pc. Bedroom Set,"Shop MALTE 4 Pc. Bedroom Set. Contemporary style. Metal, Solid Wood build. Size: Queen. Free shipping. Buy now at GOODDEGG.",CM7049WH-1-Z.jpg,lb,,1099,active
malte-5-pc-bedroom-set-w-2ns,MALTE 5 Pc. Bedroom Set w/ 2NS,"<p><span style=""color:#1e73be;""><strong>FREE SHIPPING</strong></span><br>
MALTE 5 Pc. Bedroom Set w/ 2NS brings a restful, finished feel to the bedroom. This bedroom bedroom set is made to fit naturally into the room. A Contemporary profile gives the space a refined, approachable look. Crafted with Metal, Solid Wood, Wood Veneer, then finished in White tones to suit a range of interiors.<br>
Product Dimensions: 91 5/8""L X 63 3/8""W X 48 1/4""H<br>
Size: Queen</p>

<p>Features<br>
- Shelf in Headboard<br>
- Built-in LED Lighting<br>
- Chrome Accents<br>
- High Gloss Lacquer Coating<br>
- Felt-lined Top Drawers<br>
- USB Charger in Night Stand<br>
- Foundation Required Included items and dimensions:<br>
- Nightstand w/ USB: color: White or Chrome; dimensions: 23 1 or 4"" L x 15 3 or 8"" W x 26 3 or 8"" H; feature: Contemporary<br>
- Dresser: color: White or Chrome; dimensions: 63"" L x 17 3 or 4"" W x 33 1 or 2"" H; feature: Contemporary</p>

<p>Materials: Metal, Solid Wood, Wood Veneer.<br>
Color: White<br>
Weight: 538.43 lbs</p>",GOODDEGG,Furniture > Furniture Sets > Bedroom Furniture Sets,Bedroom Set,"Furniture of America, Quick Ship Furniture, New Arrival, Indoor Furniture, 2026",TRUE,Size,Queen,,,,,,,,CM7049WH-Q-5PC-2NS,244228,shopify,20,deny,manual,2937,,TRUE,FALSE,,,,,,https://cdn.shopify.com/s/files/1/0268/6749/9079/files/CM7049WH-1-Z.jpg,1,malte-5-pc-bedroom-set-w-2ns,FALSE,MALTE 5 Pc. Bedroom Set w/ 2NS,"Shop MALTE 5 Pc. Bedroom Set w/ 2NS. Contemporary style. Metal, Solid Wood build. Size: Queen. Free shipping. Buy now at GOODDEGG.",CM7049WH-1-Z.jpg,lb,,1259,active
malte-5-pc-bedroom-set-w-chest,MALTE 5 Pc. Bedroom Set w/ Chest,"<p><span style=""color:#1e73be;""><strong>FREE SHIPPING</strong></span><br>
Create a calm, coordinated retreat with MALTE 5 Pc. Bedroom Set w/ Chest. Designed as a bedroom bedroom set, it pairs easily with surrounding decor. Its Contemporary styling keeps the room feeling polished yet comfortable. With Metal, Solid Wood, Wood Veneer, construction and White tones, it blends durability with visual warmth.<br>
Product Dimensions: 91 5/8""L X 63 3/8""W X 48 1/4""H<br>
Size: Queen</p>

<p>Features<br>
- Shelf in Headboard<br>
- Built-in LED Lighting<br>
- Chrome Accents<br>
- High Gloss Lacquer Coating<br>
- Felt-lined Top Drawers<br>
- USB Charger in Night Stand<br>
- Foundation Required Included items and dimensions:<br>
- Nightstand w/ USB: color: White or Chrome; dimensions: 23 1 or 4"" L x 15 3 or 8"" W x 26 3 or 8"" H; feature: Contemporary<br>
- Dresser: color: White or Chrome; dimensions: 63"" L x 17 3 or 4"" W x 33 1 or 2"" H; feature: Contemporary<br>
- Chest: color: White or Chrome; dimensions: 35"" L x 17 3 or 4"" W x 50 3 or 4"" H; feature: Contemporary</p>

<p>Materials: Metal, Solid Wood, Wood Veneer.<br>
Color: White<br>
Weight: 660.13 lbs</p>",GOODDEGG,Furniture > Furniture Sets > Bedroom Furniture Sets,Bedroom Set,"Furniture of America, Quick Ship Furniture, New Arrival, Indoor Furniture, 2026",TRUE,Size,Queen,,,,,,,,CM7049WH-Q-5PC-CHEST,299430,shopify,20,deny,manual,3474,,TRUE,FALSE,,,,,,https://cdn.shopify.com/s/files/1/0268/6749/9079/files/CM7049WH-1-Z.jpg,1,malte-5-pc-bedroom-set-w-chest,FALSE,MALTE 5 Pc. Bedroom Set w/ Chest,"Shop MALTE 5 Pc. Bedroom Set w/ Chest. Contemporary style. Metal, Solid Wood build. Size: Queen. Free shipping. Buy now at GOODDEGG.",CM7049WH-1-Z.jpg,lb,,1488,active
manar-4-pc-bedroom-set,MANAR 4 Pc. Bedroom Set,"<p><span style=""color:#1e73be;""><strong>FREE SHIPPING</strong></span><br>
MANAR 4 Pc. Bedroom Set completes the bedroom with a relaxed, pulled-together look. As a bedroom bedroom set, it is designed to coordinate with matching pieces. The Transitional character adds definition without feeling heavy. Finished in Silver tones, the Leatherette, Mirror, Polyresin, Solid Wood, Wood Veneer, Engineered Wood build keeps the look polished and practical.<br>
Product Dimensions: BED: 86 1/4""L X 63""W X 62 1/4""H<br>
Size: Queen</p>

<p>Features<br>
- Button Tufted Padded Headboard<br>
- Embedded LED light on Headboard<br>
- Circular Decorative Pattern<br>
- USB Charger in Night Stand<br>
- Foundation Required Included items and dimensions:<br>
- Nightstand w/ USB: color: Silver; dimensions: 28"" W x 18""D x 29 1 or 4"" H; feature: Transitional<br>
- Dresser: color: Silver; dimensions: 62"" W x 18""D x 38 1 or 4"" H; feature: Transitional</p>

<p>Materials: Leatherette, Mirror, Polyresin, Solid Wood, Wood Veneer, Engineered Wood.<br>
Color: Silver<br>
Weight: 457.6 lbs</p>",GOODDEGG,Furniture > Furniture Sets > Bedroom Furniture Sets,Bedroom Set,"Furniture of America, Quick Ship Furniture, New Arrival, Indoor Furniture, 2026",TRUE,Size,Queen,,,,,,,,CM7891Q-4PC,207564,shopify,20,deny,manual,2877,,TRUE,FALSE,,,,,,https://cdn.shopify.com/s/files/1/0268/6749/9079/files/CM7891-1-Z.jpg,1,manar-4-pc-bedroom-set,FALSE,MANAR 4 Pc. Bedroom Set,"Shop MANAR 4 Pc. Bedroom Set. Transitional style. Leatherette, Mirror build. Size: Queen. Free shipping. Buy now at GOODDEGG.",CM7891-1-Z.jpg,lb,,1169,active
manar-4-pc-bedroom-set,,,,,,,,,,,,,,,,,,,,,,,,,,,,,,,,https://cdn.shopify.com/s/files/1/0268/6749/9079/files/CM7891-2.jpg,2,manar-4-pc-bedroom-set,,,,,,,,
manar-4-pc-bedroom-set,,,,,,,,,,,,,,,,,,,,,,,,,,,,,,,,https://cdn.shopify.com/s/files/1/0268/6749/9079/files/CM7891-3.jpg,3,manar-4-pc-bedroom-set,,,,,,,,
manar-4-pc-bedroom-set,,,,,,,,,,,,,,,,,,,,,,,,,,,,,,,,https://cdn.shopify.com/s/files/1/0268/6749/9079/files/CM7891-4.jpg,4,manar-4-pc-bedroom-set,,,,,,,,
manar-4-pc-bedroom-set,,,,,,,,,,,,,,,,,,,,,,,,,,,,,,,,https://cdn.shopify.com/s/files/1/0268/6749/9079/files/CM7891-5.jpg,5,manar-4-pc-bedroom-set,,,,,,,,
manar-4-pc-bedroom-set,,,,,,,,,,,,,,,,,,,,,,,,,,,,,,,,https://cdn.shopify.com/s/files/1/0268/6749/9079/files/CM7891-6.jpg,6,manar-4-pc-bedroom-set,,,,,,,,
manar-4-pc-bedroom-set,,,,,,,,,,,,,,,,,,,,,,,,,,,,,,,,https://cdn.shopify.com/s/files/1/0268/6749/9079/files/CM7891-7.jpg,7,manar-4-pc-bedroom-set,,,,,,,,
manar-4-pc-bedroom-set,,,,,,,,,,,,,,,,,,,,,,,,,,,,,,,,https://cdn.shopify.com/s/files/1/0268/6749/9079/files/CM7891-8.jpg,8,manar-4-pc-bedroom-set,,,,,,,,
manar-4-pc-bedroom-set,,,,,,,,,,,,,,,,,,,,,,,,,,,,,,,,https://cdn.shopify.com/s/files/1/0268/6749/9079/files/CM7891-9.jpg,9,manar-4-pc-bedroom-set,,,,,,,,
manar-5-pc-bedroom-set-w-2ns,MANAR 5 Pc. Bedroom Set w/ 2NS,"<p><span style=""color:#1e73be;""><strong>FREE SHIPPING</strong></span><br>
MANAR 5 Pc. Bedroom Set w/ 2NS brings a restful, finished feel to the bedroom. This bedroom bedroom set is made to fit naturally into the room. A Transitional profile gives the space a refined, approachable look. Built from Leatherette, Mirror, Polyresin, Solid Wood, Wood Veneer, Engineered Wood and finished in Silver tones for a clean, cohesive look.<br>
Product Dimensions: BED: 86 1/4""L X 63""W X 62 1/4""H<br>
Size: Queen</p>

<p>Features<br>
- Button Tufted Padded Headboard<br>
- Embedded LED light on Headboard<br>
- Circular Decorative Pattern<br>
- USB Charger in Night Stand<br>
- Foundation Required Included items and dimensions:<br>
- Nightstand w/ USB: color: Silver; dimensions: 28"" W x 18""D x 29 1 or 4"" H; feature: Transitional<br>
- Dresser: color: Silver; dimensions: 62"" W x 18""D x 38 1 or 4"" H; feature: Transitional</p>

<p>Materials: Leatherette, Mirror, Polyresin, Solid Wood, Wood Veneer, Engineered Wood.<br>
Color: Silver<br>
Weight: 523.6 lbs</p>",GOODDEGG,Furniture > Furniture Sets > Bedroom Furniture Sets,Bedroom Set,"Furniture of America, Quick Ship Furniture, New Arrival, Indoor Furniture, 2026",TRUE,Size,Queen,,,,,,,,CM7891Q-5PC-2NS,237501,shopify,20,deny,manual,3357,,TRUE,FALSE,,,,,,https://cdn.shopify.com/s/files/1/0268/6749/9079/files/CM7891-1-Z.jpg,1,manar-5-pc-bedroom-set-w-2ns,FALSE,MANAR 5 Pc. Bedroom Set w/ 2NS,"Shop MANAR 5 Pc. Bedroom Set w/ 2NS. Transitional style. Leatherette, Mirror build. Size: Queen. Free shipping. Buy now at GOODDEGG.",CM7891-1-Z.jpg,lb,,1359,active
manar-5-pc-bedroom-set-w-2ns,,,,,,,,,,,,,,,,,,,,,,,,,,,,,,,,https://cdn.shopify.com/s/files/1/0268/6749/9079/files/CM7891-2.jpg,2,manar-5-pc-bedroom-set-w-2ns,,,,,,,,
manar-5-pc-bedroom-set-w-2ns,,,,,,,,,,,,,,,,,,,,,,,,,,,,,,,,https://cdn.shopify.com/s/files/1/0268/6749/9079/files/CM7891-3.jpg,3,manar-5-pc-bedroom-set-w-2ns,,,,,,,,
manar-5-pc-bedroom-set-w-2ns,,,,,,,,,,,,,,,,,,,,,,,,,,,,,,,,https://cdn.shopify.com/s/files/1/0268/6749/9079/files/CM7891-4.jpg,4,manar-5-pc-bedroom-set-w-2ns,,,,,,,,
manar-5-pc-bedroom-set-w-2ns,,,,,,,,,,,,,,,,,,,,,,,,,,,,,,,,https://cdn.shopify.com/s/files/1/0268/6749/9079/files/CM7891-5.jpg,5,manar-5-pc-bedroom-set-w-2ns,,,,,,,,
manar-5-pc-bedroom-set-w-2ns,,,,,,,,,,,,,,,,,,,,,,,,,,,,,,,,https://cdn.shopify.com/s/files/1/0268/6749/9079/files/CM7891-6.jpg,6,manar-5-pc-bedroom-set-w-2ns,,,,,,,,
manar-5-pc-bedroom-set-w-2ns,,,,,,,,,,,,,,,,,,,,,,,,,,,,,,,,https://cdn.shopify.com/s/files/1/0268/6749/9079/files/CM7891-7.jpg,7,manar-5-pc-bedroom-set-w-2ns,,,,,,,,
manar-5-pc-bedroom-set-w-2ns,,,,,,,,,,,,,,,,,,,,,,,,,,,,,,,,https://cdn.shopify.com/s/files/1/0268/6749/9079/files/CM7891-8.jpg,8,manar-5-pc-bedroom-set-w-2ns,,,,,,,,
manar-5-pc-bedroom-set-w-2ns,,,,,,,,,,,,,,,,,,,,,,,,,,,,,,,,https://cdn.shopify.com/s/files/1/0268/6749/9079/files/CM7891-9.jpg,9,manar-5-pc-bedroom-set-w-2ns,,,,,,,,
manar-5-pc-bedroom-set-w-chest,MANAR 5 Pc. Bedroom Set w/ Chest,"<p><span style=""color:#1e73be;""><strong>FREE SHIPPING</strong></span><br>
Create a calm, coordinated retreat with MANAR 5 Pc. Bedroom Set w/ Chest. Designed as a bedroom bedroom set, it pairs easily with surrounding decor. Its Transitional styling keeps the room feeling polished yet comfortable. Crafted with Leatherette, Mirror, Polyresin, Solid Wood, Wood Veneer, Engineered Wood, then finished in Silver tones to suit a range of interiors.<br>
Product Dimensions: BED: 86 1/4""L X 63""W X 62 1/4""H<br>
Size: Queen</p>

<p>Features<br>
- Button Tufted Padded Headboard<br>
- Embedded LED light on Headboard<br>
- Circular Decorative Pattern<br>
- USB Charger in Night Stand<br>
- Foundation Required Included items and dimensions:<br>
- Nightstand w/ USB: color: Silver; dimensions: 28"" W x 18""D x 29 1 or 4"" H; feature: Transitional<br>
- Dresser: color: Silver; dimensions: 62"" W x 18""D x 38 1 or 4"" H; feature: Transitional<br>
- Chest: color: Silver; dimensions: 36"" W x 18""D x 52 1 or 4"" H; feature: Transitional</p>

<p>Materials: Leatherette, Mirror, Polyresin, Solid Wood, Wood Veneer, Engineered Wood.<br>
Color: Silver<br>
Weight: 611.6 lbs</p>",GOODDEGG,Furniture > Furniture Sets > Bedroom Furniture Sets,Bedroom Set,"Furniture of America, Quick Ship Furniture, New Arrival, Indoor Furniture, 2026",TRUE,Size,Queen,,,,,,,,CM7891Q-5PC-CHEST,277417,shopify,20,deny,manual,3744,,TRUE,FALSE,,,,,,https://cdn.shopify.com/s/files/1/0268/6749/9079/files/CM7891-1-Z.jpg,1,manar-5-pc-bedroom-set-w-chest,FALSE,MANAR 5 Pc. Bedroom Set w/ Chest,"Shop MANAR 5 Pc. Bedroom Set w/ Chest. Transitional style. Leatherette, Mirror build. Size: Queen. Free shipping. Buy now at GOODDEGG.",CM7891-1-Z.jpg,lb,,1518,active
manar-5-pc-bedroom-set-w-chest,,,,,,,,,,,,,,,,,,,,,,,,,,,,,,,,https://cdn.shopify.com/s/files/1/0268/6749/9079/files/CM7891-2.jpg,2,manar-5-pc-bedroom-set-w-chest,,,,,,,,
manar-5-pc-bedroom-set-w-chest,,,,,,,,,,,,,,,,,,,,,,,,,,,,,,,,https://cdn.shopify.com/s/files/1/0268/6749/9079/files/CM7891-3.jpg,3,manar-5-pc-bedroom-set-w-chest,,,,,,,,
manar-5-pc-bedroom-set-w-chest,,,,,,,,,,,,,,,,,,,,,,,,,,,,,,,,https://cdn.shopify.com/s/files/1/0268/6749/9079/files/CM7891-4.jpg,4,manar-5-pc-bedroom-set-w-chest,,,,,,,,
manar-5-pc-bedroom-set-w-chest,,,,,,,,,,,,,,,,,,,,,,,,,,,,,,,,https://cdn.shopify.com/s/files/1/0268/6749/9079/files/CM7891-5.jpg,5,manar-5-pc-bedroom-set-w-chest,,,,,,,,
manar-5-pc-bedroom-set-w-chest,,,,,,,,,,,,,,,,,,,,,,,,,,,,,,,,https://cdn.shopify.com/s/files/1/0268/6749/9079/files/CM7891-6.jpg,6,manar-5-pc-bedroom-set-w-chest,,,,,,,,
manar-5-pc-bedroom-set-w-chest,,,,,,,,,,,,,,,,,,,,,,,,,,,,,,,,https://cdn.shopify.com/s/files/1/0268/6749/9079/files/CM7891-7.jpg,7,manar-5-pc-bedroom-set-w-chest,,,,,,,,
manar-5-pc-bedroom-set-w-chest,,,,,,,,,,,,,,,,,,,,,,,,,,,,,,,,https://cdn.shopify.com/s/files/1/0268/6749/9079/files/CM7891-8.jpg,8,manar-5-pc-bedroom-set-w-chest,,,,,,,,
manar-5-pc-bedroom-set-w-chest,,,,,,,,,,,,,,,,,,,,,,,,,,,,,,,,https://cdn.shopify.com/s/files/1/0268/6749/9079/files/CM7891-9.jpg,9,manar-5-pc-bedroom-set-w-chest,,,,,,,,
mandalay-4-pc-bedroom-set,MANDALAY 4 Pc. Bedroom Set,"<p><span style=""color:#1e73be;""><strong>FREE SHIPPING</strong></span><br>
MANDALAY 4 Pc. Bedroom Set completes the bedroom with a relaxed, pulled-together look. As a bedroom bedroom set, it is designed to coordinate with matching pieces. The Traditional character adds definition without feeling heavy. With Leatherette, Solid Wood, Wood Veneer, Engineered Wood construction and Brown Cherry tones, it blends durability with visual warmth.<br>
Product Dimensions: 98 3/8""L X 72 1/4""W X 86 7/8""H<br>
Size: Queen</p>

<p>Features<br>
- Traditional<br>
- Padded Headboard & Footboard<br>
- Poster Canopy<br>
- Foundation Required Included items and dimensions:<br>
- VISTA I Dresser: color: Brown Cherry; dimensions: 63"" W x 20 1 or 8""D x 37 7 or 8"" H; feature: Traditional<br>
- VISTA I Nightstand: color: Brown Cherry; dimensions: 30 1 or 8"" W x 18""D x 29 7 or 8"" H; feature: Traditional</p>

<p>Materials: Leatherette, Solid Wood, Wood Veneer, Engineered Wood.<br>
Color: Brown Cherry<br>
Weight: 622.35 lbs</p>",GOODDEGG,Furniture > Furniture Sets > Bedroom Furniture Sets,Bedroom Set,"Furniture of America, Quick Ship Furniture, New Arrival, Indoor Furniture, 2026",TRUE,Size,Queen,,,,,,,,CM7271Q-4PC,282293,shopify,20,deny,manual,4437,,TRUE,FALSE,,,,,,https://cdn.shopify.com/s/files/1/0268/6749/9079/files/CM7271-Z.jpg,1,mandalay-4-pc-bedroom-set,FALSE,MANDALAY 4 Pc. Bedroom Set,"Shop MANDALAY 4 Pc. Bedroom Set. Traditional style. Leatherette, Solid Wood build. Size: Queen. Free shipping. Buy now at GOODDEGG.",CM7271-Z.jpg,lb,,1749,active
mandalay-4-pc-bedroom-set,,,,,,,,,,,,,,,,,,,,,,,,,,,,,,,,https://cdn.shopify.com/s/files/1/0268/6749/9079/files/CM7271CP.jpg,2,mandalay-4-pc-bedroom-set,,,,,,,,
mandalay-4-pc-bedroom-set,,,,,,,,,,,,,,,,,,,,,,,,,,,,,,,,https://cdn.shopify.com/s/files/1/0268/6749/9079/files/CM7271.jpg,3,mandalay-4-pc-bedroom-set,,,,,,,,
mandalay-4-pc-bedroom-set,,,,,,,,,,,,,,,,,,,,,,,,,,,,,,,,https://cdn.shopify.com/s/files/1/0268/6749/9079/files/CM7271-FB.jpg,4,mandalay-4-pc-bedroom-set,,,,,,,,
mandalay-5-pc-bedroom-set-w-2ns,MANDALAY 5 Pc. Bedroom Set w/ 2NS,"<p><span style=""color:#1e73be;""><strong>FREE SHIPPING</strong></span><br>
MANDALAY 5 Pc. Bedroom Set w/ 2NS brings a restful, finished feel to the bedroom. This bedroom bedroom set is made to fit naturally into the room. A Traditional profile gives the space a refined, approachable look. Finished in Brown Cherry tones, the Leatherette, Solid Wood, Wood Veneer, Engineered Wood build keeps the look polished and practical.<br>
Product Dimensions: 98 3/8""L X 72 1/4""W X 86 7/8""H<br>
Size: Queen</p>

<p>Features<br>
- Traditional<br>
- Padded Headboard & Footboard<br>
- Poster Canopy<br>
- Foundation Required Included items and dimensions:<br>
- VISTA I Dresser: color: Brown Cherry; dimensions: 63"" W x 20 1 or 8""D x 37 7 or 8"" H; feature: Traditional<br>
- VISTA I Nightstand: color: Brown Cherry; dimensions: 30 1 or 8"" W x 18""D x 29 7 or 8"" H; feature: Traditional</p>

<p>Materials: Leatherette, Solid Wood, Wood Veneer, Engineered Wood.<br>
Color: Brown Cherry<br>
Weight: 696.2 lbs</p>",GOODDEGG,Furniture > Furniture Sets > Bedroom Furniture Sets,Bedroom Set,"Furniture of America, Quick Ship Furniture, New Arrival, Indoor Furniture, 2026",TRUE,Size,Queen,,,,,,,,CM7271Q-5PC-2NS,315791,shopify,20,deny,manual,5067,,TRUE,FALSE,,,,,,https://cdn.shopify.com/s/files/1/0268/6749/9079/files/CM7271-Z.jpg,1,mandalay-5-pc-bedroom-set-w-2ns,FALSE,MANDALAY 5 Pc. Bedroom Set w/ 2NS,"Shop MANDALAY 5 Pc. Bedroom Set w/ 2NS. Traditional style. Leatherette, Solid Wood build. Size: Queen. Free shipping. Buy now at GOODDEGG.",CM7271-Z.jpg,lb,,2009,active
mandalay-5-pc-bedroom-set-w-2ns,,,,,,,,,,,,,,,,,,,,,,,,,,,,,,,,https://cdn.shopify.com/s/files/1/0268/6749/9079/files/CM7271CP.jpg,2,mandalay-5-pc-bedroom-set-w-2ns,,,,,,,,
mandalay-5-pc-bedroom-set-w-2ns,,,,,,,,,,,,,,,,,,,,,,,,,,,,,,,,https://cdn.shopify.com/s/files/1/0268/6749/9079/files/CM7271.jpg,3,mandalay-5-pc-bedroom-set-w-2ns,,,,,,,,
mandalay-5-pc-bedroom-set-w-2ns,,,,,,,,,,,,,,,,,,,,,,,,,,,,,,,,https://cdn.shopify.com/s/files/1/0268/6749/9079/files/CM7271-FB.jpg,4,mandalay-5-pc-bedroom-set-w-2ns,,,,,,,,
mandalay-5-pc-bedroom-set-w-chest,MANDALAY 5 Pc. Bedroom Set w/ Chest,"<p><span style=""color:#1e73be;""><strong>FREE SHIPPING</strong></span><br>
Create a calm, coordinated retreat with MANDALAY 5 Pc. Bedroom Set w/ Chest. Designed as a bedroom bedroom set, it pairs easily with surrounding decor. Its Traditional styling keeps the room feeling polished yet comfortable. Built from Leatherette, Solid Wood, Wood Veneer, Engineered Wood and finished in Brown Cherry tones for a clean, cohesive look.<br>
Product Dimensions: 98 3/8""L X 72 1/4""W X 86 7/8""H<br>
Size: Queen</p>

<p>Features<br>
- Traditional<br>
- Padded Headboard & Footboard<br>
- Poster Canopy<br>
- Foundation Required Included items and dimensions:<br>
- VISTA I Dresser: color: Brown Cherry; dimensions: 63"" W x 20 1 or 8""D x 37 7 or 8"" H; feature: Traditional<br>
- VISTA I Nightstand: color: Brown Cherry; dimensions: 30 1 or 8"" W x 18""D x 29 7 or 8"" H; feature: Traditional</p>

<p>Materials: Leatherette, Solid Wood, Wood Veneer, Engineered Wood.<br>
Color: Brown Cherry<br>
Weight: 757.27 lbs</p>",GOODDEGG,Furniture > Furniture Sets > Bedroom Furniture Sets,Bedroom Set,"Furniture of America, Quick Ship Furniture, New Arrival, Indoor Furniture, 2026",TRUE,Size,Queen,,,,,,,,CM7271Q-5PC-CHEST,343492,shopify,20,deny,manual,5697,,TRUE,FALSE,,,,,,https://cdn.shopify.com/s/files/1/0268/6749/9079/files/CM7271-Z.jpg,1,mandalay-5-pc-bedroom-set-w-chest,FALSE,MANDALAY 5 Pc. Bedroom Set w/ Chest,"Shop MANDALAY 5 Pc. Bedroom Set w/ Chest. Traditional style. Leatherette, Solid Wood build. Size: Queen. Free shipping. Buy now at GOODDEGG.",CM7271-Z.jpg,lb,,2268,active
mandalay-5-pc-bedroom-set-w-chest,,,,,,,,,,,,,,,,,,,,,,,,,,,,,,,,https://cdn.shopify.com/s/files/1/0268/6749/9079/files/CM7271CP.jpg,2,mandalay-5-pc-bedroom-set-w-chest,,,,,,,,
mandalay-5-pc-bedroom-set-w-chest,,,,,,,,,,,,,,,,,,,,,,,,,,,,,,,,https://cdn.shopify.com/s/files/1/0268/6749/9079/files/CM7271.jpg,3,mandalay-5-pc-bedroom-set-w-chest,,,,,,,,
mandalay-5-pc-bedroom-set-w-chest,,,,,,,,,,,,,,,,,,,,,,,,,,,,,,,,https://cdn.shopify.com/s/files/1/0268/6749/9079/files/CM7271-FB.jpg,4,mandalay-5-pc-bedroom-set-w-chest,,,,,,,,
mandura-4-pc-bedroom-set,MANDURA 4 Pc. Bedroom Set,"<p><span style=""color:#1e73be;""><strong>FREE SHIPPING</strong></span><br>
MANDURA 4 Pc. Bedroom Set completes the bedroom with a relaxed, pulled-together look. As a bedroom bedroom set, it is designed to coordinate with matching pieces. The Traditional character adds definition without feeling heavy. Crafted with Solid Wood, Wood Veneer, then finished in Cherry tones to suit a range of interiors.<br>
Product Dimensions: 88 1/2""L X 65 1/2""W X 60 1/2""H<br>
Size: Queen</p>

<p>Features<br>
- Traditional<br>
- Low Post Bed<br>
- Intricate Accents<br>
- Felt-lined Top Drawers<br>
- Foundation Required Included items and dimensions:<br>
- Nightstand: color: Cherry; dimensions: 26"" W x 15 1 or 2""D x 28"" H; feature: Traditional<br>
- Dresser: color: Cherry; dimensions: 63"" W x 15 1 or 2""D x 34"" H; feature: Traditional</p>

<p>Materials: Solid Wood, Wood Veneer.<br>
Color: Cherry<br>
Weight: 404.8 lbs</p>",GOODDEGG,Furniture > Furniture Sets > Bedroom Furniture Sets,Bedroom Set,"Furniture of America, Quick Ship Furniture, New Arrival, Indoor Furniture, 2026",TRUE,Size,Queen,,,,,,,,CM7260Q-4PC,183614,shopify,20,deny,manual,2427,,TRUE,FALSE,,,,,,https://cdn.shopify.com/s/files/1/0268/6749/9079/files/CM7260.jpg,1,mandura-4-pc-bedroom-set,FALSE,MANDURA 4 Pc. Bedroom Set,"Shop MANDURA 4 Pc. Bedroom Set. Traditional style. Solid Wood, Wood Veneer build. Size: Queen. Free shipping. Buy now at GOODDEGG.",CM7260.jpg,lb,,999,active
mandura-4-pc-bedroom-set,,,,,,,,,,,,,,,,,,,,,,,,,,,,,,,,https://cdn.shopify.com/s/files/1/0268/6749/9079/files/CM7260-HB.jpg,2,mandura-4-pc-bedroom-set,,,,,,,,
mandura-4-pc-bedroom-set,,,,,,,,,,,,,,,,,,,,,,,,,,,,,,,,https://cdn.shopify.com/s/files/1/0268/6749/9079/files/CM7260-3.jpg,3,mandura-4-pc-bedroom-set,,,,,,,,
mandura-4-pc-bedroom-set,,,,,,,,,,,,,,,,,,,,,,,,,,,,,,,,https://cdn.shopify.com/s/files/1/0268/6749/9079/files/CM7260-4.jpg,4,mandura-4-pc-bedroom-set,,,,,,,,
mandura-5-pc-bedroom-set-w-2ns,MANDURA 5 Pc. Bedroom Set w/ 2NS,"<p><span style=""color:#1e73be;""><strong>FREE SHIPPING</strong></span><br>
MANDURA 5 Pc. Bedroom Set w/ 2NS brings a restful, finished feel to the bedroom. This bedroom bedroom set is made to fit naturally into the room. A Traditional profile gives the space a refined, approachable look. With Solid Wood, Wood Veneer, construction and Cherry tones, it blends durability with visual warmth.<br>
Product Dimensions: 88 1/2""L X 65 1/2""W X 60 1/2""H<br>
Size: Queen</p>

<p>Features<br>
- Traditional<br>
- Low Post Bed<br>
- Intricate Accents<br>
- Felt-lined Top Drawers<br>
- Foundation Required Included items and dimensions:<br>
- Nightstand: color: Cherry; dimensions: 26"" W x 15 1 or 2""D x 28"" H; feature: Traditional<br>
- Dresser: color: Cherry; dimensions: 63"" W x 15 1 or 2""D x 34"" H; feature: Traditional</p>

<p>Materials: Solid Wood, Wood Veneer.<br>
Color: Cherry<br>
Weight: 453.2 lbs</p>",GOODDEGG,Furniture > Furniture Sets > Bedroom Furniture Sets,Bedroom Set,"Furniture of America, Quick Ship Furniture, New Arrival, Indoor Furniture, 2026",TRUE,Size,Queen,,,,,,,,CM7260Q-5PC-2NS,205568,shopify,20,deny,manual,2787,,TRUE,FALSE,,,,,,https://cdn.shopify.com/s/files/1/0268/6749/9079/files/CM7260.jpg,1,mandura-5-pc-bedroom-set-w-2ns,FALSE,MANDURA 5 Pc. Bedroom Set w/ 2NS,"Shop MANDURA 5 Pc. Bedroom Set w/ 2NS. Traditional style. Solid Wood, Wood Veneer build. Size: Queen. Free shipping. Buy now at GOODDEGG.",CM7260.jpg,lb,,1149,active
mandura-5-pc-bedroom-set-w-2ns,,,,,,,,,,,,,,,,,,,,,,,,,,,,,,,,https://cdn.shopify.com/s/files/1/0268/6749/9079/files/CM7260-HB.jpg,2,mandura-5-pc-bedroom-set-w-2ns,,,,,,,,
mandura-5-pc-bedroom-set-w-2ns,,,,,,,,,,,,,,,,,,,,,,,,,,,,,,,,https://cdn.shopify.com/s/files/1/0268/6749/9079/files/CM7260-3.jpg,3,mandura-5-pc-bedroom-set-w-2ns,,,,,,,,
mandura-5-pc-bedroom-set-w-2ns,,,,,,,,,,,,,,,,,,,,,,,,,,,,,,,,https://cdn.shopify.com/s/files/1/0268/6749/9079/files/CM7260-4.jpg,4,mandura-5-pc-bedroom-set-w-2ns,,,,,,,,
mandura-5-pc-bedroom-set-w-chest,MANDURA 5 Pc. Bedroom Set w/ Chest,"<p><span style=""color:#1e73be;""><strong>FREE SHIPPING</strong></span><br>
Create a calm, coordinated retreat with MANDURA 5 Pc. Bedroom Set w/ Chest. Designed as a bedroom bedroom set, it pairs easily with surrounding decor. Its Traditional styling keeps the room feeling polished yet comfortable. Finished in Cherry tones, the Solid Wood, Wood Veneer, build keeps the look polished and practical.<br>
Product Dimensions: 88 1/2""L X 65 1/2""W X 60 1/2""H<br>
Size: Queen</p>

<p>Features<br>
- Traditional<br>
- Low Post Bed<br>
- Intricate Accents<br>
- Felt-lined Top Drawers<br>
- Foundation Required Included items and dimensions:<br>
- Nightstand: color: Cherry; dimensions: 26"" W x 15 1 or 2""D x 28"" H; feature: Traditional<br>
- Dresser: color: Cherry; dimensions: 63"" W x 15 1 or 2""D x 34"" H; feature: Traditional<br>
- Chest: color: Cherry; dimensions: 38"" W x 15 1 or 2""D x 52"" H; feature: Traditional</p>

<p>Materials: Solid Wood, Wood Veneer.<br>
Color: Cherry<br>
Weight: 550 lbs</p>",GOODDEGG,Furniture > Furniture Sets > Bedroom Furniture Sets,Bedroom Set,"Furniture of America, Quick Ship Furniture, New Arrival, Indoor Furniture, 2026",TRUE,Size,Queen,,,,,,,,CM7260Q-5PC-CHEST,249476,shopify,20,deny,manual,3174,,TRUE,FALSE,,,,,,https://cdn.shopify.com/s/files/1/0268/6749/9079/files/CM7260.jpg,1,mandura-5-pc-bedroom-set-w-chest,FALSE,MANDURA 5 Pc. Bedroom Set w/ Chest,"Shop MANDURA 5 Pc. Bedroom Set w/ Chest. Traditional style. Solid Wood, Wood Veneer build. Size: Queen. Free shipping. Buy now at GOODDEGG.",CM7260.jpg,lb,,1379,active
mandura-5-pc-bedroom-set-w-chest,,,,,,,,,,,,,,,,,,,,,,,,,,,,,,,,https://cdn.shopify.com/s/files/1/0268/6749/9079/files/CM7260-HB.jpg,2,mandura-5-pc-bedroom-set-w-chest,,,,,,,,
mandura-5-pc-bedroom-set-w-chest,,,,,,,,,,,,,,,,,,,,,,,,,,,,,,,,https://cdn.shopify.com/s/files/1/0268/6749/9079/files/CM7260-3.jpg,3,mandura-5-pc-bedroom-set-w-chest,,,,,,,,
mandura-5-pc-bedroom-set-w-chest,,,,,,,,,,,,,,,,,,,,,,,,,,,,,,,,https://cdn.shopify.com/s/files/1/0268/6749/9079/files/CM7260-4.jpg,4,mandura-5-pc-bedroom-set-w-chest,,,,,,,,
manvel-4-pc-bedroom-set,MANVEL 4 Pc. Bedroom Set,"<p><span style=""color:#1e73be;""><strong>FREE SHIPPING</strong></span><br>
MANVEL 4 Pc. Bedroom Set completes the bedroom with a relaxed, pulled-together look. As a bedroom bedroom set, it is designed to coordinate with matching pieces. The Contemporary character adds definition without feeling heavy. Finished in Two-Tone Antique Gray tones, the Leatherette, Solid Wood, Paper Veneer, build keeps the look polished and practical.<br>
Product Dimensions: 84 3/4""L X 62 7/8""W X 47 5/8""H<br>
Size: Queen</p>

<p>Features<br>
- Button Tufted Padded Headboard<br>
- English Dovetail Drawer Construction<br>
- Upholstery w/ Exposed Wood Panel<br>
- Center Metal Glides<br>
- Foundation Required Included items and dimensions:<br>
- Nightstand: color: Two-Tone Antique Gray; dimensions: 23 5 or 8"" W x 15 5 or 8""D x 23"" H; feature: Contemporary<br>
- Dresser: color: Two-Tone Antique Gray; dimensions: 59"" W x 15 5 or 8""D x 35 7 or 8"" H; feature: Contemporary</p>

<p>Materials: Leatherette, Solid Wood, Paper Veneer.<br>
Color: Two-Tone Antique Gray<br>
Weight: 317.6 lbs</p>",GOODDEGG,Furniture > Furniture Sets > Bedroom Furniture Sets,Bedroom Set,"Furniture of America, Quick Ship Furniture, New Arrival, Indoor Furniture, 2026",TRUE,Size,Queen,,,,,,,,CM7867Q-4PC,144061,shopify,20,deny,manual,1527,,TRUE,FALSE,,,,,,https://cdn.shopify.com/s/files/1/0268/6749/9079/files/CM7867-Z.jpg,1,manvel-4-pc-bedroom-set,FALSE,MANVEL 4 Pc. Bedroom Set,"Shop MANVEL 4 Pc. Bedroom Set. Contemporary style. Leatherette, Solid Wood build. Size: Queen. Free shipping. Buy now at GOODDEGG.",CM7867-Z.jpg,lb,,609,active
manvel-4-pc-bedroom-set,,,,,,,,,,,,,,,,,,,,,,,,,,,,,,,,https://cdn.shopify.com/s/files/1/0268/6749/9079/files/CM7867D-WB.jpg,2,manvel-4-pc-bedroom-set,,,,,,,,
manvel-4-pc-bedroom-set,,,,,,,,,,,,,,,,,,,,,,,,,,,,,,,,https://cdn.shopify.com/s/files/1/0268/6749/9079/files/CM7867D-closeup.jpg,3,manvel-4-pc-bedroom-set,,,,,,,,
manvel-4-pc-bedroom-set,,,,,,,,,,,,,,,,,,,,,,,,,,,,,,,,https://cdn.shopify.com/s/files/1/0268/6749/9079/files/CM7867D-detail.jpg,4,manvel-4-pc-bedroom-set,,,,,,,,
manvel-5-pc-bedroom-set-w-2ns,MANVEL 5 Pc. Bedroom Set w/ 2NS,"<p><span style=""color:#1e73be;""><strong>FREE SHIPPING</strong></span><br>
MANVEL 5 Pc. Bedroom Set w/ 2NS brings a restful, finished feel to the bedroom. This bedroom bedroom set is made to fit naturally into the room. A Contemporary profile gives the space a refined, approachable look. Built from Leatherette, Solid Wood, Paper Veneer, and finished in Two-Tone Antique Gray tones for a clean, cohesive look.<br>
Product Dimensions: 84 3/4""L X 62 7/8""W X 47 5/8""H<br>
Size: Queen</p>

<p>Features<br>
- Button Tufted Padded Headboard<br>
- English Dovetail Drawer Construction<br>
- Upholstery w/ Exposed Wood Panel<br>
- Center Metal Glides<br>
- Foundation Required Included items and dimensions:<br>
- Nightstand: color: Two-Tone Antique Gray; dimensions: 23 5 or 8"" W x 15 5 or 8""D x 23"" H; feature: Contemporary<br>
- Dresser: color: Two-Tone Antique Gray; dimensions: 59"" W x 15 5 or 8""D x 35 7 or 8"" H; feature: Contemporary</p>

<p>Materials: Leatherette, Solid Wood, Paper Veneer.<br>
Color: Two-Tone Antique Gray<br>
Weight: 366.1 lbs</p>",GOODDEGG,Furniture > Furniture Sets > Bedroom Furniture Sets,Bedroom Set,"Furniture of America, Quick Ship Furniture, New Arrival, Indoor Furniture, 2026",TRUE,Size,Queen,,,,,,,,CM7867Q-5PC-2NS,166060,shopify,20,deny,manual,1767,,TRUE,FALSE,,,,,,https://cdn.shopify.com/s/files/1/0268/6749/9079/files/CM7867-Z.jpg,1,manvel-5-pc-bedroom-set-w-2ns,FALSE,MANVEL 5 Pc. Bedroom Set w/ 2NS,"Shop MANVEL 5 Pc. Bedroom Set w/ 2NS. Contemporary style. Leatherette, Solid Wood build. Size: Queen. Free shipping. Buy now at GOODDEGG.",CM7867-Z.jpg,lb,,699,active
manvel-5-pc-bedroom-set-w-2ns,,,,,,,,,,,,,,,,,,,,,,,,,,,,,,,,https://cdn.shopify.com/s/files/1/0268/6749/9079/files/CM7867D-WB.jpg,2,manvel-5-pc-bedroom-set-w-2ns,,,,,,,,
manvel-5-pc-bedroom-set-w-2ns,,,,,,,,,,,,,,,,,,,,,,,,,,,,,,,,https://cdn.shopify.com/s/files/1/0268/6749/9079/files/CM7867D-closeup.jpg,3,manvel-5-pc-bedroom-set-w-2ns,,,,,,,,
manvel-5-pc-bedroom-set-w-2ns,,,,,,,,,,,,,,,,,,,,,,,,,,,,,,,,https://cdn.shopify.com/s/files/1/0268/6749/9079/files/CM7867D-detail.jpg,4,manvel-5-pc-bedroom-set-w-2ns,,,,,,,,
manvel-5-pc-bedroom-set-w-chest,MANVEL 5 Pc. Bedroom Set w/ Chest,"<p><span style=""color:#1e73be;""><strong>FREE SHIPPING</strong></span><br>
Create a calm, coordinated retreat with MANVEL 5 Pc. Bedroom Set w/ Chest. Designed as a bedroom bedroom set, it pairs easily with surrounding decor. Its Contemporary styling keeps the room feeling polished yet comfortable. Crafted with Leatherette, Solid Wood, Paper Veneer, then finished in Two-Tone Antique Gray tones to suit a range of interiors.<br>
Product Dimensions: 84 3/4""L X 62 7/8""W X 47 5/8""H<br>
Size: Queen</p>

<p>Features<br>
- Button Tufted Padded Headboard<br>
- English Dovetail Drawer Construction<br>
- Upholstery w/ Exposed Wood Panel<br>
- Center Metal Glides<br>
- Foundation Required Included items and dimensions:<br>
- Nightstand: color: Two-Tone Antique Gray; dimensions: 23 5 or 8"" W x 15 5 or 8""D x 23"" H; feature: Contemporary<br>
- Dresser: color: Two-Tone Antique Gray; dimensions: 59"" W x 15 5 or 8""D x 35 7 or 8"" H; feature: Contemporary<br>
- Chest: color: Two-Tone Antique Gray; dimensions: 33 1 or 2"" W x 15 5 or 8""D x 48"" H; feature: Contemporary</p>

<p>Materials: Leatherette, Solid Wood, Paper Veneer.<br>
Color: Two-Tone Antique Gray<br>
Weight: 434.4 lbs</p>",GOODDEGG,Furniture > Furniture Sets > Bedroom Furniture Sets,Bedroom Set,"Furniture of America, Quick Ship Furniture, New Arrival, Indoor Furniture, 2026",TRUE,Size,Queen,,,,,,,,CM7867Q-5PC-CHEST,197041,shopify,20,deny,manual,2034,,TRUE,FALSE,,,,,,https://cdn.shopify.com/s/files/1/0268/6749/9079/files/CM7867-Z.jpg,1,manvel-5-pc-bedroom-set-w-chest,FALSE,MANVEL 5 Pc. Bedroom Set w/ Chest,"Shop MANVEL 5 Pc. Bedroom Set w/ Chest. Contemporary style. Leatherette, Solid Wood build. Size: Queen. Free shipping. Buy now at GOODDEGG.",CM7867-Z.jpg,lb,,818,active
manvel-5-pc-bedroom-set-w-chest,,,,,,,,,,,,,,,,,,,,,,,,,,,,,,,,https://cdn.shopify.com/s/files/1/0268/6749/9079/files/CM7867D-WB.jpg,2,manvel-5-pc-bedroom-set-w-chest,,,,,,,,
manvel-5-pc-bedroom-set-w-chest,,,,,,,,,,,,,,,,,,,,,,,,,,,,,,,,https://cdn.shopify.com/s/files/1/0268/6749/9079/files/CM7867D-closeup.jpg,3,manvel-5-pc-bedroom-set-w-chest,,,,,,,,
manvel-5-pc-bedroom-set-w-chest,,,,,,,,,,,,,,,,,,,,,,,,,,,,,,,,https://cdn.shopify.com/s/files/1/0268/6749/9079/files/CM7867D-detail.jpg,4,manvel-5-pc-bedroom-set-w-chest,,,,,,,,
mchenry-4-pc-bedroom-set,MCHENRY 4 Pc. Bedroom Set,"<p><span style=""color:#1e73be;""><strong>FREE SHIPPING</strong></span><br>
MCHENRY 4 Pc. Bedroom Set brings a restful, finished feel to the bedroom. This bedroom bedroom set is made to fit naturally into the room. A Farmhouse profile gives the space a refined, approachable look. Finished in Natural Oak tones, the Rubberwood, Engineered Wood, Solid Wood, Pecan Veneer build keeps the look polished and practical.<br>
Product Dimensions: 67.5""W X 88""D X 60""H<br>
Size: Queen</p>

<p>Features<br>
- Farmhouse<br>
- Plank Headboard<br>
- Felt-Lined Top Drawers<br>
- French Front & English Back Dovetail Drawers<br>
- Metal Handles<br>
- Metal Side Glide<br>
- Foundation Required Included items and dimensions:<br>
- Nightstand: color: Natural Oak; dimensions: 28"" W x 17""D x 26.5"" H; feature: Farmhouse<br>
- Dresser: color: Natural Oak; dimensions: 62"" W x 18""D x 36"" H; feature: Farmhouse</p>

<p>Materials: Rubberwood, Engineered Wood, Solid Wood, Pecan Veneer.<br>
Color: Natural Oak<br>
Weight: 460.9 lbs</p>",GOODDEGG,Furniture > Furniture Sets > Bedroom Furniture Sets,Bedroom Set,"Furniture of America, Quick Ship Furniture, New Arrival, Indoor Furniture, 2026",TRUE,Size,Queen,,,,,,,,FM7706NT-Q-4PC,209061,shopify,20,deny,manual,2217,,TRUE,FALSE,,,,,,https://cdn.shopify.com/s/files/1/0268/6749/9079/files/FM7706NT-1-Z.jpg,1,mchenry-4-pc-bedroom-set,FALSE,MCHENRY 4 Pc. Bedroom Set,"Shop MCHENRY 4 Pc. Bedroom Set. Farmhouse style. Rubberwood, Engineered Wood build. Size: Queen. Free shipping. Buy now at GOODDEGG.",FM7706NT-1-Z.jpg,lb,,999,active
mchenry-4-pc-bedroom-set,,,,,,,,,,,,,,,,,,,,,,,,,,,,,,,,https://cdn.shopify.com/s/files/1/0268/6749/9079/files/FM7706NT-2.jpg,2,mchenry-4-pc-bedroom-set,,,,,,,,
mchenry-4-pc-bedroom-set,,,,,,,,,,,,,,,,,,,,,,,,,,,,,,,,https://cdn.shopify.com/s/files/1/0268/6749/9079/files/FM7706NT-3.jpg,3,mchenry-4-pc-bedroom-set,,,,,,,,
mchenry-4-pc-bedroom-set,,,,,,,,,,,,,,,,,,,,,,,,,,,,,,,,https://cdn.shopify.com/s/files/1/0268/6749/9079/files/FM7706NT-WB-1.jpg,4,mchenry-4-pc-bedroom-set,,,,,,,,
mchenry-4-pc-bedroom-set,,,,,,,,,,,,,,,,,,,,,,,,,,,,,,,,https://cdn.shopify.com/s/files/1/0268/6749/9079/files/FM7706NT-WB-2.jpg,5,mchenry-4-pc-bedroom-set,,,,,,,,
mchenry-4-pc-bedroom-set,,,,,,,,,,,,,,,,,,,,,,,,,,,,,,,,https://cdn.shopify.com/s/files/1/0268/6749/9079/files/FM7706NT-WB-3.jpg,6,mchenry-4-pc-bedroom-set,,,,,,,,
mchenry-4-pc-bedroom-set,,,,,,,,,,,,,,,,,,,,,,,,,,,,,,,,https://cdn.shopify.com/s/files/1/0268/6749/9079/files/FM7706NT-WB-4.jpg,7,mchenry-4-pc-bedroom-set,,,,,,,,
mchenry-4-pc-bedroom-set,,,,,,,,,,,,,,,,,,,,,,,,,,,,,,,,https://cdn.shopify.com/s/files/1/0268/6749/9079/files/FM7706NT-WB-5.jpg,8,mchenry-4-pc-bedroom-set,,,,,,,,
mchenry-4-pc-bedroom-set,,,,,,,,,,,,,,,,,,,,,,,,,,,,,,,,FM7706NT-N-WB-1.jpg,9,mchenry-4-pc-bedroom-set,,,,,,,,
mchenry-4-pc-bedroom-set,,,,,,,,,,,,,,,,,,,,,,,,,,,,,,,,https://cdn.shopify.com/s/files/1/0268/6749/9079/files/FM7706NT-D-WB-1.jpg,10,mchenry-4-pc-bedroom-set,,,,,,,,
mchenry-5-pc-bedroom-set-w-2ns,MCHENRY 5 Pc. Bedroom Set w/ 2NS,"<p><span style=""color:#1e73be;""><strong>FREE SHIPPING</strong></span><br>
Create a calm, coordinated retreat with MCHENRY 5 Pc. Bedroom Set w/ 2NS. Designed as a bedroom bedroom set, it pairs easily with surrounding decor. Its Farmhouse styling keeps the room feeling polished yet comfortable. Built from Rubberwood, Engineered Wood, Solid Wood, Pecan Veneer and finished in Natural Oak tones for a clean, cohesive look.<br>
Product Dimensions: 67.5""W X 88""D X 60""H<br>
Size: Queen</p>

<p>Features<br>
- Farmhouse<br>
- Plank Headboard<br>
- Felt-Lined Top Drawers<br>
- French Front & English Back Dovetail Drawers<br>
- Metal Handles<br>
- Metal Side Glide<br>
- Foundation Required Included items and dimensions:<br>
- Nightstand: color: Natural Oak; dimensions: 28"" W x 17""D x 26.5"" H; feature: Farmhouse<br>
- Dresser: color: Natural Oak; dimensions: 62"" W x 18""D x 36"" H; feature: Farmhouse</p>

<p>Materials: Rubberwood, Engineered Wood, Solid Wood, Pecan Veneer.<br>
Color: Natural Oak<br>
Weight: 524.7 lbs</p>",GOODDEGG,Furniture > Furniture Sets > Bedroom Furniture Sets,Bedroom Set,"Furniture of America, Quick Ship Furniture, New Arrival, Indoor Furniture, 2026",TRUE,Size,Queen,,,,,,,,FM7706NT-Q-5PC-2NS,238000,shopify,20,deny,manual,2577,,TRUE,FALSE,,,,,,https://cdn.shopify.com/s/files/1/0268/6749/9079/files/FM7706NT-1-Z.jpg,1,mchenry-5-pc-bedroom-set-w-2ns,FALSE,MCHENRY 5 Pc. Bedroom Set w/ 2NS,"Shop MCHENRY 5 Pc. Bedroom Set w/ 2NS. Farmhouse style. Rubberwood, Engineered Wood build. Size: Queen. Free shipping. Buy now at GOODDEGG.",FM7706NT-1-Z.jpg,lb,,1169,active
mchenry-5-pc-bedroom-set-w-2ns,,,,,,,,,,,,,,,,,,,,,,,,,,,,,,,,https://cdn.shopify.com/s/files/1/0268/6749/9079/files/FM7706NT-2.jpg,2,mchenry-5-pc-bedroom-set-w-2ns,,,,,,,,
mchenry-5-pc-bedroom-set-w-2ns,,,,,,,,,,,,,,,,,,,,,,,,,,,,,,,,https://cdn.shopify.com/s/files/1/0268/6749/9079/files/FM7706NT-3.jpg,3,mchenry-5-pc-bedroom-set-w-2ns,,,,,,,,
mchenry-5-pc-bedroom-set-w-2ns,,,,,,,,,,,,,,,,,,,,,,,,,,,,,,,,https://cdn.shopify.com/s/files/1/0268/6749/9079/files/FM7706NT-WB-1.jpg,4,mchenry-5-pc-bedroom-set-w-2ns,,,,,,,,
mchenry-5-pc-bedroom-set-w-2ns,,,,,,,,,,,,,,,,,,,,,,,,,,,,,,,,https://cdn.shopify.com/s/files/1/0268/6749/9079/files/FM7706NT-WB-2.jpg,5,mchenry-5-pc-bedroom-set-w-2ns,,,,,,,,
mchenry-5-pc-bedroom-set-w-2ns,,,,,,,,,,,,,,,,,,,,,,,,,,,,,,,,https://cdn.shopify.com/s/files/1/0268/6749/9079/files/FM7706NT-WB-3.jpg,6,mchenry-5-pc-bedroom-set-w-2ns,,,,,,,,
mchenry-5-pc-bedroom-set-w-2ns,,,,,,,,,,,,,,,,,,,,,,,,,,,,,,,,https://cdn.shopify.com/s/files/1/0268/6749/9079/files/FM7706NT-WB-4.jpg,7,mchenry-5-pc-bedroom-set-w-2ns,,,,,,,,
mchenry-5-pc-bedroom-set-w-2ns,,,,,,,,,,,,,,,,,,,,,,,,,,,,,,,,https://cdn.shopify.com/s/files/1/0268/6749/9079/files/FM7706NT-WB-5.jpg,8,mchenry-5-pc-bedroom-set-w-2ns,,,,,,,,
mchenry-5-pc-bedroom-set-w-2ns,,,,,,,,,,,,,,,,,,,,,,,,,,,,,,,,FM7706NT-N-WB-1.jpg,9,mchenry-5-pc-bedroom-set-w-2ns,,,,,,,,
mchenry-5-pc-bedroom-set-w-2ns,,,,,,,,,,,,,,,,,,,,,,,,,,,,,,,,https://cdn.shopify.com/s/files/1/0268/6749/9079/files/FM7706NT-D-WB-1.jpg,10,mchenry-5-pc-bedroom-set-w-2ns,,,,,,,,
mchenry-5-pc-bedroom-set-w-chest,MCHENRY 5 Pc. Bedroom Set w/ Chest,"<p><span style=""color:#1e73be;""><strong>FREE SHIPPING</strong></span><br>
MCHENRY 5 Pc. Bedroom Set w/ Chest completes the bedroom with a relaxed, pulled-together look. As a bedroom bedroom set, it is designed to coordinate with matching pieces. The Farmhouse character adds definition without feeling heavy. Crafted with Rubberwood, Engineered Wood, Solid Wood, Pecan Veneer, then finished in Natural Oak tones to suit a range of interiors.<br>
Product Dimensions: 67.5""W X 88""D X 60""H<br>
Size: Queen</p>

<p>Features<br>
- Farmhouse<br>
- Plank Headboard<br>
- Felt-Lined Top Drawers<br>
- French Front & English Back Dovetail Drawers<br>
- Metal Handles<br>
- Metal Side Glide<br>
- Foundation Required Included items and dimensions:<br>
- Nightstand: color: Natural Oak; dimensions: 28"" W x 17""D x 26.5"" H; feature: Farmhouse<br>
- Dresser: color: Natural Oak; dimensions: 62"" W x 18""D x 36"" H; feature: Farmhouse<br>
- Chest: color: Natural Oak; dimensions: 40"" W x 18""D x 52"" H; feature: Farmhouse</p>

<p>Materials: Rubberwood, Engineered Wood, Solid Wood, Pecan Veneer.<br>
Color: Natural Oak<br>
Weight: 633.4 lbs</p>",GOODDEGG,Furniture > Furniture Sets > Bedroom Furniture Sets,Bedroom Set,"Furniture of America, Quick Ship Furniture, New Arrival, Indoor Furniture, 2026",TRUE,Size,Queen,,,,,,,,FM7706NT-Q-5PC-CHEST,287305,shopify,20,deny,manual,3144,,TRUE,FALSE,,,,,,https://cdn.shopify.com/s/files/1/0268/6749/9079/files/FM7706NT-1-Z.jpg,1,mchenry-5-pc-bedroom-set-w-chest,FALSE,MCHENRY 5 Pc. Bedroom Set w/ Chest,"Shop MCHENRY 5 Pc. Bedroom Set w/ Chest. Farmhouse style. Rubberwood, Engineered Wood build. Size: Queen. Free shipping. Buy now at GOODDEGG.",FM7706NT-1-Z.jpg,lb,,1398,active
mchenry-5-pc-bedroom-set-w-chest,,,,,,,,,,,,,,,,,,,,,,,,,,,,,,,,https://cdn.shopify.com/s/files/1/0268/6749/9079/files/FM7706NT-2.jpg,2,mchenry-5-pc-bedroom-set-w-chest,,,,,,,,
mchenry-5-pc-bedroom-set-w-chest,,,,,,,,,,,,,,,,,,,,,,,,,,,,,,,,https://cdn.shopify.com/s/files/1/0268/6749/9079/files/FM7706NT-3.jpg,3,mchenry-5-pc-bedroom-set-w-chest,,,,,,,,
mchenry-5-pc-bedroom-set-w-chest,,,,,,,,,,,,,,,,,,,,,,,,,,,,,,,,https://cdn.shopify.com/s/files/1/0268/6749/9079/files/FM7706NT-WB-1.jpg,4,mchenry-5-pc-bedroom-set-w-chest,,,,,,,,
mchenry-5-pc-bedroom-set-w-chest,,,,,,,,,,,,,,,,,,,,,,,,,,,,,,,,https://cdn.shopify.com/s/files/1/0268/6749/9079/files/FM7706NT-WB-2.jpg,5,mchenry-5-pc-bedroom-set-w-chest,,,,,,,,
mchenry-5-pc-bedroom-set-w-chest,,,,,,,,,,,,,,,,,,,,,,,,,,,,,,,,https://cdn.shopify.com/s/files/1/0268/6749/9079/files/FM7706NT-WB-3.jpg,6,mchenry-5-pc-bedroom-set-w-chest,,,,,,,,
mchenry-5-pc-bedroom-set-w-chest,,,,,,,,,,,,,,,,,,,,,,,,,,,,,,,,https://cdn.shopify.com/s/files/1/0268/6749/9079/files/FM7706NT-WB-4.jpg,7,mchenry-5-pc-bedroom-set-w-chest,,,,,,,,
mchenry-5-pc-bedroom-set-w-chest,,,,,,,,,,,,,,,,,,,,,,,,,,,,,,,,https://cdn.shopify.com/s/files/1/0268/6749/9079/files/FM7706NT-WB-5.jpg,8,mchenry-5-pc-bedroom-set-w-chest,,,,,,,,
mchenry-5-pc-bedroom-set-w-chest,,,,,,,,,,,,,,,,,,,,,,,,,,,,,,,,FM7706NT-N-WB-1.jpg,9,mchenry-5-pc-bedroom-set-w-chest,,,,,,,,
mchenry-5-pc-bedroom-set-w-chest,,,,,,,,,,,,,,,,,,,,,,,,,,,,,,,,https://cdn.shopify.com/s/files/1/0268/6749/9079/files/FM7706NT-D-WB-1.jpg,10,mchenry-5-pc-bedroom-set-w-chest,,,,,,,,
menodora-4-pc-bedroom-set,MENODORA 4 Pc. Bedroom Set,"<p><span style=""color:#1e73be;""><strong>FREE SHIPPING</strong></span><br>
MENODORA 4 Pc. Bedroom Set completes the bedroom with a relaxed, pulled-together look. As a bedroom bedroom set, it is designed to coordinate with matching pieces. The Transitional character adds definition without feeling heavy. Built from Leatherette, Solid Wood, Wood Veneer, Engineered Wood and finished in Brown Cherry tones for a clean, cohesive look.<br>
Product Dimensions: 88""L X 69""W X 68 3/4""H<br>
Size: Queen</p>

<p>Features<br>
- Camelback Headboard Design<br>
- Ornate Detailing<br>
- Genuine Marble Top on Night Stand & Dresser<br>
- Antique Inspired Drawer Pulls<br>
- Felt-lined Top Drawers<br>
- Ball Bearing Metal Glides<br>
- Foundation Required Included items and dimensions:<br>
- Nightstand: color: Brown Cherry; dimensions: 30"" W x 17 1 or 2""D x 28 1 or 2"" H; feature: Transitional<br>
- Dresser: color: Brown Cherry; dimensions: 66"" W x 20""D x 38"" H; feature: Transitional</p>

<p>Materials: Leatherette, Solid Wood, Wood Veneer, Engineered Wood.<br>
Color: Brown Cherry<br>
Weight: 566.6 lbs</p>",GOODDEGG,Furniture > Furniture Sets > Bedroom Furniture Sets,Bedroom Set,"Furniture of America, Quick Ship Furniture, New Arrival, Indoor Furniture, 2026",TRUE,Size,Queen,,,,,,,,CM7311Q-4PC,257005,shopify,20,deny,manual,4797,,TRUE,FALSE,,,,,,https://cdn.shopify.com/s/files/1/0268/6749/9079/files/CM7311-1.jpg,1,menodora-4-pc-bedroom-set,FALSE,MENODORA 4 Pc. Bedroom Set,"Shop MENODORA 4 Pc. Bedroom Set. Transitional style. Leatherette, Solid Wood build. Size: Queen. Free shipping. Buy now at GOODDEGG.",CM7311-1.jpg,lb,,1899,active
menodora-4-pc-bedroom-set,,,,,,,,,,,,,,,,,,,,,,,,,,,,,,,,https://cdn.shopify.com/s/files/1/0268/6749/9079/files/CM7311-3.jpg,2,menodora-4-pc-bedroom-set,,,,,,,,
menodora-4-pc-bedroom-set,,,,,,,,,,,,,,,,,,,,,,,,,,,,,,,,https://cdn.shopify.com/s/files/1/0268/6749/9079/files/CM7311-4.jpg,3,menodora-4-pc-bedroom-set,,,,,,,,
menodora-4-pc-bedroom-set,,,,,,,,,,,,,,,,,,,,,,,,,,,,,,,,https://cdn.shopify.com/s/files/1/0268/6749/9079/files/CM7311-5.jpg,4,menodora-4-pc-bedroom-set,,,,,,,,
menodora-4-pc-bedroom-set,,,,,,,,,,,,,,,,,,,,,,,,,,,,,,,,https://cdn.shopify.com/s/files/1/0268/6749/9079/files/CM7311-6.jpg,5,menodora-4-pc-bedroom-set,,,,,,,,
menodora-4-pc-bedroom-set,,,,,,,,,,,,,,,,,,,,,,,,,,,,,,,,https://cdn.shopify.com/s/files/1/0268/6749/9079/files/CM7311-7.jpg,6,menodora-4-pc-bedroom-set,,,,,,,,
menodora-4-pc-bedroom-set,,,,,,,,,,,,,,,,,,,,,,,,,,,,,,,,https://cdn.shopify.com/s/files/1/0268/6749/9079/files/CM7311-8.jpg,7,menodora-4-pc-bedroom-set,,,,,,,,
menodora-5-pc-bedroom-set-w-2ns,MENODORA 5 Pc. Bedroom Set w/ 2NS,"<p><span style=""color:#1e73be;""><strong>FREE SHIPPING</strong></span><br>
MENODORA 5 Pc. Bedroom Set w/ 2NS brings a restful, finished feel to the bedroom. This bedroom bedroom set is made to fit naturally into the room. A Transitional profile gives the space a refined, approachable look. Crafted with Leatherette, Solid Wood, Wood Veneer, Engineered Wood, then finished in Brown Cherry tones to suit a range of interiors.<br>
Product Dimensions: 88""L X 69""W X 68 3/4""H<br>
Size: Queen</p>

<p>Features<br>
- Camelback Headboard Design<br>
- Ornate Detailing<br>
- Genuine Marble Top on Night Stand & Dresser<br>
- Antique Inspired Drawer Pulls<br>
- Felt-lined Top Drawers<br>
- Ball Bearing Metal Glides<br>
- Foundation Required Included items and dimensions:<br>
- Nightstand: color: Brown Cherry; dimensions: 30"" W x 17 1 or 2""D x 28 1 or 2"" H; feature: Transitional<br>
- Dresser: color: Brown Cherry; dimensions: 66"" W x 20""D x 38"" H; feature: Transitional</p>

<p>Materials: Leatherette, Solid Wood, Wood Veneer, Engineered Wood.<br>
Color: Brown Cherry<br>
Weight: 658 lbs</p>",GOODDEGG,Furniture > Furniture Sets > Bedroom Furniture Sets,Bedroom Set,"Furniture of America, Quick Ship Furniture, New Arrival, Indoor Furniture, 2026",TRUE,Size,Queen,,,,,,,,CM7311Q-5PC-2NS,298464,shopify,20,deny,manual,5547,,TRUE,FALSE,,,,,,https://cdn.shopify.com/s/files/1/0268/6749/9079/files/CM7311-1.jpg,1,menodora-5-pc-bedroom-set-w-2ns,FALSE,MENODORA 5 Pc. Bedroom Set w/ 2NS,"Shop MENODORA 5 Pc. Bedroom Set w/ 2NS. Transitional style. Leatherette, Solid Wood build. Size: Queen. Free shipping. Buy now at GOODDEGG.",CM7311-1.jpg,lb,,2189,active
menodora-5-pc-bedroom-set-w-2ns,,,,,,,,,,,,,,,,,,,,,,,,,,,,,,,,https://cdn.shopify.com/s/files/1/0268/6749/9079/files/CM7311-3.jpg,2,menodora-5-pc-bedroom-set-w-2ns,,,,,,,,
menodora-5-pc-bedroom-set-w-2ns,,,,,,,,,,,,,,,,,,,,,,,,,,,,,,,,https://cdn.shopify.com/s/files/1/0268/6749/9079/files/CM7311-4.jpg,3,menodora-5-pc-bedroom-set-w-2ns,,,,,,,,
menodora-5-pc-bedroom-set-w-2ns,,,,,,,,,,,,,,,,,,,,,,,,,,,,,,,,https://cdn.shopify.com/s/files/1/0268/6749/9079/files/CM7311-5.jpg,4,menodora-5-pc-bedroom-set-w-2ns,,,,,,,,
menodora-5-pc-bedroom-set-w-2ns,,,,,,,,,,,,,,,,,,,,,,,,,,,,,,,,https://cdn.shopify.com/s/files/1/0268/6749/9079/files/CM7311-6.jpg,5,menodora-5-pc-bedroom-set-w-2ns,,,,,,,,
menodora-5-pc-bedroom-set-w-2ns,,,,,,,,,,,,,,,,,,,,,,,,,,,,,,,,https://cdn.shopify.com/s/files/1/0268/6749/9079/files/CM7311-7.jpg,6,menodora-5-pc-bedroom-set-w-2ns,,,,,,,,
menodora-5-pc-bedroom-set-w-2ns,,,,,,,,,,,,,,,,,,,,,,,,,,,,,,,,https://cdn.shopify.com/s/files/1/0268/6749/9079/files/CM7311-8.jpg,7,menodora-5-pc-bedroom-set-w-2ns,,,,,,,,
menodora-5-pc-bedroom-set-w-chest,MENODORA 5 Pc. Bedroom Set w/ Chest,"<p><span style=""color:#1e73be;""><strong>FREE SHIPPING</strong></span><br>
Create a calm, coordinated retreat with MENODORA 5 Pc. Bedroom Set w/ Chest. Designed as a bedroom bedroom set, it pairs easily with surrounding decor. Its Transitional styling keeps the room feeling polished yet comfortable. With Leatherette, Solid Wood, Wood Veneer, Engineered Wood construction and Brown Cherry tones, it blends durability with visual warmth.<br>
Product Dimensions: 88""L X 69""W X 68 3/4""H<br>
Size: Queen</p>

<p>Features<br>
- Camelback Headboard Design<br>
- Ornate Detailing<br>
- Genuine Marble Top on Night Stand & Dresser<br>
- Antique Inspired Drawer Pulls<br>
- Felt-lined Top Drawers<br>
- Ball Bearing Metal Glides<br>
- Foundation Required Included items and dimensions:<br>
- Nightstand: color: Brown Cherry; dimensions: 30"" W x 17 1 or 2""D x 28 1 or 2"" H; feature: Transitional<br>
- Dresser: color: Brown Cherry; dimensions: 66"" W x 20""D x 38"" H; feature: Transitional<br>
- Chest: color: Brown Cherry; dimensions: 39"" W x 18""D x 52"" H; feature: Transitional</p>

<p>Materials: Leatherette, Solid Wood, Wood Veneer, Engineered Wood.<br>
Color: Brown Cherry<br>
Weight: 756.9 lbs</p>",GOODDEGG,Furniture > Furniture Sets > Bedroom Furniture Sets,Bedroom Set,"Furniture of America, Quick Ship Furniture, New Arrival, Indoor Furniture, 2026",TRUE,Size,Queen,,,,,,,,CM7311Q-5PC-CHEST,343324,shopify,20,deny,manual,6054,,TRUE,FALSE,,,,,,https://cdn.shopify.com/s/files/1/0268/6749/9079/files/CM7311-1.jpg,1,menodora-5-pc-bedroom-set-w-chest,FALSE,MENODORA 5 Pc. Bedroom Set w/ Chest,"Shop MENODORA 5 Pc. Bedroom Set w/ Chest. Transitional style. Leatherette, Solid Wood build. Size: Queen. Free shipping. Buy now at GOODDEGG.",CM7311-1.jpg,lb,,2399,active
menodora-5-pc-bedroom-set-w-chest,,,,,,,,,,,,,,,,,,,,,,,,,,,,,,,,https://cdn.shopify.com/s/files/1/0268/6749/9079/files/CM7311-3.jpg,2,menodora-5-pc-bedroom-set-w-chest,,,,,,,,
menodora-5-pc-bedroom-set-w-chest,,,,,,,,,,,,,,,,,,,,,,,,,,,,,,,,https://cdn.shopify.com/s/files/1/0268/6749/9079/files/CM7311-4.jpg,3,menodora-5-pc-bedroom-set-w-chest,,,,,,,,
menodora-5-pc-bedroom-set-w-chest,,,,,,,,,,,,,,,,,,,,,,,,,,,,,,,,https://cdn.shopify.com/s/files/1/0268/6749/9079/files/CM7311-5.jpg,4,menodora-5-pc-bedroom-set-w-chest,,,,,,,,
menodora-5-pc-bedroom-set-w-chest,,,,,,,,,,,,,,,,,,,,,,,,,,,,,,,,https://cdn.shopify.com/s/files/1/0268/6749/9079/files/CM7311-6.jpg,5,menodora-5-pc-bedroom-set-w-chest,,,,,,,,
menodora-5-pc-bedroom-set-w-chest,,,,,,,,,,,,,,,,,,,,,,,,,,,,,,,,https://cdn.shopify.com/s/files/1/0268/6749/9079/files/CM7311-7.jpg,6,menodora-5-pc-bedroom-set-w-chest,,,,,,,,
menodora-5-pc-bedroom-set-w-chest,,,,,,,,,,,,,,,,,,,,,,,,,,,,,,,,https://cdn.shopify.com/s/files/1/0268/6749/9079/files/CM7311-8.jpg,7,menodora-5-pc-bedroom-set-w-chest,,,,,,,,
merthyr-4-pc-bedroom-set,MERTHYR 4 Pc. Bedroom Set,"<p><span style=""color:#1e73be;""><strong>FREE SHIPPING</strong></span><br>
MERTHYR 4 Pc. Bedroom Set completes the bedroom with a relaxed, pulled-together look. As a bedroom bedroom set, it is designed to coordinate with matching pieces. The Transitional character adds definition without feeling heavy. Finished in Brown tones, the Solid Wood, Oak Veneer, build keeps the look polished and practical.<br>
Product Dimensions: 93""L X 65.75""W X 56""H<br>
Size: Queen</p>

<p>Features<br>
- Curved Panel Headboard Included items and dimensions:<br>
- Nightstand: color: Brown; dimensions: 28"" W x 17""D x 26.5"" H; feature: Transitional<br>
- Dresser: color: Brown; dimensions: 64"" W x 18""D x 41"" H; feature: Transitional</p>

<p>Materials: Solid Wood, Oak Veneer.<br>
Color: Brown<br>
Weight: 374.2 lbs</p>",GOODDEGG,Furniture > Furniture Sets > Bedroom Furniture Sets,Bedroom Set,"Furniture of America, Quick Ship Furniture, New Arrival, Indoor Furniture, 2026",TRUE,Size,Queen,,,,,,,,FM7431BR-Q-4PC,169734,shopify,20,deny,manual,2247,,TRUE,FALSE,,,,,,https://cdn.shopify.com/s/files/1/0268/6749/9079/files/FM7431BR-1-Z.jpg,1,merthyr-4-pc-bedroom-set,FALSE,MERTHYR 4 Pc. Bedroom Set,"Shop MERTHYR 4 Pc. Bedroom Set. Transitional style. Solid Wood, Oak Veneer build. Size: Queen. Free shipping. Buy now at GOODDEGG.",FM7431BR-1-Z.jpg,lb,,979,active
merthyr-4-pc-bedroom-set,,,,,,,,,,,,,,,,,,,,,,,,,,,,,,,,https://cdn.shopify.com/s/files/1/0268/6749/9079/files/FM7431BR-2.jpg,2,merthyr-4-pc-bedroom-set,,,,,,,,
merthyr-4-pc-bedroom-set,,,,,,,,,,,,,,,,,,,,,,,,,,,,,,,,https://cdn.shopify.com/s/files/1/0268/6749/9079/files/FM7431BR-4.jpg,3,merthyr-4-pc-bedroom-set,,,,,,,,
merthyr-5-pc-bedroom-set-w-2ns,MERTHYR 5 Pc. Bedroom Set w/ 2NS,"<p><span style=""color:#1e73be;""><strong>FREE SHIPPING</strong></span><br>
MERTHYR 5 Pc. Bedroom Set w/ 2NS brings a restful, finished feel to the bedroom. This bedroom bedroom set is made to fit naturally into the room. A Transitional profile gives the space a refined, approachable look. Built from Solid Wood, Oak Veneer, and finished in Brown tones for a clean, cohesive look.<br>
Product Dimensions:.<br>
Size: Queen</p>

<p>Features<br>
- Curved Panel Headboard Included items and dimensions:<br>
- Nightstand: color: Brown; dimensions: 28"" W x 17""D x 26.5"" H; feature: Transitional<br>
- Dresser: color: Brown; dimensions: 64"" W x 18""D x 41"" H; feature: Transitional</p>

<p>Materials: Solid Wood, Oak Veneer.<br>
Color: Brown<br>
Weight: 419.3 lbs</p>",GOODDEGG,Furniture > Furniture Sets > Bedroom Furniture Sets,Bedroom Set,"Furniture of America, Quick Ship Furniture, New Arrival, Indoor Furniture, 2026",TRUE,Size,Queen,,,,,,,,FM7431BR-Q-5PC-2NS,190191,shopify,20,deny,manual,2607,,TRUE,FALSE,,,,,,https://cdn.shopify.com/s/files/1/0268/6749/9079/files/FM7431BR-1-Z.jpg,1,merthyr-5-pc-bedroom-set-w-2ns,FALSE,MERTHYR 5 Pc. Bedroom Set w/ 2NS,"Shop MERTHYR 5 Pc. Bedroom Set w/ 2NS. Transitional style. Solid Wood, Oak Veneer build. Size: Queen. Free shipping. Buy now at GOODDEGG.",FM7431BR-1-Z.jpg,lb,,1199,active
merthyr-5-pc-bedroom-set-w-2ns,,,,,,,,,,,,,,,,,,,,,,,,,,,,,,,,https://cdn.shopify.com/s/files/1/0268/6749/9079/files/FM7431BR-2.jpg,2,merthyr-5-pc-bedroom-set-w-2ns,,,,,,,,
merthyr-5-pc-bedroom-set-w-2ns,,,,,,,,,,,,,,,,,,,,,,,,,,,,,,,,https://cdn.shopify.com/s/files/1/0268/6749/9079/files/FM7431BR-4.jpg,3,merthyr-5-pc-bedroom-set-w-2ns,,,,,,,,
merthyr-5-pc-bedroom-set-w-chest,MERTHYR 5 Pc. Bedroom Set w/ Chest,"<p><span style=""color:#1e73be;""><strong>FREE SHIPPING</strong></span><br>
Create a calm, coordinated retreat with MERTHYR 5 Pc. Bedroom Set w/ Chest. Designed as a bedroom bedroom set, it pairs easily with surrounding decor. Its Transitional styling keeps the room feeling polished yet comfortable. Crafted with Solid Wood, Oak Veneer, then finished in Brown tones to suit a range of interiors.<br>
Product Dimensions:.<br>
Size: Queen</p>

<p>Features<br>
- Curved Panel Headboard Included items and dimensions:<br>
- Nightstand: color: Brown; dimensions: 28"" W x 17""D x 26.5"" H; feature: Transitional<br>
- Dresser: color: Brown; dimensions: 64"" W x 18""D x 41"" H; feature: Transitional<br>
- Chest: color: Brown; dimensions: 40"" W x 18""D x 52"" H; feature: Transitional</p>

<p>Materials: Solid Wood, Oak Veneer.<br>
Color: Brown<br>
Weight: 545.8 lbs</p>",GOODDEGG,Furniture > Furniture Sets > Bedroom Furniture Sets,Bedroom Set,"Furniture of America, Quick Ship Furniture, New Arrival, Indoor Furniture, 2026",TRUE,Size,Queen,,,,,,,,FM7431BR-Q-5PC-CHEST,247571,shopify,20,deny,manual,3054,,TRUE,FALSE,,,,,,https://cdn.shopify.com/s/files/1/0268/6749/9079/files/FM7431BR-1-Z.jpg,1,merthyr-5-pc-bedroom-set-w-chest,FALSE,MERTHYR 5 Pc. Bedroom Set w/ Chest,"Shop MERTHYR 5 Pc. Bedroom Set w/ Chest. Transitional style. Solid Wood, Oak Veneer build. Size: Queen. Free shipping. Buy now at GOODDEGG.",FM7431BR-1-Z.jpg,lb,,1349,active
merthyr-5-pc-bedroom-set-w-chest,,,,,,,,,,,,,,,,,,,,,,,,,,,,,,,,https://cdn.shopify.com/s/files/1/0268/6749/9079/files/FM7431BR-2.jpg,2,merthyr-5-pc-bedroom-set-w-chest,,,,,,,,
merthyr-5-pc-bedroom-set-w-chest,,,,,,,,,,,,,,,,,,,,,,,,,,,,,,,,https://cdn.shopify.com/s/files/1/0268/6749/9079/files/FM7431BR-4.jpg,3,merthyr-5-pc-bedroom-set-w-chest,,,,,,,,
midhurst-4-pc-bedroom-set,MIDHURST 4 Pc. Bedroom Set,"<p><span style=""color:#1e73be;""><strong>FREE SHIPPING</strong></span><br>
MIDHURST 4 Pc. Bedroom Set brings a restful, finished feel to the bedroom. This bedroom bedroom set is made to fit naturally into the room. A Transitional profile gives the space a refined, approachable look. With Solid Rubberwood, White Oak Veneer, Engineered Wood construction and Oak tones, it blends durability with visual warmth.<br>
Product Dimensions: 63""W X 86.5""D X 64""H<br>
Size: Queen</p>

<p>Features<br>
- Channel Padded Headboard<br>
- Felt-Lined Top Drawers<br>
- Cedarwood-Lined Bottom Drawers<br>
- Ball-Bearing Glides<br>
- French Front & English Back Dovetail Drawers<br>
- Angled Bracketed Feet<br>
- Foundation Required Included items and dimensions:<br>
- Nightstand: color: Oak; dimensions: 26"" W x 18""D x 26.5"" H; feature: Transitional<br>
- Dresser: color: Oak; dimensions: 64"" W x 19""D x 40"" H; feature: Transitional</p>

<p>Materials: Solid Rubberwood, White Oak Veneer, Engineered Wood.<br>
Color: Oak<br>
Weight: 547.44 lbs</p>",GOODDEGG,Furniture > Furniture Sets > Bedroom Furniture Sets,Bedroom Set,"Furniture of America, Quick Ship Furniture, New Arrival, Indoor Furniture, 2026",TRUE,Size,Queen,,,,,,,,FM7600AK-Q-4PC,248315,shopify,20,deny,manual,3177,,TRUE,FALSE,,,,,,https://cdn.shopify.com/s/files/1/0268/6749/9079/files/FM7600AK-1-Z.jpg,1,midhurst-4-pc-bedroom-set,FALSE,MIDHURST 4 Pc. Bedroom Set,"Shop MIDHURST 4 Pc. Bedroom Set. Transitional style. Solid Rubberwood, White Oak Veneer build. Size: Queen. Free shipping. Buy now at GOODDEGG.",FM7600AK-1-Z.jpg,lb,,1299,active
midhurst-4-pc-bedroom-set,,,,,,,,,,,,,,,,,,,,,,,,,,,,,,,,https://cdn.shopify.com/s/files/1/0268/6749/9079/files/FM7600AK-2.jpg,2,midhurst-4-pc-bedroom-set,,,,,,,,
midhurst-4-pc-bedroom-set,,,,,,,,,,,,,,,,,,,,,,,,,,,,,,,,https://cdn.shopify.com/s/files/1/0268/6749/9079/files/FM7600AK-3.jpg,3,midhurst-4-pc-bedroom-set,,,,,,,,
midhurst-4-pc-bedroom-set,,,,,,,,,,,,,,,,,,,,,,,,,,,,,,,,https://cdn.shopify.com/s/files/1/0268/6749/9079/files/FM7600AK-WB-1.jpg,4,midhurst-4-pc-bedroom-set,,,,,,,,
midhurst-4-pc-bedroom-set,,,,,,,,,,,,,,,,,,,,,,,,,,,,,,,,https://cdn.shopify.com/s/files/1/0268/6749/9079/files/FM7600AK-WB-2.jpg,5,midhurst-4-pc-bedroom-set,,,,,,,,
midhurst-4-pc-bedroom-set,,,,,,,,,,,,,,,,,,,,,,,,,,,,,,,,https://cdn.shopify.com/s/files/1/0268/6749/9079/files/FM7600AK-WB-3.jpg,6,midhurst-4-pc-bedroom-set,,,,,,,,
midhurst-4-pc-bedroom-set,,,,,,,,,,,,,,,,,,,,,,,,,,,,,,,,https://cdn.shopify.com/s/files/1/0268/6749/9079/files/FM7600AK-WB-4.jpg,7,midhurst-4-pc-bedroom-set,,,,,,,,
midhurst-4-pc-bedroom-set,,,,,,,,,,,,,,,,,,,,,,,,,,,,,,,,https://cdn.shopify.com/s/files/1/0268/6749/9079/files/FM7600AK-WB-5.jpg,8,midhurst-4-pc-bedroom-set,,,,,,,,
midhurst-4-pc-bedroom-set,,,,,,,,,,,,,,,,,,,,,,,,,,,,,,,,https://cdn.shopify.com/s/files/1/0268/6749/9079/files/FM7600AK-WB-6.jpg,9,midhurst-4-pc-bedroom-set,,,,,,,,
midhurst-4-pc-bedroom-set,,,,,,,,,,,,,,,,,,,,,,,,,,,,,,,,https://cdn.shopify.com/s/files/1/0268/6749/9079/files/FM7600AK-WB-7.jpg,10,midhurst-4-pc-bedroom-set,,,,,,,,
midhurst-5-pc-bedroom-set-w-2ns,MIDHURST 5 Pc. Bedroom Set w/ 2NS,"<p><span style=""color:#1e73be;""><strong>FREE SHIPPING</strong></span><br>
Create a calm, coordinated retreat with MIDHURST 5 Pc. Bedroom Set w/ 2NS. Designed as a bedroom bedroom set, it pairs easily with surrounding decor. Its Transitional styling keeps the room feeling polished yet comfortable. Finished in Oak tones, the Solid Rubberwood, White Oak Veneer, Engineered Wood build keeps the look polished and practical.<br>
Product Dimensions: 63""W X 86.5""D X 64""H<br>
Size: Queen</p>

<p>Features<br>
- Channel Padded Headboard<br>
- Felt-Lined Top Drawers<br>
- Cedarwood-Lined Bottom Drawers<br>
- Ball-Bearing Glides<br>
- French Front & English Back Dovetail Drawers<br>
- Angled Bracketed Feet<br>
- Foundation Required Included items and dimensions:<br>
- Nightstand: color: Oak; dimensions: 26"" W x 18""D x 26.5"" H; feature: Transitional<br>
- Dresser: color: Oak; dimensions: 64"" W x 19""D x 40"" H; feature: Transitional</p>

<p>Materials: Solid Rubberwood, White Oak Veneer, Engineered Wood.<br>
Color: Oak<br>
Weight: 617.18 lbs</p>",GOODDEGG,Furniture > Furniture Sets > Bedroom Furniture Sets,Bedroom Set,"Furniture of America, Quick Ship Furniture, New Arrival, Indoor Furniture, 2026",TRUE,Size,Queen,,,,,,,,FM7600AK-Q-5PC-2NS,279948,shopify,20,deny,manual,3687,,TRUE,FALSE,,,,,,https://cdn.shopify.com/s/files/1/0268/6749/9079/files/FM7600AK-1-Z.jpg,1,midhurst-5-pc-bedroom-set-w-2ns,FALSE,MIDHURST 5 Pc. Bedroom Set w/ 2NS,"Shop MIDHURST 5 Pc. Bedroom Set w/ 2NS. Transitional style. Solid Rubberwood, White Oak Veneer build. Size: Queen. Free shipping. Buy now at GOODDEGG.",FM7600AK-1-Z.jpg,lb,,1499,active
midhurst-5-pc-bedroom-set-w-2ns,,,,,,,,,,,,,,,,,,,,,,,,,,,,,,,,https://cdn.shopify.com/s/files/1/0268/6749/9079/files/FM7600AK-2.jpg,2,midhurst-5-pc-bedroom-set-w-2ns,,,,,,,,
midhurst-5-pc-bedroom-set-w-2ns,,,,,,,,,,,,,,,,,,,,,,,,,,,,,,,,https://cdn.shopify.com/s/files/1/0268/6749/9079/files/FM7600AK-3.jpg,3,midhurst-5-pc-bedroom-set-w-2ns,,,,,,,,
midhurst-5-pc-bedroom-set-w-2ns,,,,,,,,,,,,,,,,,,,,,,,,,,,,,,,,https://cdn.shopify.com/s/files/1/0268/6749/9079/files/FM7600AK-WB-1.jpg,4,midhurst-5-pc-bedroom-set-w-2ns,,,,,,,,
midhurst-5-pc-bedroom-set-w-2ns,,,,,,,,,,,,,,,,,,,,,,,,,,,,,,,,https://cdn.shopify.com/s/files/1/0268/6749/9079/files/FM7600AK-WB-2.jpg,5,midhurst-5-pc-bedroom-set-w-2ns,,,,,,,,
midhurst-5-pc-bedroom-set-w-2ns,,,,,,,,,,,,,,,,,,,,,,,,,,,,,,,,https://cdn.shopify.com/s/files/1/0268/6749/9079/files/FM7600AK-WB-3.jpg,6,midhurst-5-pc-bedroom-set-w-2ns,,,,,,,,
midhurst-5-pc-bedroom-set-w-2ns,,,,,,,,,,,,,,,,,,,,,,,,,,,,,,,,https://cdn.shopify.com/s/files/1/0268/6749/9079/files/FM7600AK-WB-4.jpg,7,midhurst-5-pc-bedroom-set-w-2ns,,,,,,,,
midhurst-5-pc-bedroom-set-w-2ns,,,,,,,,,,,,,,,,,,,,,,,,,,,,,,,,https://cdn.shopify.com/s/files/1/0268/6749/9079/files/FM7600AK-WB-5.jpg,8,midhurst-5-pc-bedroom-set-w-2ns,,,,,,,,
midhurst-5-pc-bedroom-set-w-2ns,,,,,,,,,,,,,,,,,,,,,,,,,,,,,,,,https://cdn.shopify.com/s/files/1/0268/6749/9079/files/FM7600AK-WB-6.jpg,9,midhurst-5-pc-bedroom-set-w-2ns,,,,,,,,
midhurst-5-pc-bedroom-set-w-2ns,,,,,,,,,,,,,,,,,,,,,,,,,,,,,,,,https://cdn.shopify.com/s/files/1/0268/6749/9079/files/FM7600AK-WB-7.jpg,10,midhurst-5-pc-bedroom-set-w-2ns,,,,,,,,
midhurst-5-pc-bedroom-set-w-chest,MIDHURST 5 Pc. Bedroom Set w/ Chest,"<p><span style=""color:#1e73be;""><strong>FREE SHIPPING</strong></span><br>
MIDHURST 5 Pc. Bedroom Set w/ Chest completes the bedroom with a relaxed, pulled-together look. As a bedroom bedroom set, it is designed to coordinate with matching pieces. The Transitional character adds definition without feeling heavy. Built from Solid Rubberwood, White Oak Veneer, Engineered Wood and finished in Oak tones for a clean, cohesive look.<br>
Product Dimensions: 63""W X 86.5""D X 64""H<br>
Size: Queen</p>

<p>Features<br>
- Channel Padded Headboard<br>
- Felt-Lined Top Drawers<br>
- Cedarwood-Lined Bottom Drawers<br>
- Ball-Bearing Glides<br>
- French Front & English Back Dovetail Drawers<br>
- Angled Bracketed Feet<br>
- Foundation Required Included items and dimensions:<br>
- Nightstand: color: Oak; dimensions: 26"" W x 18""D x 26.5"" H; feature: Transitional<br>
- Dresser: color: Oak; dimensions: 64"" W x 19""D x 40"" H; feature: Transitional<br>
- Chest: color: Oak; dimensions: 38"" W x 19""D x 55"" H; feature: Transitional</p>

<p>Materials: Solid Rubberwood, White Oak Veneer, Engineered Wood.<br>
Color: Oak<br>
Weight: 747.44 lbs</p>",GOODDEGG,Furniture > Furniture Sets > Bedroom Furniture Sets,Bedroom Set,"Furniture of America, Quick Ship Furniture, New Arrival, Indoor Furniture, 2026",TRUE,Size,Queen,,,,,,,,FM7600AK-Q-5PC-CHEST,339033,shopify,20,deny,manual,4434,,TRUE,FALSE,,,,,,https://cdn.shopify.com/s/files/1/0268/6749/9079/files/FM7600AK-1-Z.jpg,1,midhurst-5-pc-bedroom-set-w-chest,FALSE,MIDHURST 5 Pc. Bedroom Set w/ Chest,"Shop MIDHURST 5 Pc. Bedroom Set w/ Chest. Transitional style. Solid Rubberwood, White Oak Veneer build. Size: Queen. Free shipping. Buy now at GOODDEGG.",FM7600AK-1-Z.jpg,lb,,1848,active
midhurst-5-pc-bedroom-set-w-chest,,,,,,,,,,,,,,,,,,,,,,,,,,,,,,,,https://cdn.shopify.com/s/files/1/0268/6749/9079/files/FM7600AK-2.jpg,2,midhurst-5-pc-bedroom-set-w-chest,,,,,,,,
midhurst-5-pc-bedroom-set-w-chest,,,,,,,,,,,,,,,,,,,,,,,,,,,,,,,,https://cdn.shopify.com/s/files/1/0268/6749/9079/files/FM7600AK-3.jpg,3,midhurst-5-pc-bedroom-set-w-chest,,,,,,,,
midhurst-5-pc-bedroom-set-w-chest,,,,,,,,,,,,,,,,,,,,,,,,,,,,,,,,https://cdn.shopify.com/s/files/1/0268/6749/9079/files/FM7600AK-WB-1.jpg,4,midhurst-5-pc-bedroom-set-w-chest,,,,,,,,
midhurst-5-pc-bedroom-set-w-chest,,,,,,,,,,,,,,,,,,,,,,,,,,,,,,,,https://cdn.shopify.com/s/files/1/0268/6749/9079/files/FM7600AK-WB-2.jpg,5,midhurst-5-pc-bedroom-set-w-chest,,,,,,,,
midhurst-5-pc-bedroom-set-w-chest,,,,,,,,,,,,,,,,,,,,,,,,,,,,,,,,https://cdn.shopify.com/s/files/1/0268/6749/9079/files/FM7600AK-WB-3.jpg,6,midhurst-5-pc-bedroom-set-w-chest,,,,,,,,
midhurst-5-pc-bedroom-set-w-chest,,,,,,,,,,,,,,,,,,,,,,,,,,,,,,,,https://cdn.shopify.com/s/files/1/0268/6749/9079/files/FM7600AK-WB-4.jpg,7,midhurst-5-pc-bedroom-set-w-chest,,,,,,,,
midhurst-5-pc-bedroom-set-w-chest,,,,,,,,,,,,,,,,,,,,,,,,,,,,,,,,https://cdn.shopify.com/s/files/1/0268/6749/9079/files/FM7600AK-WB-5.jpg,8,midhurst-5-pc-bedroom-set-w-chest,,,,,,,,
midhurst-5-pc-bedroom-set-w-chest,,,,,,,,,,,,,,,,,,,,,,,,,,,,,,,,https://cdn.shopify.com/s/files/1/0268/6749/9079/files/FM7600AK-WB-6.jpg,9,midhurst-5-pc-bedroom-set-w-chest,,,,,,,,
midhurst-5-pc-bedroom-set-w-chest,,,,,,,,,,,,,,,,,,,,,,,,,,,,,,,,https://cdn.shopify.com/s/files/1/0268/6749/9079/files/FM7600AK-WB-7.jpg,10,midhurst-5-pc-bedroom-set-w-chest,,,,,,,,
morcote-4-pc-bedroom-set,MORCOTE 4 Pc. Bedroom Set,"<p><span style=""color:#1e73be;""><strong>FREE SHIPPING</strong></span><br>
Create a calm, coordinated retreat with MORCOTE 4 Pc. Bedroom Set. Designed as a bedroom bedroom set, it pairs easily with surrounding decor. Its Glam styling keeps the room feeling polished yet comfortable. Finished in Ash Gray or Indigo Blue tones, the Solid Rubberwood & Teakwood, Engineered Wood, Laminate build keeps the look polished and practical.<br>
Product Dimensions: 64""W X 84""D X 54.5""H<br>
Size: Queen</p>

<p>Features<br>
- Ash Gray or Indigo Blue<br>
- Wooden Indigo Panels<br>
- Geo Chrome Molding<br>
- Felt-Lined Top Drawer<br>
- Metal Side Glide<br>
- Mattress Ready Included items and dimensions:<br>
- Nightstand: color: Ash Gray or Indigo Blue; dimensions: 25"" W x 16""D x 25"" H; feature: Glam<br>
- Dresser: color: Ash Gray or Indigo Blue; dimensions: 61"" W x 18""D x 33"" H; feature: Glam</p>

<p>Materials: Solid Rubberwood & Teakwood, Engineered Wood, Laminate.<br>
Color: Ash Gray or Indigo Blue<br>
Weight: 556.08 lbs</p>",GOODDEGG,Furniture > Furniture Sets > Bedroom Furniture Sets,Bedroom Set,"Furniture of America, Quick Ship Furniture, New Arrival, Indoor Furniture, 2026",TRUE,Size,Queen,,,,,,,,FM7250BL-Q-4PC,252234,shopify,20,deny,manual,3177,,TRUE,FALSE,,,,,,https://cdn.shopify.com/s/files/1/0268/6749/9079/files/FM7250BL-1-Z.jpg,1,morcote-4-pc-bedroom-set,FALSE,MORCOTE 4 Pc. Bedroom Set,"Shop MORCOTE 4 Pc. Bedroom Set. Glam style. Solid Rubberwood & Teakwood, Engineered Wood build. Size: Queen. Free shipping. Buy now at GOODDEGG.",FM7250BL-1-Z.jpg,lb,,1269,active
morcote-4-pc-bedroom-set,,,,,,,,,,,,,,,,,,,,,,,,,,,,,,,,https://cdn.shopify.com/s/files/1/0268/6749/9079/files/FM7250BL-2.jpg,2,morcote-4-pc-bedroom-set,,,,,,,,
morcote-4-pc-bedroom-set,,,,,,,,,,,,,,,,,,,,,,,,,,,,,,,,https://cdn.shopify.com/s/files/1/0268/6749/9079/files/FM7250BL-D-1.jpg,3,morcote-4-pc-bedroom-set,,,,,,,,
morcote-4-pc-bedroom-set,,,,,,,,,,,,,,,,,,,,,,,,,,,,,,,,https://cdn.shopify.com/s/files/1/0268/6749/9079/files/FM7250BL-D-2.jpg,4,morcote-4-pc-bedroom-set,,,,,,,,
morcote-5-pc-bedroom-set-w-2ns,MORCOTE 5 Pc. Bedroom Set w/ 2NS,"<p><span style=""color:#1e73be;""><strong>FREE SHIPPING</strong></span><br>
MORCOTE 5 Pc. Bedroom Set w/ 2NS completes the bedroom with a relaxed, pulled-together look. As a bedroom bedroom set, it is designed to coordinate with matching pieces. The Glam character adds definition without feeling heavy. Built from Solid Rubberwood & Teakwood, Engineered Wood, Laminate and finished in Ash Gray or Indigo Blue tones for a clean, cohesive look.<br>
Product Dimensions: 64""W X 84""D X 54.5""H<br>
Size: Queen</p>

<p>Features<br>
- Ash Gray or Indigo Blue<br>
- Wooden Indigo Panels<br>
- Geo Chrome Molding<br>
- Felt-Lined Top Drawer<br>
- Metal Side Glide<br>
- Mattress Ready Included items and dimensions:<br>
- Nightstand: color: Ash Gray or Indigo Blue; dimensions: 25"" W x 16""D x 25"" H; feature: Glam<br>
- Dresser: color: Ash Gray or Indigo Blue; dimensions: 61"" W x 18""D x 33"" H; feature: Glam</p>

<p>Materials: Solid Rubberwood & Teakwood, Engineered Wood, Laminate.<br>
Color: Ash Gray or Indigo Blue<br>
Weight: 621.38 lbs</p>",GOODDEGG,Furniture > Furniture Sets > Bedroom Furniture Sets,Bedroom Set,"Furniture of America, Quick Ship Furniture, New Arrival, Indoor Furniture, 2026",TRUE,Size,Queen,,,,,,,,FM7250BL-Q-5PC-2NS,281853,shopify,20,deny,manual,3597,,TRUE,FALSE,,,,,,https://cdn.shopify.com/s/files/1/0268/6749/9079/files/FM7250BL-1-Z.jpg,1,morcote-5-pc-bedroom-set-w-2ns,FALSE,MORCOTE 5 Pc. Bedroom Set w/ 2NS,"Shop MORCOTE 5 Pc. Bedroom Set w/ 2NS. Glam style. Solid Rubberwood & Teakwood, Engineered Wood build. Size: Queen. Free shipping. Buy now at GOODDEGG.",FM7250BL-1-Z.jpg,lb,,1439,active
morcote-5-pc-bedroom-set-w-2ns,,,,,,,,,,,,,,,,,,,,,,,,,,,,,,,,https://cdn.shopify.com/s/files/1/0268/6749/9079/files/FM7250BL-2.jpg,2,morcote-5-pc-bedroom-set-w-2ns,,,,,,,,
morcote-5-pc-bedroom-set-w-2ns,,,,,,,,,,,,,,,,,,,,,,,,,,,,,,,,https://cdn.shopify.com/s/files/1/0268/6749/9079/files/FM7250BL-D-1.jpg,3,morcote-5-pc-bedroom-set-w-2ns,,,,,,,,
morcote-5-pc-bedroom-set-w-2ns,,,,,,,,,,,,,,,,,,,,,,,,,,,,,,,,https://cdn.shopify.com/s/files/1/0268/6749/9079/files/FM7250BL-D-2.jpg,4,morcote-5-pc-bedroom-set-w-2ns,,,,,,,,
morcote-5-pc-bedroom-set-w-chest,MORCOTE 5 Pc. Bedroom Set w/ Chest,"<p><span style=""color:#1e73be;""><strong>FREE SHIPPING</strong></span><br>
MORCOTE 5 Pc. Bedroom Set w/ Chest brings a restful, finished feel to the bedroom. This bedroom bedroom set is made to fit naturally into the room. A Glam profile gives the space a refined, approachable look. Crafted with Solid Rubberwood & Teakwood, Engineered Wood, Laminate, then finished in Ash Gray or Indigo Blue tones to suit a range of interiors.<br>
Product Dimensions: 64""W X 84""D X 54.5""H<br>
Size: Queen</p>

<p>Features<br>
- Ash Gray or Indigo Blue<br>
- Wooden Indigo Panels<br>
- Geo Chrome Molding<br>
- Felt-Lined Top Drawer<br>
- Metal Side Glide<br>
- Mattress Ready Included items and dimensions:<br>
- Nightstand: color: Ash Gray or Indigo Blue; dimensions: 25"" W x 16""D x 25"" H; feature: Glam<br>
- Dresser: color: Ash Gray or Indigo Blue; dimensions: 61"" W x 18""D x 33"" H; feature: Glam<br>
- Chest: color: Ash Gray or Indigo Blue; dimensions: 32"" W x 19""D x 49"" H; feature: Glam</p>

<p>Materials: Solid Rubberwood & Teakwood, Engineered Wood, Laminate.<br>
Color: Ash Gray or Indigo Blue<br>
Weight: 728.58 lbs</p>",GOODDEGG,Furniture > Furniture Sets > Bedroom Furniture Sets,Bedroom Set,"Furniture of America, Quick Ship Furniture, New Arrival, Indoor Furniture, 2026",TRUE,Size,Queen,,,,,,,,FM7250BL-Q-5PC-CHEST,330478,shopify,20,deny,manual,4134,,TRUE,FALSE,,,,,,https://cdn.shopify.com/s/files/1/0268/6749/9079/files/FM7250BL-1-Z.jpg,1,morcote-5-pc-bedroom-set-w-chest,FALSE,MORCOTE 5 Pc. Bedroom Set w/ Chest,"Shop MORCOTE 5 Pc. Bedroom Set w/ Chest. Glam style. Solid Rubberwood & Teakwood, Engineered Wood build. Size: Queen. Free shipping. Buy now at GOODDEGG.",FM7250BL-1-Z.jpg,lb,,1658,active
morcote-5-pc-bedroom-set-w-chest,,,,,,,,,,,,,,,,,,,,,,,,,,,,,,,,https://cdn.shopify.com/s/files/1/0268/6749/9079/files/FM7250BL-2.jpg,2,morcote-5-pc-bedroom-set-w-chest,,,,,,,,
morcote-5-pc-bedroom-set-w-chest,,,,,,,,,,,,,,,,,,,,,,,,,,,,,,,,https://cdn.shopify.com/s/files/1/0268/6749/9079/files/FM7250BL-D-1.jpg,3,morcote-5-pc-bedroom-set-w-chest,,,,,,,,
morcote-5-pc-bedroom-set-w-chest,,,,,,,,,,,,,,,,,,,,,,,,,,,,,,,,https://cdn.shopify.com/s/files/1/0268/6749/9079/files/FM7250BL-D-2.jpg,4,morcote-5-pc-bedroom-set-w-chest,,,,,,,,
mysen-4-pc-bedroom-set,MYSEN 4 Pc. Bedroom Set,"<p><span style=""color:#1e73be;""><strong>FREE SHIPPING</strong></span><br>
MYSEN 4 Pc. Bedroom Set brings a restful, finished feel to the bedroom. This bedroom bedroom set is made to fit naturally into the room. A Contemporary profile gives the space a refined, approachable look. Crafted with Melamine, Paper Veneer, Engineered Wood, then finished in White Wash tones to suit a range of interiors.<br>
Product Dimensions: 85.2""L X 63""W X 51""H<br>
Size: Queen</p>

<p>Features<br>
- Headboard Shelves w/ Light<br>
- Black Metal Handles<br>
- French Dovetail Drawer<br>
- Center Metal Glide<br>
- Melamine Top on Nightstand<br>
- Dresser and Chest Included items and dimensions:<br>
- Nightstand: color: White Wash; dimensions: 21.5"" W x 16.5""D x 23.5"" H; feature: Contemporary<br>
- Dresser: color: White Wash; dimensions: 58"" W x 16.5""D x 33"" H; feature: Contemporary</p>

<p>Materials: Melamine, Paper Veneer, Engineered Wood.<br>
Color: White Wash<br>
Weight: 364.3 lbs</p>",GOODDEGG,Furniture > Furniture Sets > Bedroom Furniture Sets,Bedroom Set,"Furniture of America, Quick Ship Furniture, New Arrival, Indoor Furniture, 2026",TRUE,Size,Queen,,,,,,,,FM7202WH-Q-4PC,165244,shopify,20,deny,manual,1647,,TRUE,FALSE,,,,,,https://cdn.shopify.com/s/files/1/0268/6749/9079/files/FM7202WH-1-Z.jpg,1,mysen-4-pc-bedroom-set,FALSE,MYSEN 4 Pc. Bedroom Set,"Shop MYSEN 4 Pc. Bedroom Set. Contemporary style. Melamine, Paper Veneer build. Size: Queen. Free shipping. Buy now at GOODDEGG.",FM7202WH-1-Z.jpg,lb,,799,active
mysen-5-pc-bedroom-set-w-2ns,MYSEN 5 Pc. Bedroom Set w/ 2NS,"<p><span style=""color:#1e73be;""><strong>FREE SHIPPING</strong></span><br>
Create a calm, coordinated retreat with MYSEN 5 Pc. Bedroom Set w/ 2NS. Designed as a bedroom bedroom set, it pairs easily with surrounding decor. Its Contemporary styling keeps the room feeling polished yet comfortable. With Melamine, Paper Veneer, Engineered Wood construction and White Wash tones, it blends durability with visual warmth.<br>
Product Dimensions:.<br>
Size: Queen</p>

<p>Features<br>
- Headboard Shelves w/ Light<br>
- Black Metal Handles<br>
- French Dovetail Drawer<br>
- Center Metal Glide<br>
- Melamine Top on Nightstand<br>
- Dresser and Chest Included items and dimensions:<br>
- Nightstand: color: White Wash; dimensions: 21.5"" W x 16.5""D x 23.5"" H; feature: Contemporary<br>
- Dresser: color: White Wash; dimensions: 58"" W x 16.5""D x 33"" H; feature: Contemporary</p>

<p>Materials: Melamine, Paper Veneer, Engineered Wood.<br>
Color: White Wash<br>
Weight: 411.9 lbs</p>",GOODDEGG,Furniture > Furniture Sets > Bedroom Furniture Sets,Bedroom Set,"Furniture of America, Quick Ship Furniture, New Arrival, Indoor Furniture, 2026",TRUE,Size,Queen,,,,,,,,FM7202WH-Q-5PC-2NS,186835,shopify,20,deny,manual,1887,,TRUE,FALSE,,,,,,https://cdn.shopify.com/s/files/1/0268/6749/9079/files/FM7202WH-1-Z.jpg,1,mysen-5-pc-bedroom-set-w-2ns,FALSE,MYSEN 5 Pc. Bedroom Set w/ 2NS,"Shop MYSEN 5 Pc. Bedroom Set w/ 2NS. Contemporary style. Melamine, Paper Veneer build. Size: Queen. Free shipping. Buy now at GOODDEGG.",FM7202WH-1-Z.jpg,lb,,919,active
mysen-5-pc-bedroom-set-w-chest,MYSEN 5 Pc. Bedroom Set w/ Chest,"<p><span style=""color:#1e73be;""><strong>FREE SHIPPING</strong></span><br>
MYSEN 5 Pc. Bedroom Set w/ Chest completes the bedroom with a relaxed, pulled-together look. As a bedroom bedroom set, it is designed to coordinate with matching pieces. The Contemporary character adds definition without feeling heavy. Finished in White Wash tones, the Melamine, Paper Veneer, Engineered Wood build keeps the look polished and practical.<br>
Product Dimensions:.<br>
Size: Queen</p>

<p>Features<br>
- Headboard Shelves w/ Light<br>
- Black Metal Handles<br>
- French Dovetail Drawer<br>
- Center Metal Glide<br>
- Melamine Top on Nightstand<br>
- Dresser and Chest Included items and dimensions:<br>
- Nightstand: color: White Wash; dimensions: 21.5"" W x 16.5""D x 23.5"" H; feature: Contemporary<br>
- Dresser: color: White Wash; dimensions: 58"" W x 16.5""D x 33"" H; feature: Contemporary<br>
- Chest: color: White Wash; dimensions: 31.5"" W x 16.5""D x 48"" H; feature: Contemporary</p>

<p>Materials: Melamine, Paper Veneer, Engineered Wood.<br>
Color: White Wash<br>
Weight: 496.09 lbs</p>",GOODDEGG,Furniture > Furniture Sets > Bedroom Furniture Sets,Bedroom Set,"Furniture of America, Quick Ship Furniture, New Arrival, Indoor Furniture, 2026",TRUE,Size,Queen,,,,,,,,FM7202WH-Q-5PC-CHEST,225023,shopify,20,deny,manual,2124,,TRUE,FALSE,,,,,,https://cdn.shopify.com/s/files/1/0268/6749/9079/files/FM7202WH-1-Z.jpg,1,mysen-5-pc-bedroom-set-w-chest,FALSE,MYSEN 5 Pc. Bedroom Set w/ Chest,"Shop MYSEN 5 Pc. Bedroom Set w/ Chest. Contemporary style. Melamine, Paper Veneer build. Size: Queen. Free shipping. Buy now at GOODDEGG.",FM7202WH-1-Z.jpg,lb,,1018,active
naucalpan-4-pc-bedroom-set,NAUCALPAN 4 Pc. Bedroom Set,"<p><span style=""color:#1e73be;""><strong>FREE SHIPPING</strong></span><br>
Elevate your space with NAUCALPAN, styled in Traditional and designed for everyday comfort.<br>
This bedroom bedroom set is made to fit naturally into the room. With Fabric, Solid Wood, Engineered Wood, Metal and White tones, it blends structure and softness in one clean profile.<br>
Product Dimensions: Varies by variant (see Variant Details below).<br>
Size: Twin, Queen</p>

<p>Features<br>
- Fabric<br>
- Solid Wood<br>
- Engineered Wood<br>
- Metal<br>
- Tufted Upholstery Headboard<br>
- Bracketed Feet<br>
- Cedarwood-Lined Bottom Drawers<br>
- Lychee Patter on Drawer Front<br>
- Metal Side Glide<br>
- Mattress Ready<br>
<strong>Variant Details</strong><br>
- <strong>Size: Twin | Color: White | Dimensions: 46.5&quot;W X 81&quot;D X 55.5&quot;H | Weight: 399.3 lbs | Volume: 64.9 cuft</strong><br>
- <strong>Size: Queen | Color: White | Dimensions: 67.5&quot;W X 86.5&quot;D X 62&quot;H | Weight: 450.56 lbs | Volume: 75.9 cuft</strong><br>
</p>

<p>Materials: Fabric, Solid Wood, Engineered Wood, Metal.<br>
Color: White<br>
Weight: 399.3 - 450.56 lbs</p>",GOODDEGG,Furniture > Furniture Sets > Bedroom Furniture Sets,Bedroom Set,"Furniture of America, Quick Ship Furniture, New Arrival, Indoor Furniture, 2026",TRUE,Size,Twin,,,,,,,,FM7456WH-T-4PC,181119,shopify,20,deny,manual,2817,,TRUE,FALSE,,,,,,https://cdn.shopify.com/s/files/1/0268/6749/9079/files/FM7456WH-1-Z.jpg,1,naucalpan-4-pc-bedroom-set,FALSE,NAUCALPAN 4 Pc. Bedroom Set,"Shop NAUCALPAN 4 Pc. Bedroom Set. Traditional style. Fabric, Solid Wood build. Multiple sizes available. Free shipping. Buy now at GOODDEGG.",FM7456WH-1-Z.jpg,lb,,1199,active
naucalpan-4-pc-bedroom-set,,,,,,,,,Queen,,,,,,,,FM7456WH-Q-4PC,204371,shopify,20,deny,manual,2877,,TRUE,FALSE,,,,,,https://cdn.shopify.com/s/files/1/0268/6749/9079/files/FM7456WH-2.jpg,2,naucalpan-4-pc-bedroom-set,,,,FM7456WH-1-Z.jpg,lb,,1249,
naucalpan-4-pc-bedroom-set,,,,,,,,,,,,,,,,,,,,,,,,,,,,,,,,https://cdn.shopify.com/s/files/1/0268/6749/9079/files/FM7456WH-N-2.jpg,3,naucalpan-4-pc-bedroom-set,,,,,,,,
naucalpan-4-pc-bedroom-set,,,,,,,,,,,,,,,,,,,,,,,,,,,,,,,,https://cdn.shopify.com/s/files/1/0268/6749/9079/files/FM7456WH-N-3.jpg,4,naucalpan-4-pc-bedroom-set,,,,,,,,
naucalpan-4-pc-bedroom-set,,,,,,,,,,,,,,,,,,,,,,,,,,,,,,,,https://cdn.shopify.com/s/files/1/0268/6749/9079/files/FM7456WH-WB-1.jpg,5,naucalpan-4-pc-bedroom-set,,,,,,,,
naucalpan-4-pc-bedroom-set,,,,,,,,,,,,,,,,,,,,,,,,,,,,,,,,https://cdn.shopify.com/s/files/1/0268/6749/9079/files/FM7456WH-WB-2.jpg,6,naucalpan-4-pc-bedroom-set,,,,,,,,
naucalpan-4-pc-bedroom-set,,,,,,,,,,,,,,,,,,,,,,,,,,,,,,,,https://cdn.shopify.com/s/files/1/0268/6749/9079/files/FM7456WH-WB-3.jpg,7,naucalpan-4-pc-bedroom-set,,,,,,,,
naucalpan-4-pc-bedroom-set,,,,,,,,,,,,,,,,,,,,,,,,,,,,,,,,https://cdn.shopify.com/s/files/1/0268/6749/9079/files/FM7456WH-WB-4.jpg,8,naucalpan-4-pc-bedroom-set,,,,,,,,
naucalpan-5-pc-bedroom-set-w-2ns,NAUCALPAN 5 Pc. Bedroom Set w/2NS,"<p><span style=""color:#1e73be;""><strong>FREE SHIPPING</strong></span><br>
Elevate your space with NAUCALPAN, styled in Traditional and designed for everyday comfort.<br>
This bedroom bedroom set is made to fit naturally into the room. With Fabric, Solid Wood, Engineered Wood, Metal and White tones, it blends structure and softness in one clean profile.<br>
Product Dimensions: Varies by variant (see Variant Details below).<br>
Size: Queen, Twin</p>

<p>Features<br>
- Fabric<br>
- Solid Wood<br>
- Engineered Wood<br>
- Metal<br>
- Tufted Upholstery Headboard<br>
- Bracketed Feet<br>
- Cedarwood-Lined Bottom Drawers<br>
- Lychee Patter on Drawer Front<br>
- Metal Side Glide<br>
- Mattress Ready<br>
<strong>Variant Details</strong><br>
- <strong>Size: Queen | Color: White | Dimensions: 67.5&quot;W X 86.5&quot;D X 62&quot;H | Weight: 501.16 lbs | Volume: 84.7 cuft</strong><br>
- <strong>Size: Twin | Color: White | Dimensions: 46.5&quot;W X 81&quot;D X 55.5&quot;H | Weight: 449.9 lbs | Volume: 73.7 cuft</strong><br>
</p>

<p>Materials: Fabric, Solid Wood, Engineered Wood, Metal.<br>
Color: White<br>
Weight: 449.9 - 501.16 lbs</p>",GOODDEGG,Furniture > Furniture Sets > Bedroom Furniture Sets,Bedroom Set,"Furniture of America, Quick Ship Furniture, New Arrival, Indoor Furniture, 2026",TRUE,Size,Queen,,,,,,,,FM7456WH-Q-5PC-2NS,227322,shopify,20,deny,manual,3267,,TRUE,FALSE,,,,,,https://cdn.shopify.com/s/files/1/0268/6749/9079/files/FM7456WH-1-Z.jpg,1,naucalpan-5-pc-bedroom-set-w-2ns,FALSE,NAUCALPAN 5 Pc. Bedroom Set w/2NS,"Shop NAUCALPAN 5 Pc. Bedroom Set w/2NS. Traditional style. Fabric, Solid Wood build. Multiple sizes available. Free shipping. Buy now at GOODDEGG.",FM7456WH-1-Z.jpg,lb,,1359,active
naucalpan-5-pc-bedroom-set-w-2ns,,,,,,,,,Twin,,,,,,,,FM7456WH-T-5PC-2NS,204071,shopify,20,deny,manual,3207,,TRUE,FALSE,,,,,,https://cdn.shopify.com/s/files/1/0268/6749/9079/files/FM7456WH-2.jpg,2,naucalpan-5-pc-bedroom-set-w-2ns,,,,FM7456WH-1-Z.jpg,lb,,1359,
naucalpan-5-pc-bedroom-set-w-2ns,,,,,,,,,,,,,,,,,,,,,,,,,,,,,,,,https://cdn.shopify.com/s/files/1/0268/6749/9079/files/FM7456WH-N-2.jpg,3,naucalpan-5-pc-bedroom-set-w-2ns,,,,,,,,
naucalpan-5-pc-bedroom-set-w-2ns,,,,,,,,,,,,,,,,,,,,,,,,,,,,,,,,https://cdn.shopify.com/s/files/1/0268/6749/9079/files/FM7456WH-N-3.jpg,4,naucalpan-5-pc-bedroom-set-w-2ns,,,,,,,,
naucalpan-5-pc-bedroom-set-w-2ns,,,,,,,,,,,,,,,,,,,,,,,,,,,,,,,,https://cdn.shopify.com/s/files/1/0268/6749/9079/files/FM7456WH-WB-1.jpg,5,naucalpan-5-pc-bedroom-set-w-2ns,,,,,,,,
naucalpan-5-pc-bedroom-set-w-2ns,,,,,,,,,,,,,,,,,,,,,,,,,,,,,,,,https://cdn.shopify.com/s/files/1/0268/6749/9079/files/FM7456WH-WB-2.jpg,6,naucalpan-5-pc-bedroom-set-w-2ns,,,,,,,,
naucalpan-5-pc-bedroom-set-w-2ns,,,,,,,,,,,,,,,,,,,,,,,,,,,,,,,,https://cdn.shopify.com/s/files/1/0268/6749/9079/files/FM7456WH-WB-3.jpg,7,naucalpan-5-pc-bedroom-set-w-2ns,,,,,,,,
naucalpan-5-pc-bedroom-set-w-2ns,,,,,,,,,,,,,,,,,,,,,,,,,,,,,,,,https://cdn.shopify.com/s/files/1/0268/6749/9079/files/FM7456WH-WB-4.jpg,8,naucalpan-5-pc-bedroom-set-w-2ns,,,,,,,,
naucalpan-5-pc-bedroom-set-w-chest,NAUCALPAN 5 Pc. Bedroom Set w/Chest,"<p><span style=""color:#1e73be;""><strong>FREE SHIPPING</strong></span><br>
Elevate your space with NAUCALPAN, styled in Traditional and designed for everyday comfort.<br>
This bedroom bedroom set is made to fit naturally into the room. With Fabric, Solid Wood, Engineered Wood, Metal and White tones, it blends structure and softness in one clean profile.<br>
Product Dimensions: Varies by variant (see Variant Details below).<br>
Size: Queen, Twin</p>

<p>Features<br>
- Fabric<br>
- Solid Wood<br>
- Engineered Wood<br>
- Metal<br>
- Tufted Upholstery Headboard<br>
- Bracketed Feet<br>
- Cedarwood-Lined Bottom Drawers<br>
- Lychee Patter on Drawer Front<br>
- Metal Side Glide<br>
- Mattress Ready<br>
<strong>Variant Details</strong><br>
- <strong>Size: Queen | Color: White | Dimensions: 67.5&quot;W X 86.5&quot;D X 62&quot;H | Weight: 608.96 lbs | Volume: 99.9 cuft</strong><br>
- <strong>Size: Twin | Color: White | Dimensions: 46.5&quot;W X 81&quot;D X 55.5&quot;H | Weight: 557.7 lbs | Volume: 88.9 cuft</strong><br>
</p>

<p>Materials: Fabric, Solid Wood, Engineered Wood, Metal.<br>
Color: White<br>
Weight: 557.7 - 608.96 lbs</p>",GOODDEGG,Furniture > Furniture Sets > Bedroom Furniture Sets,Bedroom Set,"Furniture of America, Quick Ship Furniture, New Arrival, Indoor Furniture, 2026",TRUE,Size,Queen,,,,,,,,FM7456WH-Q-5PC-CHEST,276220,shopify,20,deny,manual,3714,,TRUE,FALSE,,,,,,https://cdn.shopify.com/s/files/1/0268/6749/9079/files/FM7456WH-1-Z.jpg,1,naucalpan-5-pc-bedroom-set-w-chest,FALSE,NAUCALPAN 5 Pc. Bedroom Set w/Chest,"Shop NAUCALPAN 5 Pc. Bedroom Set w/Chest. Traditional style. Fabric, Solid Wood build. Multiple sizes available. Free shipping. Buy now at GOODDEGG.",FM7456WH-1-Z.jpg,lb,,1558,active
naucalpan-5-pc-bedroom-set-w-chest,,,,,,,,,Twin,,,,,,,,FM7456WH-T-5PC-CHEST,252968,shopify,20,deny,manual,3654,,TRUE,FALSE,,,,,,https://cdn.shopify.com/s/files/1/0268/6749/9079/files/FM7456WH-2.jpg,2,naucalpan-5-pc-bedroom-set-w-chest,,,,FM7456WH-1-Z.jpg,lb,,1578,
naucalpan-5-pc-bedroom-set-w-chest,,,,,,,,,,,,,,,,,,,,,,,,,,,,,,,,https://cdn.shopify.com/s/files/1/0268/6749/9079/files/FM7456WH-N-2.jpg,3,naucalpan-5-pc-bedroom-set-w-chest,,,,,,,,
naucalpan-5-pc-bedroom-set-w-chest,,,,,,,,,,,,,,,,,,,,,,,,,,,,,,,,https://cdn.shopify.com/s/files/1/0268/6749/9079/files/FM7456WH-N-3.jpg,4,naucalpan-5-pc-bedroom-set-w-chest,,,,,,,,
naucalpan-5-pc-bedroom-set-w-chest,,,,,,,,,,,,,,,,,,,,,,,,,,,,,,,,https://cdn.shopify.com/s/files/1/0268/6749/9079/files/FM7456WH-WB-1.jpg,5,naucalpan-5-pc-bedroom-set-w-chest,,,,,,,,
naucalpan-5-pc-bedroom-set-w-chest,,,,,,,,,,,,,,,,,,,,,,,,,,,,,,,,https://cdn.shopify.com/s/files/1/0268/6749/9079/files/FM7456WH-WB-2.jpg,6,naucalpan-5-pc-bedroom-set-w-chest,,,,,,,,
naucalpan-5-pc-bedroom-set-w-chest,,,,,,,,,,,,,,,,,,,,,,,,,,,,,,,,https://cdn.shopify.com/s/files/1/0268/6749/9079/files/FM7456WH-WB-3.jpg,7,naucalpan-5-pc-bedroom-set-w-chest,,,,,,,,
naucalpan-5-pc-bedroom-set-w-chest,,,,,,,,,,,,,,,,,,,,,,,,,,,,,,,,https://cdn.shopify.com/s/files/1/0268/6749/9079/files/FM7456WH-WB-4.jpg,8,naucalpan-5-pc-bedroom-set-w-chest,,,,,,,,
northville-4-pc-bedroom-set,NORTHVILLE 4 Pc. Bedroom Set,"<p><span style=""color:#1e73be;""><strong>FREE SHIPPING</strong></span><br>
Create a calm, coordinated retreat with NORTHVILLE 4 Pc. Bedroom Set. Designed as a bedroom bedroom set, it pairs easily with surrounding decor. Its Transitional styling keeps the room feeling polished yet comfortable. Finished in Dark Cherry tones, the Solid Wood, Wood Veneer, build keeps the look polished and practical.<br>
Product Dimensions: 97 1/8""L X 64""W X 56 7/8""H<br>
Size: Queen</p>

<p>Features<br>
- Curved Headboard w/ Drawer Footboards<br>
- Round Metal Knobs<br>
- Full Extension Ball Bearing Metal Glides<br>
- USB or Power Outlet in Night Stand<br>
- Felt-lined Hidden Drawer in Dresser<br>
- English Dovetail Drawer Construction<br>
- Mattress Ready Included items and dimensions:<br>
- Nightstand w/ USB: color: Dark Cherry; dimensions: 28 3 or 4"" W x 18""D x 29 1 or 4"" H; feature: Transitional<br>
- Dresser: color: Dark Cherry; dimensions: 65 3 or 8"" W x 18""D x 40"" H; feature: Transitional</p>

<p>Materials: Solid Wood, Wood Veneer.<br>
Color: Dark Cherry<br>
Weight: 464.2 lbs</p>",GOODDEGG,Furniture > Furniture Sets > Bedroom Furniture Sets,Bedroom Set,"Furniture of America, Quick Ship Furniture, New Arrival, Indoor Furniture, 2026",TRUE,Size,Queen,,,,,,,,CM7683Q-4PC,210558,shopify,20,deny,manual,3177,,TRUE,FALSE,,,,,,CM7683.jpg,1,northville-4-pc-bedroom-set,FALSE,NORTHVILLE 4 Pc. Bedroom Set,"Shop NORTHVILLE 4 Pc. Bedroom Set. Transitional style. Solid Wood, Wood Veneer build. Size: Queen. Free shipping. Buy now at GOODDEGG.",CM7683.jpg,lb,,1279,active
northville-4-pc-bedroom-set,,,,,,,,,,,,,,,,,,,,,,,,,,,,,,,,https://cdn.shopify.com/s/files/1/0268/6749/9079/files/CM7683-3.jpg,2,northville-4-pc-bedroom-set,,,,,,,,
northville-4-pc-bedroom-set,,,,,,,,,,,,,,,,,,,,,,,,,,,,,,,,https://cdn.shopify.com/s/files/1/0268/6749/9079/files/CM7683-4.jpg,3,northville-4-pc-bedroom-set,,,,,,,,
northville-4-pc-bedroom-set,,,,,,,,,,,,,,,,,,,,,,,,,,,,,,,,https://cdn.shopify.com/s/files/1/0268/6749/9079/files/CM7683-1-1.jpg,4,northville-4-pc-bedroom-set,,,,,,,,
northville-5-pc-bedroom-set-w-2ns,NORTHVILLE 5 Pc. Bedroom Set w/ 2NS,"<p><span style=""color:#1e73be;""><strong>FREE SHIPPING</strong></span><br>
NORTHVILLE 5 Pc. Bedroom Set w/ 2NS completes the bedroom with a relaxed, pulled-together look. As a bedroom bedroom set, it is designed to coordinate with matching pieces. The Transitional character adds definition without feeling heavy. Built from Solid Wood, Wood Veneer, and finished in Dark Cherry tones for a clean, cohesive look.<br>
Product Dimensions: 97 1/8""L X 64""W X 56 7/8""H<br>
Size: Queen</p>

<p>Features<br>
- Curved Headboard w/ Drawer Footboards<br>
- Round Metal Knobs<br>
- Full Extension Ball Bearing Metal Glides<br>
- USB or Power Outlet in Night Stand<br>
- Felt-lined Hidden Drawer in Dresser<br>
- English Dovetail Drawer Construction<br>
- Mattress Ready Included items and dimensions:<br>
- Nightstand w/ USB: color: Dark Cherry; dimensions: 28 3 or 4"" W x 18""D x 29 1 or 4"" H; feature: Transitional<br>
- Dresser: color: Dark Cherry; dimensions: 65 3 or 8"" W x 18""D x 40"" H; feature: Transitional</p>

<p>Materials: Solid Wood, Wood Veneer.<br>
Color: Dark Cherry<br>
Weight: 528 lbs</p>",GOODDEGG,Furniture > Furniture Sets > Bedroom Furniture Sets,Bedroom Set,"Furniture of America, Quick Ship Furniture, New Arrival, Indoor Furniture, 2026",TRUE,Size,Queen,,,,,,,,CM7683Q-5PC-2NS,239497,shopify,20,deny,manual,3687,,TRUE,FALSE,,,,,,CM7683.jpg,1,northville-5-pc-bedroom-set-w-2ns,FALSE,NORTHVILLE 5 Pc. Bedroom Set w/ 2NS,"Shop NORTHVILLE 5 Pc. Bedroom Set w/ 2NS. Transitional style. Solid Wood, Wood Veneer build. Size: Queen. Free shipping. Buy now at GOODDEGG.",CM7683.jpg,lb,,1469,active
northville-5-pc-bedroom-set-w-2ns,,,,,,,,,,,,,,,,,,,,,,,,,,,,,,,,https://cdn.shopify.com/s/files/1/0268/6749/9079/files/CM7683-3.jpg,2,northville-5-pc-bedroom-set-w-2ns,,,,,,,,
northville-5-pc-bedroom-set-w-2ns,,,,,,,,,,,,,,,,,,,,,,,,,,,,,,,,https://cdn.shopify.com/s/files/1/0268/6749/9079/files/CM7683-4.jpg,3,northville-5-pc-bedroom-set-w-2ns,,,,,,,,
northville-5-pc-bedroom-set-w-2ns,,,,,,,,,,,,,,,,,,,,,,,,,,,,,,,,https://cdn.shopify.com/s/files/1/0268/6749/9079/files/CM7683-1-1.jpg,4,northville-5-pc-bedroom-set-w-2ns,,,,,,,,
northville-5-pc-bedroom-set-w-chest,NORTHVILLE 5 Pc. Bedroom Set w/ Chest,"<p><span style=""color:#1e73be;""><strong>FREE SHIPPING</strong></span><br>
NORTHVILLE 5 Pc. Bedroom Set w/ Chest brings a restful, finished feel to the bedroom. This bedroom bedroom set is made to fit naturally into the room. A Transitional profile gives the space a refined, approachable look. Crafted with Solid Wood, Wood Veneer, then finished in Dark Cherry tones to suit a range of interiors.<br>
Product Dimensions: 97 1/8""L X 64""W X 56 7/8""H<br>
Size: Queen</p>

<p>Features<br>
- Curved Headboard w/ Drawer Footboards<br>
- Round Metal Knobs<br>
- Full Extension Ball Bearing Metal Glides<br>
- USB or Power Outlet in Night Stand<br>
- Felt-lined Hidden Drawer in Dresser<br>
- English Dovetail Drawer Construction<br>
- Mattress Ready Included items and dimensions:<br>
- Nightstand w/ USB: color: Dark Cherry; dimensions: 28 3 or 4"" W x 18""D x 29 1 or 4"" H; feature: Transitional<br>
- Dresser: color: Dark Cherry; dimensions: 65 3 or 8"" W x 18""D x 40"" H; feature: Transitional<br>
- Chest: color: Dark Cherry; dimensions: 40"" W x 18""D x 54"" H; feature: Transitional</p>

<p>Materials: Solid Wood, Wood Veneer.<br>
Color: Dark Cherry<br>
Weight: 600.4 lbs</p>",GOODDEGG,Furniture > Furniture Sets > Bedroom Furniture Sets,Bedroom Set,"Furniture of America, Quick Ship Furniture, New Arrival, Indoor Furniture, 2026",TRUE,Size,Queen,,,,,,,,CM7683Q-5PC-CHEST,272337,shopify,20,deny,manual,4107,,TRUE,FALSE,,,,,,CM7683.jpg,1,northville-5-pc-bedroom-set-w-chest,FALSE,NORTHVILLE 5 Pc. Bedroom Set w/ Chest,"Shop NORTHVILLE 5 Pc. Bedroom Set w/ Chest. Transitional style. Solid Wood, Wood Veneer build. Size: Queen. Free shipping. Buy now at GOODDEGG.",CM7683.jpg,lb,,1668,active
northville-5-pc-bedroom-set-w-chest,,,,,,,,,,,,,,,,,,,,,,,,,,,,,,,,https://cdn.shopify.com/s/files/1/0268/6749/9079/files/CM7683-3.jpg,2,northville-5-pc-bedroom-set-w-chest,,,,,,,,
northville-5-pc-bedroom-set-w-chest,,,,,,,,,,,,,,,,,,,,,,,,,,,,,,,,https://cdn.shopify.com/s/files/1/0268/6749/9079/files/CM7683-4.jpg,3,northville-5-pc-bedroom-set-w-chest,,,,,,,,
northville-5-pc-bedroom-set-w-chest,,,,,,,,,,,,,,,,,,,,,,,,,,,,,,,,https://cdn.shopify.com/s/files/1/0268/6749/9079/files/CM7683-1-1.jpg,4,northville-5-pc-bedroom-set-w-chest,,,,,,,,
osterley-4-pc-bedroom-set,OSTERLEY 4 Pc. Bedroom Set,"<p><span style=""color:#1e73be;""><strong>FREE SHIPPING</strong></span><br>
Elevate your space with OSTERLEY, styled in Modern Contemporary and designed for everyday comfort.<br>
This bedroom bedroom set is made to fit naturally into the room. With Fabric, Solid Poplar, Elm Veneer, Engineered Wood, Stainless Steel and Black tones, it blends structure and softness in one clean profile.<br>
Product Dimensions: Varies by variant (see Variant Details below).<br>
Size: Queen</p>

<p>Features<br>
- Fabric<br>
- Solid Poplar<br>
- Elm Veneer<br>
- Engineered Wood<br>
- Stainless Steel<br>
- Padded Curved Edge Headboard<br>
- Felt-Lined Top Drawers &amp; UV-Stained Lower Drawers<br>
- Ball-Bearing Glide<br>
- French Front &amp; English Back Dovetail Drawers<br>
- Beveled Mirror<br>
- Rounded Edges<br>
- Nickel Finish Stainless Steel Trim on Case Goods<br>
<strong>Variant Details</strong><br>
- <strong>Size: Queen | Color: Black | Dimensions: 66.5&quot;W X 92.5&quot;D X 57&quot;H | Weight: 488.2 lbs | Volume: 77.5 cuft</strong><br>
- <strong>Size: Queen | Color: - | Dimensions: 66.5&quot;W X 92.5&quot;D X 57H&quot; | Weight: 502.86 lbs | Volume: 77.9 cuft</strong><br>
</p>

<p>Materials: Fabric, Solid Poplar, Elm Veneer, Engineered Wood, Stainless Steel.<br>
Color: Black<br>
Weight: 488.2 - 502.86 lbs</p>",GOODDEGG,Furniture > Furniture Sets > Bedroom Furniture Sets,Bedroom Set,"Furniture of America, Quick Ship Furniture, New Arrival, Indoor Furniture, 2026",TRUE,Size,Queen,,,,,,,,FM71500BK-Q-4PC,221444,shopify,20,deny,manual,3477,,TRUE,FALSE,,,,,,https://cdn.shopify.com/s/files/1/0268/6749/9079/files/FM71500BK-1-Z.jpg,1,osterley-4-pc-bedroom-set,FALSE,OSTERLEY 4 Pc. Bedroom Set,"Shop OSTERLEY 4 Pc. Bedroom Set. Modern Contemporary style. Fabric, Solid Poplar build. Size: Queen. Free shipping. Buy now at GOODDEGG.",FM71500BK-1-Z.jpg,lb,,1499,active
osterley-4-pc-bedroom-set,,,,,,,,,Queen,,,,,,,,FM71500LG-Q-4PC,228093,shopify,20,deny,manual,3477,,TRUE,FALSE,,,,,,https://cdn.shopify.com/s/files/1/0268/6749/9079/files/FM71500BK-2.jpg,2,osterley-4-pc-bedroom-set,,,,FM71500LG-1.jpg,lb,,1499,
osterley-4-pc-bedroom-set,,,,,,,,,,,,,,,,,,,,,,,,,,,,,,,,https://cdn.shopify.com/s/files/1/0268/6749/9079/files/FM71500BK-D-WB-1.jpg,3,osterley-4-pc-bedroom-set,,,,,,,,
osterley-4-pc-bedroom-set,,,,,,,,,,,,,,,,,,,,,,,,,,,,,,,,https://cdn.shopify.com/s/files/1/0268/6749/9079/files/FM71500BK-N-WB-1.jpg,4,osterley-4-pc-bedroom-set,,,,,,,,
osterley-4-pc-bedroom-set,,,,,,,,,,,,,,,,,,,,,,,,,,,,,,,,https://cdn.shopify.com/s/files/1/0268/6749/9079/files/FM71500LG-1.jpg,5,osterley-4-pc-bedroom-set,,,,,,,,
osterley-4-pc-bedroom-set,,,,,,,,,,,,,,,,,,,,,,,,,,,,,,,,FM71500LG-C-1.jpg,6,osterley-4-pc-bedroom-set,,,,,,,,
osterley-4-pc-bedroom-set,,,,,,,,,,,,,,,,,,,,,,,,,,,,,,,,FM71500LG-D-1.jpg,7,osterley-4-pc-bedroom-set,,,,,,,,
osterley-4-pc-bedroom-set,,,,,,,,,,,,,,,,,,,,,,,,,,,,,,,,https://cdn.shopify.com/s/files/1/0268/6749/9079/files/FM71500LG-D-DRAWER.jpg,8,osterley-4-pc-bedroom-set,,,,,,,,
osterley-4-pc-bedroom-set,,,,,,,,,,,,,,,,,,,,,,,,,,,,,,,,FM71500LG-N-1.jpg,9,osterley-4-pc-bedroom-set,,,,,,,,
osterley-4-pc-bedroom-set,,,,,,,,,,,,,,,,,,,,,,,,,,,,,,,,https://cdn.shopify.com/s/files/1/0268/6749/9079/files/FM71500LG-N-DRAWER.jpg,10,osterley-4-pc-bedroom-set,,,,,,,,
osterley-5-pc-bedroom-set-w-2ns,OSTERLEY 5 Pc. Bedroom Set w/2NS,"<p><span style=""color:#1e73be;""><strong>FREE SHIPPING</strong></span><br>
Elevate your space with OSTERLEY, styled in Modern Contemporary and designed for everyday comfort.<br>
This bedroom bedroom set is made to fit naturally into the room. With Fabric, Solid Poplar, Elm Veneer, Engineered Wood, Stainless Steel and Black tones, it blends structure and softness in one clean profile.<br>
Product Dimensions: Varies by variant (see Variant Details below).<br>
Size: Queen</p>

<p>Features<br>
- Fabric<br>
- Solid Poplar<br>
- Elm Veneer<br>
- Engineered Wood<br>
- Stainless Steel<br>
- Padded Curved Edge Headboard<br>
- Felt-Lined Top Drawers &amp; UV-Stained Lower Drawers<br>
- Ball-Bearing Glide<br>
- French Front &amp; English Back Dovetail Drawers<br>
- Beveled Mirror<br>
- Rounded Edges<br>
- Nickel Finish Stainless Steel Trim on Case Goods<br>
<strong>Variant Details</strong><br>
- <strong>Size: Queen | Color: Black | Dimensions: 66.5&quot;W X 92.5&quot;D X 57&quot;H | Weight: 555 lbs | Volume: 86.7 cuft</strong><br>
- <strong>Size: Queen | Color: - | Dimensions: 66.5&quot;W X 92.5&quot;D X 57H&quot; | Weight: 566.57 lbs | Volume: 87.1 cuft</strong><br>
</p>

<p>Materials: Fabric, Solid Poplar, Elm Veneer, Engineered Wood, Stainless Steel.<br>
Color: Black<br>
Weight: 555 - 566.57 lbs</p>",GOODDEGG,Furniture > Furniture Sets > Bedroom Furniture Sets,Bedroom Set,"Furniture of America, Quick Ship Furniture, New Arrival, Indoor Furniture, 2026",TRUE,Size,Queen,,,,,,,,FM71500BK-Q-5PC-2NS,251744,shopify,20,deny,manual,3987,,TRUE,FALSE,,,,,,https://cdn.shopify.com/s/files/1/0268/6749/9079/files/FM71500BK-1-Z.jpg,1,osterley-5-pc-bedroom-set-w-2ns,FALSE,OSTERLEY 5 Pc. Bedroom Set w/2NS,"Shop OSTERLEY 5 Pc. Bedroom Set w/2NS. Modern Contemporary style. Fabric, Solid Poplar build. Size: Queen. Free shipping. Buy now at GOODDEGG.",FM71500BK-1-Z.jpg,lb,,1699,active
osterley-5-pc-bedroom-set-w-2ns,,,,,,,,,Queen,,,,,,,,FM71500LG-Q-5PC-2NS,256992,shopify,20,deny,manual,3987,,TRUE,FALSE,,,,,,https://cdn.shopify.com/s/files/1/0268/6749/9079/files/FM71500BK-2.jpg,2,osterley-5-pc-bedroom-set-w-2ns,,,,FM71500LG-1.jpg,lb,,1709,
osterley-5-pc-bedroom-set-w-2ns,,,,,,,,,,,,,,,,,,,,,,,,,,,,,,,,https://cdn.shopify.com/s/files/1/0268/6749/9079/files/FM71500BK-C-WB-1.jpg,3,osterley-5-pc-bedroom-set-w-2ns,,,,,,,,
osterley-5-pc-bedroom-set-w-2ns,,,,,,,,,,,,,,,,,,,,,,,,,,,,,,,,https://cdn.shopify.com/s/files/1/0268/6749/9079/files/FM71500BK-D-WB-1.jpg,4,osterley-5-pc-bedroom-set-w-2ns,,,,,,,,
osterley-5-pc-bedroom-set-w-2ns,,,,,,,,,,,,,,,,,,,,,,,,,,,,,,,,https://cdn.shopify.com/s/files/1/0268/6749/9079/files/FM71500BK-N-WB-1.jpg,5,osterley-5-pc-bedroom-set-w-2ns,,,,,,,,
osterley-5-pc-bedroom-set-w-2ns,,,,,,,,,,,,,,,,,,,,,,,,,,,,,,,,https://cdn.shopify.com/s/files/1/0268/6749/9079/files/FM71500LG-1.jpg,6,osterley-5-pc-bedroom-set-w-2ns,,,,,,,,
osterley-5-pc-bedroom-set-w-2ns,,,,,,,,,,,,,,,,,,,,,,,,,,,,,,,,FM71500LG-C-1.jpg,7,osterley-5-pc-bedroom-set-w-2ns,,,,,,,,
osterley-5-pc-bedroom-set-w-2ns,,,,,,,,,,,,,,,,,,,,,,,,,,,,,,,,FM71500LG-D-1.jpg,8,osterley-5-pc-bedroom-set-w-2ns,,,,,,,,
osterley-5-pc-bedroom-set-w-2ns,,,,,,,,,,,,,,,,,,,,,,,,,,,,,,,,https://cdn.shopify.com/s/files/1/0268/6749/9079/files/FM71500LG-D-DRAWER.jpg,9,osterley-5-pc-bedroom-set-w-2ns,,,,,,,,
osterley-5-pc-bedroom-set-w-2ns,,,,,,,,,,,,,,,,,,,,,,,,,,,,,,,,FM71500LG-N-1.jpg,10,osterley-5-pc-bedroom-set-w-2ns,,,,,,,,
osterley-5-pc-bedroom-set-w-2ns,,,,,,,,,,,,,,,,,,,,,,,,,,,,,,,,https://cdn.shopify.com/s/files/1/0268/6749/9079/files/FM71500LG-N-DRAWER.jpg,11,osterley-5-pc-bedroom-set-w-2ns,,,,,,,,
osterley-5-pc-bedroom-set-w-chest,OSTERLEY 5 Pc. Bedroom Set w/Chest,"<p><span style=""color:#1e73be;""><strong>FREE SHIPPING</strong></span><br>
Elevate your space with OSTERLEY, styled in Modern Contemporary and designed for everyday comfort.<br>
This bedroom bedroom set is made to fit naturally into the room. With Fabric, Solid Poplar, Elm Veneer, Engineered Wood, Stainless Steel and Black tones, it blends structure and softness in one clean profile.<br>
Product Dimensions: Varies by variant (see Variant Details below).<br>
Size: Queen</p>

<p>Features<br>
- Fabric<br>
- Solid Poplar<br>
- Elm Veneer<br>
- Engineered Wood<br>
- Stainless Steel<br>
- Padded Curved Edge Headboard<br>
- Felt-Lined Top Drawers &amp; UV-Stained Lower Drawers<br>
- Ball-Bearing Glide<br>
- French Front &amp; English Back Dovetail Drawers<br>
- Beveled Mirror<br>
- Rounded Edges<br>
- Nickel Finish Stainless Steel Trim on Case Goods<br>
<strong>Variant Details</strong><br>
- <strong>Size: Queen | Color: Black | Dimensions: 66.5&quot;W X 92.5&quot;D X 57&quot;H | Weight: 673.6 lbs | Volume: 107.7 cuft</strong><br>
- <strong>Size: Queen | Color: - | Dimensions: 66.5&quot;W X 92.5&quot;D X 57H&quot; | Weight: 692.46 lbs | Volume: 108.1 cuft</strong><br>
</p>

<p>Materials: Fabric, Solid Poplar, Elm Veneer, Engineered Wood, Stainless Steel.<br>
Color: Black<br>
Weight: 673.6 - 692.46 lbs</p>",GOODDEGG,Furniture > Furniture Sets > Bedroom Furniture Sets,Bedroom Set,"Furniture of America, Quick Ship Furniture, New Arrival, Indoor Furniture, 2026",TRUE,Size,Queen,,,,,,,,FM71500BK-Q-5PC-C,305540,shopify,20,deny,manual,4734,,TRUE,FALSE,,,,,,https://cdn.shopify.com/s/files/1/0268/6749/9079/files/FM71500BK-1-Z.jpg,1,osterley-5-pc-bedroom-set-w-chest,FALSE,OSTERLEY 5 Pc. Bedroom Set w/Chest,"Shop OSTERLEY 5 Pc. Bedroom Set w/Chest. Modern Contemporary style. Fabric, Solid Poplar build. Size: Queen. Free shipping. Buy now at GOODDEGG.",FM71500BK-1-Z.jpg,lb,,2069,active
osterley-5-pc-bedroom-set-w-chest,,,,,,,,,Queen,,,,,,,,FM71500LG-Q-5PC-C,314095,shopify,20,deny,manual,4734,,TRUE,FALSE,,,,,,https://cdn.shopify.com/s/files/1/0268/6749/9079/files/FM71500BK-2.jpg,2,osterley-5-pc-bedroom-set-w-chest,,,,FM71500LG-1.jpg,lb,,2048,
osterley-5-pc-bedroom-set-w-chest,,,,,,,,,,,,,,,,,,,,,,,,,,,,,,,,https://cdn.shopify.com/s/files/1/0268/6749/9079/files/FM71500BK-C-WB-1.jpg,3,osterley-5-pc-bedroom-set-w-chest,,,,,,,,
osterley-5-pc-bedroom-set-w-chest,,,,,,,,,,,,,,,,,,,,,,,,,,,,,,,,https://cdn.shopify.com/s/files/1/0268/6749/9079/files/FM71500BK-D-WB-1.jpg,4,osterley-5-pc-bedroom-set-w-chest,,,,,,,,
osterley-5-pc-bedroom-set-w-chest,,,,,,,,,,,,,,,,,,,,,,,,,,,,,,,,https://cdn.shopify.com/s/files/1/0268/6749/9079/files/FM71500BK-N-WB-1.jpg,5,osterley-5-pc-bedroom-set-w-chest,,,,,,,,
osterley-5-pc-bedroom-set-w-chest,,,,,,,,,,,,,,,,,,,,,,,,,,,,,,,,https://cdn.shopify.com/s/files/1/0268/6749/9079/files/FM71500LG-1.jpg,6,osterley-5-pc-bedroom-set-w-chest,,,,,,,,
osterley-5-pc-bedroom-set-w-chest,,,,,,,,,,,,,,,,,,,,,,,,,,,,,,,,FM71500LG-C-1.jpg,7,osterley-5-pc-bedroom-set-w-chest,,,,,,,,
osterley-5-pc-bedroom-set-w-chest,,,,,,,,,,,,,,,,,,,,,,,,,,,,,,,,FM71500LG-D-1.jpg,8,osterley-5-pc-bedroom-set-w-chest,,,,,,,,
osterley-5-pc-bedroom-set-w-chest,,,,,,,,,,,,,,,,,,,,,,,,,,,,,,,,https://cdn.shopify.com/s/files/1/0268/6749/9079/files/FM71500LG-D-DRAWER.jpg,9,osterley-5-pc-bedroom-set-w-chest,,,,,,,,
osterley-5-pc-bedroom-set-w-chest,,,,,,,,,,,,,,,,,,,,,,,,,,,,,,,,FM71500LG-N-1.jpg,10,osterley-5-pc-bedroom-set-w-chest,,,,,,,,
osterley-5-pc-bedroom-set-w-chest,,,,,,,,,,,,,,,,,,,,,,,,,,,,,,,,https://cdn.shopify.com/s/files/1/0268/6749/9079/files/FM71500LG-N-DRAWER.jpg,11,osterley-5-pc-bedroom-set-w-chest,,,,,,,,
pamphilos-4-pc-bedroom-set,PAMPHILOS 4 Pc. Bedroom Set,"<p><span style=""color:#1e73be;""><strong>FREE SHIPPING</strong></span><br>
Elevate your space with PAMPHILOS, styled in Traditional and designed for everyday comfort.<br>
This bedroom bedroom set is made to fit naturally into the room. With Solid Wood, Wood Veneer, Others and Gray or Antique White tones, it blends structure and softness in one clean profile.<br>
Product Dimensions: Varies by variant (see Variant Details below).<br>
Size: Queen</p>

<p>Features<br>
- Solid Wood<br>
- Wood Veneer<br>
- Others<br>
- Bell-shaped Headboard<br>
- Reeded Posts &amp; Trim Molding<br>
- Bracket Feet<br>
- Nickel Round Knob &amp; Hanging Pulls<br>
- Felt-lined Top Drawer<br>
- Foundation Required<br>
- USB-charger on Night Stand<br>
<strong>Variant Details</strong><br>
- <strong>Size: Queen | Color: Gray | Dimensions: - | Weight: 499.4 lbs | Volume: 66.2 cuft</strong><br>
- <strong>Size: Queen | Color: Antique White | Dimensions: - | Weight: 499.4 lbs | Volume: 66.2 cuft</strong><br>
</p>

<p>Materials: Solid Wood, Wood Veneer, Others.<br>
Color: Gray or Antique White<br>
Weight: 499.4 lbs</p>",GOODDEGG,Furniture > Furniture Sets > Bedroom Furniture Sets,Bedroom Set,"Furniture of America, Quick Ship Furniture, New Arrival, Indoor Furniture, 2026",TRUE,Color,Gray,,,,,,,,FOA7144GY-Q-4PC,226524,shopify,20,deny,manual,2727,,TRUE,FALSE,,,,,,https://cdn.shopify.com/s/files/1/0268/6749/9079/files/FOA7144GY-1-Z.jpg,1,pamphilos-4-pc-bedroom-set,FALSE,PAMPHILOS 4 Pc. Bedroom Set,"Shop PAMPHILOS 4 Pc. Bedroom Set. Traditional style. Solid Wood, Wood Veneer build. Multiple colors available. Free shipping. Buy now at GOODDEGG.",FOA7144GY-1-Z.jpg,lb,,1159,active
pamphilos-4-pc-bedroom-set,,,,,,,,,Antique White,,,,,,,,FOA7144WH-Q-4PC,226524,shopify,20,deny,manual,2727,,TRUE,FALSE,,,,,,https://cdn.shopify.com/s/files/1/0268/6749/9079/files/FOA7144GY-2.jpg,2,pamphilos-4-pc-bedroom-set,,,,FOA7144WH-1-Z.jpg,lb,,1169,
pamphilos-4-pc-bedroom-set,,,,,,,,,,,,,,,,,,,,,,,,,,,,,,,,https://cdn.shopify.com/s/files/1/0268/6749/9079/files/FOA7144GY-3.jpg,3,pamphilos-4-pc-bedroom-set,,,,,,,,
pamphilos-4-pc-bedroom-set,,,,,,,,,,,,,,,,,,,,,,,,,,,,,,,,https://cdn.shopify.com/s/files/1/0268/6749/9079/files/FOA7144GY-4.jpg,4,pamphilos-4-pc-bedroom-set,,,,,,,,
pamphilos-4-pc-bedroom-set,,,,,,,,,,,,,,,,,,,,,,,,,,,,,,,,https://cdn.shopify.com/s/files/1/0268/6749/9079/files/FOA7144GY-5.jpg,5,pamphilos-4-pc-bedroom-set,,,,,,,,
pamphilos-4-pc-bedroom-set,,,,,,,,,,,,,,,,,,,,,,,,,,,,,,,,https://cdn.shopify.com/s/files/1/0268/6749/9079/files/FOA7144GY-6.jpg,6,pamphilos-4-pc-bedroom-set,,,,,,,,
pamphilos-4-pc-bedroom-set,,,,,,,,,,,,,,,,,,,,,,,,,,,,,,,,https://cdn.shopify.com/s/files/1/0268/6749/9079/files/FOA7144WH-1-Z.jpg,7,pamphilos-4-pc-bedroom-set,,,,,,,,
pamphilos-4-pc-bedroom-set,,,,,,,,,,,,,,,,,,,,,,,,,,,,,,,,https://cdn.shopify.com/s/files/1/0268/6749/9079/files/FOA7144WH-2.jpg,8,pamphilos-4-pc-bedroom-set,,,,,,,,
pamphilos-4-pc-bedroom-set,,,,,,,,,,,,,,,,,,,,,,,,,,,,,,,,https://cdn.shopify.com/s/files/1/0268/6749/9079/files/FOA7144WH-3.jpg,9,pamphilos-4-pc-bedroom-set,,,,,,,,
pamphilos-4-pc-bedroom-set,,,,,,,,,,,,,,,,,,,,,,,,,,,,,,,,https://cdn.shopify.com/s/files/1/0268/6749/9079/files/FOA7144WH-4.jpg,10,pamphilos-4-pc-bedroom-set,,,,,,,,
pamphilos-4-pc-bedroom-set,,,,,,,,,,,,,,,,,,,,,,,,,,,,,,,,https://cdn.shopify.com/s/files/1/0268/6749/9079/files/FOA7144WH-5.jpg,11,pamphilos-4-pc-bedroom-set,,,,,,,,
pamphilos-4-pc-bedroom-set,,,,,,,,,,,,,,,,,,,,,,,,,,,,,,,,https://cdn.shopify.com/s/files/1/0268/6749/9079/files/FOA7144WH-6.jpg,12,pamphilos-4-pc-bedroom-set,,,,,,,,
pamphilos-5-pc-bedroom-set-w-2ns,PAMPHILOS 5 Pc. Bedroom Set w/2NS,"<p><span style=""color:#1e73be;""><strong>FREE SHIPPING</strong></span><br>
Elevate your space with PAMPHILOS, styled in Traditional and designed for everyday comfort.<br>
This bedroom bedroom set is made to fit naturally into the room. With Solid Wood, Wood Veneer, Others and Gray or Antique White tones, it blends structure and softness in one clean profile.<br>
Product Dimensions: Varies by variant (see Variant Details below).<br>
Size: Queen</p>

<p>Features<br>
- Solid Wood<br>
- Wood Veneer<br>
- Others<br>
- Bell-shaped Headboard<br>
- Reeded Posts &amp; Trim Molding<br>
- Bracket Feet<br>
- Nickel Round Knob &amp; Hanging Pulls<br>
- Felt-lined Top Drawer<br>
- Foundation Required<br>
- USB-charger on Night Stand<br>
<strong>Variant Details</strong><br>
- <strong>Size: Queen | Color: Gray | Dimensions: - | Weight: 566.5 lbs | Volume: 75.7 cuft</strong><br>
- <strong>Size: Queen | Color: Antique White | Dimensions: - | Weight: 566.5 lbs | Volume: 75.7 cuft</strong><br>
</p>

<p>Materials: Solid Wood, Wood Veneer, Others.<br>
Color: Gray or Antique White<br>
Weight: 566.5 lbs</p>",GOODDEGG,Furniture > Furniture Sets > Bedroom Furniture Sets,Bedroom Set,"Furniture of America, Quick Ship Furniture, New Arrival, Indoor Furniture, 2026",TRUE,Color,Gray,,,,,,,,FOA7144GY-Q-5PC-2NS,256960,shopify,20,deny,manual,3117,,TRUE,FALSE,,,,,,https://cdn.shopify.com/s/files/1/0268/6749/9079/files/FOA7144GY-1-Z.jpg,1,pamphilos-5-pc-bedroom-set-w-2ns,FALSE,PAMPHILOS 5 Pc. Bedroom Set w/2NS,"Shop PAMPHILOS 5 Pc. Bedroom Set w/2NS. Traditional style. Solid Wood, Wood Veneer build. Multiple colors available. Free shipping. Buy now at GOODDEGG.",FOA7144GY-1-Z.jpg,lb,,1299,active
pamphilos-5-pc-bedroom-set-w-2ns,,,,,,,,,Antique White,,,,,,,,FOA7144WH-Q-5PC-2NS,256960,shopify,20,deny,manual,3117,,TRUE,FALSE,,,,,,https://cdn.shopify.com/s/files/1/0268/6749/9079/files/FOA7144GY-2.jpg,2,pamphilos-5-pc-bedroom-set-w-2ns,,,,FOA7144WH-1-Z.jpg,lb,,1299,
pamphilos-5-pc-bedroom-set-w-2ns,,,,,,,,,,,,,,,,,,,,,,,,,,,,,,,,https://cdn.shopify.com/s/files/1/0268/6749/9079/files/FOA7144GY-3.jpg,3,pamphilos-5-pc-bedroom-set-w-2ns,,,,,,,,
pamphilos-5-pc-bedroom-set-w-2ns,,,,,,,,,,,,,,,,,,,,,,,,,,,,,,,,https://cdn.shopify.com/s/files/1/0268/6749/9079/files/FOA7144GY-4.jpg,4,pamphilos-5-pc-bedroom-set-w-2ns,,,,,,,,
pamphilos-5-pc-bedroom-set-w-2ns,,,,,,,,,,,,,,,,,,,,,,,,,,,,,,,,https://cdn.shopify.com/s/files/1/0268/6749/9079/files/FOA7144GY-5.jpg,5,pamphilos-5-pc-bedroom-set-w-2ns,,,,,,,,
pamphilos-5-pc-bedroom-set-w-2ns,,,,,,,,,,,,,,,,,,,,,,,,,,,,,,,,https://cdn.shopify.com/s/files/1/0268/6749/9079/files/FOA7144GY-6.jpg,6,pamphilos-5-pc-bedroom-set-w-2ns,,,,,,,,
pamphilos-5-pc-bedroom-set-w-2ns,,,,,,,,,,,,,,,,,,,,,,,,,,,,,,,,https://cdn.shopify.com/s/files/1/0268/6749/9079/files/FOA7144WH-1-Z.jpg,7,pamphilos-5-pc-bedroom-set-w-2ns,,,,,,,,
pamphilos-5-pc-bedroom-set-w-2ns,,,,,,,,,,,,,,,,,,,,,,,,,,,,,,,,https://cdn.shopify.com/s/files/1/0268/6749/9079/files/FOA7144WH-2.jpg,8,pamphilos-5-pc-bedroom-set-w-2ns,,,,,,,,
pamphilos-5-pc-bedroom-set-w-2ns,,,,,,,,,,,,,,,,,,,,,,,,,,,,,,,,https://cdn.shopify.com/s/files/1/0268/6749/9079/files/FOA7144WH-3.jpg,9,pamphilos-5-pc-bedroom-set-w-2ns,,,,,,,,
pamphilos-5-pc-bedroom-set-w-2ns,,,,,,,,,,,,,,,,,,,,,,,,,,,,,,,,https://cdn.shopify.com/s/files/1/0268/6749/9079/files/FOA7144WH-4.jpg,10,pamphilos-5-pc-bedroom-set-w-2ns,,,,,,,,
pamphilos-5-pc-bedroom-set-w-2ns,,,,,,,,,,,,,,,,,,,,,,,,,,,,,,,,https://cdn.shopify.com/s/files/1/0268/6749/9079/files/FOA7144WH-5.jpg,11,pamphilos-5-pc-bedroom-set-w-2ns,,,,,,,,
pamphilos-5-pc-bedroom-set-w-2ns,,,,,,,,,,,,,,,,,,,,,,,,,,,,,,,,https://cdn.shopify.com/s/files/1/0268/6749/9079/files/FOA7144WH-6.jpg,12,pamphilos-5-pc-bedroom-set-w-2ns,,,,,,,,
pamphilos-5-pc-bedroom-set-w-chest,PAMPHILOS 5 Pc. Bedroom Set w/Chest,"<p><span style=""color:#1e73be;""><strong>FREE SHIPPING</strong></span><br>
Elevate your space with PAMPHILOS, styled in Traditional and designed for everyday comfort.<br>
This bedroom bedroom set is made to fit naturally into the room. With Solid Wood, Wood Veneer, Others and Gray or Antique White tones, it blends structure and softness in one clean profile.<br>
Product Dimensions: Varies by variant (see Variant Details below).<br>
Size: Queen</p>

<p>Features<br>
- Solid Wood<br>
- Wood Veneer<br>
- Others<br>
- Bell-shaped Headboard<br>
- Reeded Posts &amp; Trim Molding<br>
- Bracket Feet<br>
- Nickel Round Knob &amp; Hanging Pulls<br>
- Felt-lined Top Drawer<br>
- Foundation Required<br>
- USB-charger on Night Stand<br>
<strong>Variant Details</strong><br>
- <strong>Size: Queen | Color: Gray | Dimensions: - | Weight: 638 lbs | Volume: 88.9 cuft</strong><br>
- <strong>Size: Queen | Color: Antique White | Dimensions: - | Weight: 638 lbs | Volume: 88.9 cuft</strong><br>
</p>

<p>Materials: Solid Wood, Wood Veneer, Others.<br>
Color: Gray or Antique White<br>
Weight: 638 lbs</p>",GOODDEGG,Furniture > Furniture Sets > Bedroom Furniture Sets,Bedroom Set,"Furniture of America, Quick Ship Furniture, New Arrival, Indoor Furniture, 2026",TRUE,Color,Gray,,,,,,,,FOA7144GY-Q-5PC-C,289392,shopify,20,deny,manual,3474,,TRUE,FALSE,,,,,,https://cdn.shopify.com/s/files/1/0268/6749/9079/files/FOA7144GY-1-Z.jpg,1,pamphilos-5-pc-bedroom-set-w-chest,FALSE,PAMPHILOS 5 Pc. Bedroom Set w/Chest,"Shop PAMPHILOS 5 Pc. Bedroom Set w/Chest. Traditional style. Solid Wood, Wood Veneer build. Multiple colors available. Free shipping. Buy now at GOODDEGG.",FOA7144GY-1-Z.jpg,lb,,1488,active
pamphilos-5-pc-bedroom-set-w-chest,,,,,,,,,Antique White,,,,,,,,FOA7144WH-Q-5PC-C,289392,shopify,20,deny,manual,3474,,TRUE,FALSE,,,,,,https://cdn.shopify.com/s/files/1/0268/6749/9079/files/FOA7144GY-2.jpg,2,pamphilos-5-pc-bedroom-set-w-chest,,,,FOA7144WH-1-Z.jpg,lb,,1498,
pamphilos-5-pc-bedroom-set-w-chest,,,,,,,,,,,,,,,,,,,,,,,,,,,,,,,,https://cdn.shopify.com/s/files/1/0268/6749/9079/files/FOA7144GY-3.jpg,3,pamphilos-5-pc-bedroom-set-w-chest,,,,,,,,
pamphilos-5-pc-bedroom-set-w-chest,,,,,,,,,,,,,,,,,,,,,,,,,,,,,,,,https://cdn.shopify.com/s/files/1/0268/6749/9079/files/FOA7144GY-4.jpg,4,pamphilos-5-pc-bedroom-set-w-chest,,,,,,,,
pamphilos-5-pc-bedroom-set-w-chest,,,,,,,,,,,,,,,,,,,,,,,,,,,,,,,,https://cdn.shopify.com/s/files/1/0268/6749/9079/files/FOA7144GY-5.jpg,5,pamphilos-5-pc-bedroom-set-w-chest,,,,,,,,
pamphilos-5-pc-bedroom-set-w-chest,,,,,,,,,,,,,,,,,,,,,,,,,,,,,,,,https://cdn.shopify.com/s/files/1/0268/6749/9079/files/FOA7144GY-6.jpg,6,pamphilos-5-pc-bedroom-set-w-chest,,,,,,,,
pamphilos-5-pc-bedroom-set-w-chest,,,,,,,,,,,,,,,,,,,,,,,,,,,,,,,,https://cdn.shopify.com/s/files/1/0268/6749/9079/files/FOA7144WH-1-Z.jpg,7,pamphilos-5-pc-bedroom-set-w-chest,,,,,,,,
pamphilos-5-pc-bedroom-set-w-chest,,,,,,,,,,,,,,,,,,,,,,,,,,,,,,,,https://cdn.shopify.com/s/files/1/0268/6749/9079/files/FOA7144WH-2.jpg,8,pamphilos-5-pc-bedroom-set-w-chest,,,,,,,,
pamphilos-5-pc-bedroom-set-w-chest,,,,,,,,,,,,,,,,,,,,,,,,,,,,,,,,https://cdn.shopify.com/s/files/1/0268/6749/9079/files/FOA7144WH-3.jpg,9,pamphilos-5-pc-bedroom-set-w-chest,,,,,,,,
pamphilos-5-pc-bedroom-set-w-chest,,,,,,,,,,,,,,,,,,,,,,,,,,,,,,,,https://cdn.shopify.com/s/files/1/0268/6749/9079/files/FOA7144WH-4.jpg,10,pamphilos-5-pc-bedroom-set-w-chest,,,,,,,,
pamphilos-5-pc-bedroom-set-w-chest,,,,,,,,,,,,,,,,,,,,,,,,,,,,,,,,https://cdn.shopify.com/s/files/1/0268/6749/9079/files/FOA7144WH-5.jpg,11,pamphilos-5-pc-bedroom-set-w-chest,,,,,,,,
pamphilos-5-pc-bedroom-set-w-chest,,,,,,,,,,,,,,,,,,,,,,,,,,,,,,,,https://cdn.shopify.com/s/files/1/0268/6749/9079/files/FOA7144WH-6.jpg,12,pamphilos-5-pc-bedroom-set-w-chest,,,,,,,,
patra-4-pc-bedroom-set,PATRA 4 Pc. Bedroom Set,"<p><span style=""color:#1e73be;""><strong>FREE SHIPPING</strong></span><br>
PATRA 4 Pc. Bedroom Set completes the bedroom with a relaxed, pulled-together look. As a bedroom bedroom set, it is designed to coordinate with matching pieces. The Transitional character adds definition without feeling heavy. Crafted with Solid Wood, Wood Veneer, then finished in Acacia or Walnut tones to suit a range of interiors.<br>
Product Dimensions: 86""L X 65""W X 54 1/4""H<br>
Size: Queen</p>

<p>Features<br>
- Acacia or Walnut<br>
- Acacia Panel Bed<br>
- Square Chrome Knobs<br>
- Double Deck Top Case Goods<br>
- Foundation Required Included items and dimensions:<br>
- Nightstand: color: Acacia or Walnut; dimensions: 24"" W x 17""D x 24 1 or 2"" H; feature: Transitional<br>
- Dresser: color: Acacia or Walnut; dimensions: 52"" W x 17""D x 35"" H; feature: Transitional</p>

<p>Materials: Solid Wood, Wood Veneer.<br>
Color: Acacia or Walnut<br>
Weight: 300.2 lbs</p>",GOODDEGG,Furniture > Furniture Sets > Bedroom Furniture Sets,Bedroom Set,"Furniture of America, Quick Ship Furniture, New Arrival, Indoor Furniture, 2026",TRUE,Size,Queen,,,,,,,,CM7152Q-4PC,136168,shopify,20,deny,manual,2127,,TRUE,FALSE,,,,,,https://cdn.shopify.com/s/files/1/0268/6749/9079/files/CM7152-Z.jpg,1,patra-4-pc-bedroom-set,FALSE,PATRA 4 Pc. Bedroom Set,"Shop PATRA 4 Pc. Bedroom Set. Transitional style. Solid Wood, Wood Veneer build. Size: Queen. Free shipping. Buy now at GOODDEGG.",CM7152-Z.jpg,lb,,859,active
patra-4-pc-bedroom-set,,,,,,,,,,,,,,,,,,,,,,,,,,,,,,,,https://cdn.shopify.com/s/files/1/0268/6749/9079/files/CM7152.jpg,2,patra-4-pc-bedroom-set,,,,,,,,
patra-5-pc-bedroom-set-w-2ns,PATRA 5 Pc. Bedroom Set w/ 2NS,"<p><span style=""color:#1e73be;""><strong>FREE SHIPPING</strong></span><br>
PATRA 5 Pc. Bedroom Set w/ 2NS brings a restful, finished feel to the bedroom. This bedroom bedroom set is made to fit naturally into the room. A Transitional profile gives the space a refined, approachable look. With Solid Wood, Wood Veneer, construction and Acacia or Walnut tones, it blends durability with visual warmth.<br>
Product Dimensions: 86""L X 65""W X 54 1/4""H<br>
Size: Queen</p>

<p>Features<br>
- Acacia or Walnut<br>
- Acacia Panel Bed<br>
- Square Chrome Knobs<br>
- Double Deck Top Case Goods<br>
- Foundation Required Included items and dimensions:<br>
- Nightstand: color: Acacia or Walnut; dimensions: 24"" W x 17""D x 24 1 or 2"" H; feature: Transitional<br>
- Dresser: color: Acacia or Walnut; dimensions: 52"" W x 17""D x 35"" H; feature: Transitional</p>

<p>Materials: Solid Wood, Wood Veneer.<br>
Color: Acacia or Walnut<br>
Weight: 350.8 lbs</p>",GOODDEGG,Furniture > Furniture Sets > Bedroom Furniture Sets,Bedroom Set,"Furniture of America, Quick Ship Furniture, New Arrival, Indoor Furniture, 2026",TRUE,Size,Queen,,,,,,,,CM7152Q-5PC-2NS,159120,shopify,20,deny,manual,2427,,TRUE,FALSE,,,,,,https://cdn.shopify.com/s/files/1/0268/6749/9079/files/CM7152-Z.jpg,1,patra-5-pc-bedroom-set-w-2ns,FALSE,PATRA 5 Pc. Bedroom Set w/ 2NS,"Shop PATRA 5 Pc. Bedroom Set w/ 2NS. Transitional style. Solid Wood, Wood Veneer build. Size: Queen. Free shipping. Buy now at GOODDEGG.",CM7152-Z.jpg,lb,,989,active
patra-5-pc-bedroom-set-w-2ns,,,,,,,,,,,,,,,,,,,,,,,,,,,,,,,,https://cdn.shopify.com/s/files/1/0268/6749/9079/files/CM7152.jpg,2,patra-5-pc-bedroom-set-w-2ns,,,,,,,,
patra-5-pc-bedroom-set-w-chest,PATRA 5 Pc. Bedroom Set w/ Chest,"<p><span style=""color:#1e73be;""><strong>FREE SHIPPING</strong></span><br>
Create a calm, coordinated retreat with PATRA 5 Pc. Bedroom Set w/ Chest. Designed as a bedroom bedroom set, it pairs easily with surrounding decor. Its Transitional styling keeps the room feeling polished yet comfortable. Finished in Acacia or Walnut tones, the Solid Wood, Wood Veneer, build keeps the look polished and practical.<br>
Product Dimensions: 86""L X 65""W X 54 1/4""H<br>
Size: Queen</p>

<p>Features<br>
- Acacia or Walnut<br>
- Acacia Panel Bed<br>
- Square Chrome Knobs<br>
- Double Deck Top Case Goods<br>
- Foundation Required Included items and dimensions:<br>
- Nightstand: color: Acacia or Walnut; dimensions: 24"" W x 17""D x 24 1 or 2"" H; feature: Transitional<br>
- Dresser: color: Acacia or Walnut; dimensions: 52"" W x 17""D x 35"" H; feature: Transitional<br>
- Chest: color: Acacia or Walnut; dimensions: 33 1 or 2"" W x 17""D x 50"" H; feature: Transitional</p>

<p>Materials: Solid Wood, Wood Veneer.<br>
Color: Acacia or Walnut<br>
Weight: 405.8 lbs</p>",GOODDEGG,Furniture > Furniture Sets > Bedroom Furniture Sets,Bedroom Set,"Furniture of America, Quick Ship Furniture, New Arrival, Indoor Furniture, 2026",TRUE,Size,Queen,,,,,,,,CM7152Q-5PC-CHEST,184068,shopify,20,deny,manual,2934,,TRUE,FALSE,,,,,,https://cdn.shopify.com/s/files/1/0268/6749/9079/files/CM7152-Z.jpg,1,patra-5-pc-bedroom-set-w-chest,FALSE,PATRA 5 Pc. Bedroom Set w/ Chest,"Shop PATRA 5 Pc. Bedroom Set w/ Chest. Transitional style. Solid Wood, Wood Veneer build. Size: Queen. Free shipping. Buy now at GOODDEGG.",CM7152-Z.jpg,lb,,1188,active
patra-5-pc-bedroom-set-w-chest,,,,,,,,,,,,,,,,,,,,,,,,,,,,,,,,https://cdn.shopify.com/s/files/1/0268/6749/9079/files/CM7152.jpg,2,patra-5-pc-bedroom-set-w-chest,,,,,,,,
philomath-4-pc-bedroom-set,PHILOMATH 4 Pc. Bedroom Set,"<p><span style=""color:#1e73be;""><strong>FREE SHIPPING</strong></span><br>
PHILOMATH 4 Pc. Bedroom Set brings a restful, finished feel to the bedroom. This bedroom bedroom set is made to fit naturally into the room. A Transitional profile gives the space a refined, approachable look. Crafted with Fabric, Solid Wood, Oak Veneer, then finished in Aged Oak tones to suit a range of interiors.<br>
Product Dimensions: 98.88""L X 69.5""W X 68""H<br>
Size: Queen</p>

<p>Features<br>
- Padded Fabric Headboard<br>
- Button Tufting<br>
- Nailhead Trim<br>
- Footboard Bench w/ Storage<br>
- Ball-Bearing Slides<br>
- Bun Feet Included items and dimensions:<br>
- Nightstand: color: Aged Oak; dimensions: 28"" W x 17""D x 27.5"" H; feature: Transitional<br>
- Dresser: color: Aged Oak; dimensions: 64"" W x 18""D x 40.5"" H; feature: Transitional</p>

<p>Materials: Fabric, Solid Wood, Oak Veneer.<br>
Color: Aged Oak<br>
Weight: 522.5 lbs</p>",GOODDEGG,Furniture > Furniture Sets > Bedroom Furniture Sets,Bedroom Set,"Furniture of America, Quick Ship Furniture, New Arrival, Indoor Furniture, 2026",TRUE,Size,Queen,,,,,,,,FM7430BR-Q-4PC,237002,shopify,20,deny,manual,2847,,TRUE,FALSE,,,,,,https://cdn.shopify.com/s/files/1/0268/6749/9079/files/FM7430BR-1-Z.jpg,1,philomath-4-pc-bedroom-set,FALSE,PHILOMATH 4 Pc. Bedroom Set,"Shop PHILOMATH 4 Pc. Bedroom Set. Transitional style. Fabric, Solid Wood build. Size: Queen. Free shipping. Buy now at GOODDEGG.",FM7430BR-1-Z.jpg,lb,,1199,active
philomath-4-pc-bedroom-set,,,,,,,,,,,,,,,,,,,,,,,,,,,,,,,,https://cdn.shopify.com/s/files/1/0268/6749/9079/files/FM7430BR-2.jpg,2,philomath-4-pc-bedroom-set,,,,,,,,
philomath-4-pc-bedroom-set,,,,,,,,,,,,,,,,,,,,,,,,,,,,,,,,https://cdn.shopify.com/s/files/1/0268/6749/9079/files/FM7430BR-3.jpg,3,philomath-4-pc-bedroom-set,,,,,,,,
philomath-4-pc-bedroom-set,,,,,,,,,,,,,,,,,,,,,,,,,,,,,,,,https://cdn.shopify.com/s/files/1/0268/6749/9079/files/FM7430BR-4.jpg,4,philomath-4-pc-bedroom-set,,,,,,,,
philomath-4-pc-bedroom-set,,,,,,,,,,,,,,,,,,,,,,,,,,,,,,,,https://cdn.shopify.com/s/files/1/0268/6749/9079/files/FM7430BR-5.jpg,5,philomath-4-pc-bedroom-set,,,,,,,,
philomath-5-pc-bedroom-set-w-2ns,PHILOMATH 5 Pc. Bedroom Set w/ 2NS,"<p><span style=""color:#1e73be;""><strong>FREE SHIPPING</strong></span><br>
Create a calm, coordinated retreat with PHILOMATH 5 Pc. Bedroom Set w/ 2NS. Designed as a bedroom bedroom set, it pairs easily with surrounding decor. Its Transitional styling keeps the room feeling polished yet comfortable. With Fabric, Solid Wood, Oak Veneer, construction and Aged Oak tones, it blends durability with visual warmth.<br>
Product Dimensions:.<br>
Size: Queen</p>

<p>Features<br>
- Padded Fabric Headboard<br>
- Button Tufting<br>
- Nailhead Trim<br>
- Footboard Bench w/ Storage<br>
- Ball-Bearing Slides<br>
- Bun Feet Included items and dimensions:<br>
- Nightstand: color: Aged Oak; dimensions: 28"" W x 17""D x 27.5"" H; feature: Transitional<br>
- Dresser: color: Aged Oak; dimensions: 64"" W x 18""D x 40.5"" H; feature: Transitional</p>

<p>Materials: Fabric, Solid Wood, Oak Veneer.<br>
Color: Aged Oak<br>
Weight: 585.2 lbs</p>",GOODDEGG,Furniture > Furniture Sets > Bedroom Furniture Sets,Bedroom Set,"Furniture of America, Quick Ship Furniture, New Arrival, Indoor Furniture, 2026",TRUE,Size,Queen,,,,,,,,FM7430BR-Q-5PC-2NS,265442,shopify,20,deny,manual,3237,,TRUE,FALSE,,,,,,https://cdn.shopify.com/s/files/1/0268/6749/9079/files/FM7430BR-1-Z.jpg,1,philomath-5-pc-bedroom-set-w-2ns,FALSE,PHILOMATH 5 Pc. Bedroom Set w/ 2NS,"Shop PHILOMATH 5 Pc. Bedroom Set w/ 2NS. Transitional style. Fabric, Solid Wood build. Size: Queen. Free shipping. Buy now at GOODDEGG.",FM7430BR-1-Z.jpg,lb,,1379,active
philomath-5-pc-bedroom-set-w-2ns,,,,,,,,,,,,,,,,,,,,,,,,,,,,,,,,https://cdn.shopify.com/s/files/1/0268/6749/9079/files/FM7430BR-2.jpg,2,philomath-5-pc-bedroom-set-w-2ns,,,,,,,,
philomath-5-pc-bedroom-set-w-2ns,,,,,,,,,,,,,,,,,,,,,,,,,,,,,,,,https://cdn.shopify.com/s/files/1/0268/6749/9079/files/FM7430BR-3.jpg,3,philomath-5-pc-bedroom-set-w-2ns,,,,,,,,
philomath-5-pc-bedroom-set-w-2ns,,,,,,,,,,,,,,,,,,,,,,,,,,,,,,,,https://cdn.shopify.com/s/files/1/0268/6749/9079/files/FM7430BR-4.jpg,4,philomath-5-pc-bedroom-set-w-2ns,,,,,,,,
philomath-5-pc-bedroom-set-w-2ns,,,,,,,,,,,,,,,,,,,,,,,,,,,,,,,,https://cdn.shopify.com/s/files/1/0268/6749/9079/files/FM7430BR-5.jpg,5,philomath-5-pc-bedroom-set-w-2ns,,,,,,,,
philomath-5-pc-bedroom-set-w-chest,PHILOMATH 5 Pc. Bedroom Set w/ Chest,"<p><span style=""color:#1e73be;""><strong>FREE SHIPPING</strong></span><br>
PHILOMATH 5 Pc. Bedroom Set w/ Chest completes the bedroom with a relaxed, pulled-together look. As a bedroom bedroom set, it is designed to coordinate with matching pieces. The Transitional character adds definition without feeling heavy. Finished in Aged Oak tones, the Fabric, Solid Wood, Oak Veneer, build keeps the look polished and practical.<br>
Product Dimensions:.<br>
Size: Queen</p>

<p>Features<br>
- Padded Fabric Headboard<br>
- Button Tufting<br>
- Nailhead Trim<br>
- Footboard Bench w/ Storage<br>
- Ball-Bearing Slides<br>
- Bun Feet Included items and dimensions:<br>
- Nightstand: color: Aged Oak; dimensions: 28"" W x 17""D x 27.5"" H; feature: Transitional<br>
- Dresser: color: Aged Oak; dimensions: 64"" W x 18""D x 40.5"" H; feature: Transitional<br>
- Chest: color: Aged Oak; dimensions: 38"" W x 18""D x 51.5"" H; feature: Transitional</p>

<p>Materials: Fabric, Solid Wood, Oak Veneer.<br>
Color: Aged Oak<br>
Weight: 688.6 lbs</p>",GOODDEGG,Furniture > Furniture Sets > Bedroom Furniture Sets,Bedroom Set,"Furniture of America, Quick Ship Furniture, New Arrival, Indoor Furniture, 2026",TRUE,Size,Queen,,,,,,,,FM7430BR-Q-5PC-CHEST,312344,shopify,20,deny,manual,3684,,TRUE,FALSE,,,,,,https://cdn.shopify.com/s/files/1/0268/6749/9079/files/FM7430BR-1-Z.jpg,1,philomath-5-pc-bedroom-set-w-chest,FALSE,PHILOMATH 5 Pc. Bedroom Set w/ Chest,"Shop PHILOMATH 5 Pc. Bedroom Set w/ Chest. Transitional style. Fabric, Solid Wood build. Size: Queen. Free shipping. Buy now at GOODDEGG.",FM7430BR-1-Z.jpg,lb,,1579,active
philomath-5-pc-bedroom-set-w-chest,,,,,,,,,,,,,,,,,,,,,,,,,,,,,,,,https://cdn.shopify.com/s/files/1/0268/6749/9079/files/FM7430BR-2.jpg,2,philomath-5-pc-bedroom-set-w-chest,,,,,,,,
philomath-5-pc-bedroom-set-w-chest,,,,,,,,,,,,,,,,,,,,,,,,,,,,,,,,https://cdn.shopify.com/s/files/1/0268/6749/9079/files/FM7430BR-3.jpg,3,philomath-5-pc-bedroom-set-w-chest,,,,,,,,
philomath-5-pc-bedroom-set-w-chest,,,,,,,,,,,,,,,,,,,,,,,,,,,,,,,,https://cdn.shopify.com/s/files/1/0268/6749/9079/files/FM7430BR-4.jpg,4,philomath-5-pc-bedroom-set-w-chest,,,,,,,,
philomath-5-pc-bedroom-set-w-chest,,,,,,,,,,,,,,,,,,,,,,,,,,,,,,,,https://cdn.shopify.com/s/files/1/0268/6749/9079/files/FM7430BR-5.jpg,5,philomath-5-pc-bedroom-set-w-chest,,,,,,,,
pinetop-4-pc-bedroom-set,PINETOP 4 Pc. Bedroom Set,"<p><span style=""color:#1e73be;""><strong>FREE SHIPPING</strong></span><br>
Elevate your space with PINETOP, styled in Modern Farmhouse and designed for everyday comfort.<br>
This bedroom bedroom set is made to fit naturally into the room. With Solid Pinewood, Birch Veneer, Metal, Engineered Wood and Blue/Dark Brown or White/Dark Brown tones, it blends structure and softness in one clean profile.<br>
Product Dimensions: Varies by variant (see Variant Details below).<br>
Size: Twin</p>

<p>Features<br>
- Solid Pinewood<br>
- Birch Veneer<br>
- Metal<br>
- Engineered Wood<br>
- Two-Tone Design<br>
- Recessed Panels<br>
- English Front &amp; Back Dovetail Drawers<br>
- Nickel Finish Hardware<br>
- Ball-Bearing Glides<br>
- Foundation Required<br>
<strong>Variant Details</strong><br>
- <strong>Size: Twin | Color: Blue/Dark Brown | Dimensions: 43.5&quot;W X 81&quot;D X 56&quot;H | Weight: 388.8 lbs | Volume: 53.3 cuft</strong><br>
- <strong>Size: Twin | Color: White/Dark Brown | Dimensions: 41&quot;W X 80&quot;D X 56&quot;H | Weight: 392.1 lbs | Volume: 53.7 cuft</strong><br>
</p>

<p>Materials: Solid Pinewood, Birch Veneer, Metal, Engineered Wood.<br>
Color: Blue/Dark Brown or White/Dark Brown<br>
Weight: 388.8 - 392.1 lbs</p>",GOODDEGG,Furniture > Furniture Sets > Bedroom Furniture Sets,Bedroom Set,"Furniture of America, Quick Ship Furniture, New Arrival, Indoor Furniture, 2026",TRUE,Color,Blue/Dark Brown,,,,,,,,FM7171BL-T-4PC,176357,shopify,20,deny,manual,1947,,TRUE,FALSE,,,,,,https://cdn.shopify.com/s/files/1/0268/6749/9079/files/FM7171BL-1-Z.jpg,1,pinetop-4-pc-bedroom-set,FALSE,PINETOP 4 Pc. Bedroom Set,"Shop PINETOP 4 Pc. Bedroom Set. Modern Farmhouse style. Solid Pinewood, Birch Veneer build. Multiple colors available. Free shipping. Buy now at GOODDEGG.",FM7171BL-1-Z.jpg,lb,,899,active
pinetop-4-pc-bedroom-set,,,,,,,,,White/Dark Brown,,,,,,,,FM7171WH-T-4PC,177854,shopify,20,deny,manual,1947,,TRUE,FALSE,,,,,,https://cdn.shopify.com/s/files/1/0268/6749/9079/files/FM7171WH-1-Z.jpg,2,pinetop-4-pc-bedroom-set,,,,FM7171WH-1-Z.jpg,lb,,899,
pinetop-4-pc-bedroom-set,,,,,,,,,,,,,,,,,,,,,,,,,,,,,,,,https://cdn.shopify.com/s/files/1/0268/6749/9079/files/FM7171WH-2.jpg,3,pinetop-4-pc-bedroom-set,,,,,,,,
pinetop-5-pc-bedroom-set-w-2ns,PINETOP 5 Pc. Bedroom Set w/2NS,"<p><span style=""color:#1e73be;""><strong>FREE SHIPPING</strong></span><br>
Elevate your space with PINETOP, styled in Modern Farmhouse and designed for everyday comfort.<br>
This bedroom bedroom set is made to fit naturally into the room. With Solid Pinewood, Birch Veneer, Metal, Engineered Wood and Blue/Dark Brown or White/Dark Brown tones, it blends structure and softness in one clean profile.<br>
Product Dimensions: Varies by variant (see Variant Details below).<br>
Size: Twin</p>

<p>Features<br>
- Solid Pinewood<br>
- Birch Veneer<br>
- Metal<br>
- Engineered Wood<br>
- Two-Tone Design<br>
- Recessed Panels<br>
- English Front &amp; Back Dovetail Drawers<br>
- Nickel Finish Hardware<br>
- Ball-Bearing Glides<br>
- Foundation Required<br>
<strong>Variant Details</strong><br>
- <strong>Size: Twin | Color: Blue/Dark Brown | Dimensions: 43.5&quot;W X 81&quot;D X 56&quot;H | Weight: 450.5 lbs | Volume: 62.6 cuft</strong><br>
- <strong>Size: Twin | Color: White/Dark Brown | Dimensions: 41&quot;W X 80&quot;D X 56&quot;H | Weight: 452.7 lbs | Volume: 62.9 cuft</strong><br>
</p>

<p>Materials: Solid Pinewood, Birch Veneer, Metal, Engineered Wood.<br>
Color: Blue/Dark Brown or White/Dark Brown<br>
Weight: 450.5 - 452.7 lbs</p>",GOODDEGG,Furniture > Furniture Sets > Bedroom Furniture Sets,Bedroom Set,"Furniture of America, Quick Ship Furniture, New Arrival, Indoor Furniture, 2026",TRUE,Color,Blue/Dark Brown,,,,,,,,FM7171BL-T-5PC-2NS,204343,shopify,20,deny,manual,2307,,TRUE,FALSE,,,,,,https://cdn.shopify.com/s/files/1/0268/6749/9079/files/FM7171BL-1-Z.jpg,1,pinetop-5-pc-bedroom-set-w-2ns,FALSE,PINETOP 5 Pc. Bedroom Set w/2NS,"Shop PINETOP 5 Pc. Bedroom Set w/2NS. Modern Farmhouse style. Solid Pinewood, Birch Veneer build. Multiple colors available. Free shipping. Buy now at GOODDEGG.",FM7171BL-1-Z.jpg,lb,,1059,active
pinetop-5-pc-bedroom-set-w-2ns,,,,,,,,,White/Dark Brown,,,,,,,,FM7171WH-T-5PC-2NS,205341,shopify,20,deny,manual,2307,,TRUE,FALSE,,,,,,https://cdn.shopify.com/s/files/1/0268/6749/9079/files/FM7171WH-1-Z.jpg,2,pinetop-5-pc-bedroom-set-w-2ns,,,,FM7171WH-1-Z.jpg,lb,,1059,
pinetop-5-pc-bedroom-set-w-2ns,,,,,,,,,,,,,,,,,,,,,,,,,,,,,,,,https://cdn.shopify.com/s/files/1/0268/6749/9079/files/FM7171WH-2.jpg,3,pinetop-5-pc-bedroom-set-w-2ns,,,,,,,,
pinetop-5-pc-bedroom-set-w-chest,PINETOP 5 Pc. Bedroom Set w/Chest,"<p><span style=""color:#1e73be;""><strong>FREE SHIPPING</strong></span><br>
Elevate your space with PINETOP, styled in Modern Farmhouse and designed for everyday comfort.<br>
This bedroom bedroom set is made to fit naturally into the room. With Solid Pinewood, Birch Veneer, Metal, Engineered Wood and Blue/Dark Brown or White/Dark Brown tones, it blends structure and softness in one clean profile.<br>
Product Dimensions: Varies by variant (see Variant Details below).<br>
Size: Twin</p>

<p>Features<br>
- Solid Pinewood<br>
- Birch Veneer<br>
- Metal<br>
- Engineered Wood<br>
- Two-Tone Design<br>
- Recessed Panels<br>
- English Front &amp; Back Dovetail Drawers<br>
- Nickel Finish Hardware<br>
- Ball-Bearing Glides<br>
- Foundation Required<br>
<strong>Variant Details</strong><br>
- <strong>Size: Twin | Color: Blue/Dark Brown | Dimensions: 43.5&quot;W X 81&quot;D X 56&quot;H | Weight: 554.1 lbs | Volume: 76.8 cuft</strong><br>
- <strong>Size: Twin | Color: White/Dark Brown | Dimensions: 41&quot;W X 80&quot;D X 56&quot;H | Weight: 558.5 lbs | Volume: 77.2 cuft</strong><br>
</p>

<p>Materials: Solid Pinewood, Birch Veneer, Metal, Engineered Wood.<br>
Color: Blue/Dark Brown or White/Dark Brown<br>
Weight: 554.1 - 558.5 lbs</p>",GOODDEGG,Furniture > Furniture Sets > Bedroom Furniture Sets,Bedroom Set,"Furniture of America, Quick Ship Furniture, New Arrival, Indoor Furniture, 2026",TRUE,Color,Blue/Dark Brown,,,,,,,,FM7171BL-T-5PC-CHEST,251336,shopify,20,deny,manual,2724,,TRUE,FALSE,,,,,,https://cdn.shopify.com/s/files/1/0268/6749/9079/files/FM7171BL-1-Z.jpg,1,pinetop-5-pc-bedroom-set-w-chest,FALSE,PINETOP 5 Pc. Bedroom Set w/Chest,Shop PINETOP 5 Pc. Bedroom Set w/Chest. Multiple colors available. Free shipping from GOODDEGG. Buy now.,FM7171BL-1-Z.jpg,lb,,1178,active
pinetop-5-pc-bedroom-set-w-chest,,,,,,,,,White/Dark Brown,,,,,,,,FM7171WH-T-5PC-CHEST,253331,shopify,20,deny,manual,2724,,TRUE,FALSE,,,,,,https://cdn.shopify.com/s/files/1/0268/6749/9079/files/FM7171WH-1-Z.jpg,2,pinetop-5-pc-bedroom-set-w-chest,,,,FM7171WH-1-Z.jpg,lb,,1178,
pinetop-5-pc-bedroom-set-w-chest,,,,,,,,,,,,,,,,,,,,,,,,,,,,,,,,https://cdn.shopify.com/s/files/1/0268/6749/9079/files/FM7171WH-2.jpg,3,pinetop-5-pc-bedroom-set-w-chest,,,,,,,,
promenade-4-pc-bedroom-set,PROMENADE 4 Pc. Bedroom Set,"<p><span style=""color:#1e73be;""><strong>FREE SHIPPING</strong></span><br>
Elevate your space with PROMENADE, styled in Traditional and designed for everyday comfort.<br>
This bedroom bedroom set is made to fit naturally into the room. With Pinewood, Oak Veneer, Engineered Wood and Wire Brushed White or Espresso tones, it blends structure and softness in one clean profile.<br>
Product Dimensions: 71&quot;W X 91&quot;D X 76&quot;H<br>
Size: Queen</p>

<p>Features<br>
- Pinewood<br>
- Oak Veneer<br>
- Engineered Wood<br>
- Pleated Diamond Button Tufting<br>
- Beveled Mirror<br>
- Ball-Bearing Glide<br>
- Silver Brushed Details<br>
- Ornate Moldings<br>
- USB-A &amp; USB-C on Nightstand<br>
- French Front &amp; English Back Dovetail Drawers<br>
- Felt-Lined Top Drawer<br>
- Foundation Required<br>
<strong>Variant Details</strong><br>
- <strong>Size: Queen | Color: Wire Brushed White | Dimensions: 71&quot;W X 91&quot;D X 76&quot;H | Weight: 722.5 lbs | Volume: 104.8 cuft</strong><br>
- <strong>Size: Queen | Color: Espresso | Dimensions: 71&quot;W X 91&quot;D X 76&quot;H | Weight: 723.2 lbs | Volume: 105.7 cuft</strong><br>
</p>

<p>Materials: Pinewood, Oak Veneer, Engineered Wood.<br>
Color: Wire Brushed White or Espresso<br>
Weight: 722.5 - 723.2 lbs</p>",GOODDEGG,Furniture > Furniture Sets > Bedroom Furniture Sets,Bedroom Set,"Furniture of America, Quick Ship Furniture, New Arrival, Indoor Furniture, 2026",TRUE,Color,Wire Brushed White,,,,,,,,FM70001WH-Q-4PC,327720,shopify,20,deny,manual,4107,,TRUE,FALSE,,,,,,https://cdn.shopify.com/s/files/1/0268/6749/9079/files/FM70001WH-1-Z.jpg,1,promenade-4-pc-bedroom-set,FALSE,PROMENADE 4 Pc. Bedroom Set,"Shop PROMENADE 4 Pc. Bedroom Set. Traditional style. Pinewood, Oak Veneer build. Multiple colors available. Free shipping. Buy now at GOODDEGG.",FM70001WH-1-Z.jpg,lb,,1749,active
promenade-4-pc-bedroom-set,,,,,,,,,Espresso,,,,,,,,FM70002DB-Q-4PC,328038,shopify,20,deny,manual,4107,,TRUE,FALSE,,,,,,https://cdn.shopify.com/s/files/1/0268/6749/9079/files/FM70001WH-2.jpg,2,promenade-4-pc-bedroom-set,,,,FM70002DB-1-Z.jpg,lb,,1749,
promenade-4-pc-bedroom-set,,,,,,,,,,,,,,,,,,,,,,,,,,,,,,,,https://cdn.shopify.com/s/files/1/0268/6749/9079/files/FM70001WH-3.jpg,3,promenade-4-pc-bedroom-set,,,,,,,,
promenade-4-pc-bedroom-set,,,,,,,,,,,,,,,,,,,,,,,,,,,,,,,,https://cdn.shopify.com/s/files/1/0268/6749/9079/files/FM70001WH-WB-1.jpg,4,promenade-4-pc-bedroom-set,,,,,,,,
promenade-4-pc-bedroom-set,,,,,,,,,,,,,,,,,,,,,,,,,,,,,,,,https://cdn.shopify.com/s/files/1/0268/6749/9079/files/FM70001WH-WB-2.jpg,5,promenade-4-pc-bedroom-set,,,,,,,,
promenade-4-pc-bedroom-set,,,,,,,,,,,,,,,,,,,,,,,,,,,,,,,,https://cdn.shopify.com/s/files/1/0268/6749/9079/files/FM70001WH-WB-3.jpg,6,promenade-4-pc-bedroom-set,,,,,,,,
promenade-4-pc-bedroom-set,,,,,,,,,,,,,,,,,,,,,,,,,,,,,,,,https://cdn.shopify.com/s/files/1/0268/6749/9079/files/FM70001WH-WB-4.jpg,7,promenade-4-pc-bedroom-set,,,,,,,,
promenade-4-pc-bedroom-set,,,,,,,,,,,,,,,,,,,,,,,,,,,,,,,,https://cdn.shopify.com/s/files/1/0268/6749/9079/files/FM70001WH-WB-5.jpg,8,promenade-4-pc-bedroom-set,,,,,,,,
promenade-4-pc-bedroom-set,,,,,,,,,,,,,,,,,,,,,,,,,,,,,,,,https://cdn.shopify.com/s/files/1/0268/6749/9079/files/FM70001WH-WB-6.jpg,9,promenade-4-pc-bedroom-set,,,,,,,,
promenade-4-pc-bedroom-set,,,,,,,,,,,,,,,,,,,,,,,,,,,,,,,,https://cdn.shopify.com/s/files/1/0268/6749/9079/files/FM70002DB-1-Z.jpg,10,promenade-4-pc-bedroom-set,,,,,,,,
promenade-4-pc-bedroom-set,,,,,,,,,,,,,,,,,,,,,,,,,,,,,,,,https://cdn.shopify.com/s/files/1/0268/6749/9079/files/FM70002DB-2.jpg,11,promenade-4-pc-bedroom-set,,,,,,,,
promenade-4-pc-bedroom-set,,,,,,,,,,,,,,,,,,,,,,,,,,,,,,,,https://cdn.shopify.com/s/files/1/0268/6749/9079/files/FM70002DB-3.jpg,12,promenade-4-pc-bedroom-set,,,,,,,,
promenade-4-pc-bedroom-set,,,,,,,,,,,,,,,,,,,,,,,,,,,,,,,,https://cdn.shopify.com/s/files/1/0268/6749/9079/files/FM70002DB-WB-1.jpg,13,promenade-4-pc-bedroom-set,,,,,,,,
promenade-4-pc-bedroom-set,,,,,,,,,,,,,,,,,,,,,,,,,,,,,,,,https://cdn.shopify.com/s/files/1/0268/6749/9079/files/FM70002DB-WB-2.jpg,14,promenade-4-pc-bedroom-set,,,,,,,,
promenade-4-pc-bedroom-set,,,,,,,,,,,,,,,,,,,,,,,,,,,,,,,,https://cdn.shopify.com/s/files/1/0268/6749/9079/files/FM70002DB-WB-3.jpg,15,promenade-4-pc-bedroom-set,,,,,,,,
promenade-4-pc-bedroom-set,,,,,,,,,,,,,,,,,,,,,,,,,,,,,,,,https://cdn.shopify.com/s/files/1/0268/6749/9079/files/FM70002DB-WB-4.jpg,16,promenade-4-pc-bedroom-set,,,,,,,,
promenade-4-pc-bedroom-set,,,,,,,,,,,,,,,,,,,,,,,,,,,,,,,,https://cdn.shopify.com/s/files/1/0268/6749/9079/files/FM70002DB-WB-5.jpg,17,promenade-4-pc-bedroom-set,,,,,,,,
promenade-4-pc-bedroom-set,,,,,,,,,,,,,,,,,,,,,,,,,,,,,,,,https://cdn.shopify.com/s/files/1/0268/6749/9079/files/FM70002DB-WB-6.jpg,18,promenade-4-pc-bedroom-set,,,,,,,,
promenade-4-pc-bedroom-set,,,,,,,,,,,,,,,,,,,,,,,,,,,,,,,,https://cdn.shopify.com/s/files/1/0268/6749/9079/files/FM70002DB-WB-7.jpg,19,promenade-4-pc-bedroom-set,,,,,,,,
promenade-5-pc-bedroom-set-w-2ns,PROMENADE 5 Pc. Bedroom Set w/2NS,"<p><span style=""color:#1e73be;""><strong>FREE SHIPPING</strong></span><br>
Elevate your space with PROMENADE, styled in Traditional and designed for everyday comfort.<br>
This bedroom bedroom set is made to fit naturally into the room. With Pinewood, Oak Veneer, Engineered Wood and Wire Brushed White or Espresso tones, it blends structure and softness in one clean profile.<br>
Product Dimensions: 71&quot;W X 91&quot;D X 76&quot;H<br>
Size: Queen</p>

<p>Features<br>
- Pinewood<br>
- Oak Veneer<br>
- Engineered Wood<br>
- Pleated Diamond Button Tufting<br>
- Beveled Mirror<br>
- Ball-Bearing Glide<br>
- Silver Brushed Details<br>
- Ornate Moldings<br>
- USB-A &amp; USB-C on Nightstand<br>
- French Front &amp; English Back Dovetail Drawers<br>
- Felt-Lined Top Drawer<br>
- Foundation Required<br>
<strong>Variant Details</strong><br>
- <strong>Size: Queen | Color: Wire Brushed White | Dimensions: 71&quot;W X 91&quot;D X 76&quot;H | Weight: 826.5 lbs | Volume: 119.2 cuft</strong><br>
- <strong>Size: Queen | Color: Espresso | Dimensions: 71&quot;W X 91&quot;D X 76&quot;H | Weight: 828.5 lbs | Volume: 120.3 cuft</strong><br>
</p>

<p>Materials: Pinewood, Oak Veneer, Engineered Wood.<br>
Color: Wire Brushed White or Espresso<br>
Weight: 826.5 - 828.5 lbs</p>",GOODDEGG,Furniture > Furniture Sets > Bedroom Furniture Sets,Bedroom Set,"Furniture of America, Quick Ship Furniture, New Arrival, Indoor Furniture, 2026",TRUE,Color,Wire Brushed White,,,,,,,,FM70001WH-Q-5PC-2NS,374894,shopify,20,deny,manual,4767,,TRUE,FALSE,,,,,,https://cdn.shopify.com/s/files/1/0268/6749/9079/files/FM70001WH-1-Z.jpg,1,promenade-5-pc-bedroom-set-w-2ns,FALSE,PROMENADE 5 Pc. Bedroom Set w/2NS,"Shop PROMENADE 5 Pc. Bedroom Set w/2NS. Traditional style. Pinewood, Oak Veneer build. Multiple colors available. Free shipping. Buy now at GOODDEGG.",FM70001WH-1-Z.jpg,lb,,2019,active
promenade-5-pc-bedroom-set-w-2ns,,,,,,,,,Espresso,,,,,,,,FM70002DB-Q-5PC-2NS,375801,shopify,20,deny,manual,4767,,TRUE,FALSE,,,,,,https://cdn.shopify.com/s/files/1/0268/6749/9079/files/FM70001WH-2.jpg,2,promenade-5-pc-bedroom-set-w-2ns,,,,FM70002DB-1-Z.jpg,lb,,2029,
promenade-5-pc-bedroom-set-w-2ns,,,,,,,,,,,,,,,,,,,,,,,,,,,,,,,,https://cdn.shopify.com/s/files/1/0268/6749/9079/files/FM70001WH-3.jpg,3,promenade-5-pc-bedroom-set-w-2ns,,,,,,,,
promenade-5-pc-bedroom-set-w-2ns,,,,,,,,,,,,,,,,,,,,,,,,,,,,,,,,https://cdn.shopify.com/s/files/1/0268/6749/9079/files/FM70001WH-WB-1.jpg,4,promenade-5-pc-bedroom-set-w-2ns,,,,,,,,
promenade-5-pc-bedroom-set-w-2ns,,,,,,,,,,,,,,,,,,,,,,,,,,,,,,,,https://cdn.shopify.com/s/files/1/0268/6749/9079/files/FM70001WH-WB-2.jpg,5,promenade-5-pc-bedroom-set-w-2ns,,,,,,,,
promenade-5-pc-bedroom-set-w-2ns,,,,,,,,,,,,,,,,,,,,,,,,,,,,,,,,https://cdn.shopify.com/s/files/1/0268/6749/9079/files/FM70001WH-WB-3.jpg,6,promenade-5-pc-bedroom-set-w-2ns,,,,,,,,
promenade-5-pc-bedroom-set-w-2ns,,,,,,,,,,,,,,,,,,,,,,,,,,,,,,,,https://cdn.shopify.com/s/files/1/0268/6749/9079/files/FM70001WH-WB-4.jpg,7,promenade-5-pc-bedroom-set-w-2ns,,,,,,,,
promenade-5-pc-bedroom-set-w-2ns,,,,,,,,,,,,,,,,,,,,,,,,,,,,,,,,https://cdn.shopify.com/s/files/1/0268/6749/9079/files/FM70001WH-WB-5.jpg,8,promenade-5-pc-bedroom-set-w-2ns,,,,,,,,
promenade-5-pc-bedroom-set-w-2ns,,,,,,,,,,,,,,,,,,,,,,,,,,,,,,,,https://cdn.shopify.com/s/files/1/0268/6749/9079/files/FM70001WH-WB-6.jpg,9,promenade-5-pc-bedroom-set-w-2ns,,,,,,,,
promenade-5-pc-bedroom-set-w-2ns,,,,,,,,,,,,,,,,,,,,,,,,,,,,,,,,https://cdn.shopify.com/s/files/1/0268/6749/9079/files/FM70002DB-1-Z.jpg,10,promenade-5-pc-bedroom-set-w-2ns,,,,,,,,
promenade-5-pc-bedroom-set-w-2ns,,,,,,,,,,,,,,,,,,,,,,,,,,,,,,,,https://cdn.shopify.com/s/files/1/0268/6749/9079/files/FM70002DB-2.jpg,11,promenade-5-pc-bedroom-set-w-2ns,,,,,,,,
promenade-5-pc-bedroom-set-w-2ns,,,,,,,,,,,,,,,,,,,,,,,,,,,,,,,,https://cdn.shopify.com/s/files/1/0268/6749/9079/files/FM70002DB-3.jpg,12,promenade-5-pc-bedroom-set-w-2ns,,,,,,,,
promenade-5-pc-bedroom-set-w-2ns,,,,,,,,,,,,,,,,,,,,,,,,,,,,,,,,https://cdn.shopify.com/s/files/1/0268/6749/9079/files/FM70002DB-WB-1.jpg,13,promenade-5-pc-bedroom-set-w-2ns,,,,,,,,
promenade-5-pc-bedroom-set-w-2ns,,,,,,,,,,,,,,,,,,,,,,,,,,,,,,,,https://cdn.shopify.com/s/files/1/0268/6749/9079/files/FM70002DB-WB-2.jpg,14,promenade-5-pc-bedroom-set-w-2ns,,,,,,,,
promenade-5-pc-bedroom-set-w-2ns,,,,,,,,,,,,,,,,,,,,,,,,,,,,,,,,https://cdn.shopify.com/s/files/1/0268/6749/9079/files/FM70002DB-WB-3.jpg,15,promenade-5-pc-bedroom-set-w-2ns,,,,,,,,
promenade-5-pc-bedroom-set-w-2ns,,,,,,,,,,,,,,,,,,,,,,,,,,,,,,,,https://cdn.shopify.com/s/files/1/0268/6749/9079/files/FM70002DB-WB-4.jpg,16,promenade-5-pc-bedroom-set-w-2ns,,,,,,,,
promenade-5-pc-bedroom-set-w-2ns,,,,,,,,,,,,,,,,,,,,,,,,,,,,,,,,https://cdn.shopify.com/s/files/1/0268/6749/9079/files/FM70002DB-WB-5.jpg,17,promenade-5-pc-bedroom-set-w-2ns,,,,,,,,
promenade-5-pc-bedroom-set-w-2ns,,,,,,,,,,,,,,,,,,,,,,,,,,,,,,,,https://cdn.shopify.com/s/files/1/0268/6749/9079/files/FM70002DB-WB-6.jpg,18,promenade-5-pc-bedroom-set-w-2ns,,,,,,,,
promenade-5-pc-bedroom-set-w-2ns,,,,,,,,,,,,,,,,,,,,,,,,,,,,,,,,https://cdn.shopify.com/s/files/1/0268/6749/9079/files/FM70002DB-WB-7.jpg,19,promenade-5-pc-bedroom-set-w-2ns,,,,,,,,
promenade-5-pc-bedroom-set-w-chest,PROMENADE 5 Pc. Bedroom Set w/Chest,"<p><span style=""color:#1e73be;""><strong>FREE SHIPPING</strong></span><br>
Elevate your space with PROMENADE, styled in Traditional and designed for everyday comfort.<br>
This bedroom bedroom set is made to fit naturally into the room. With Pinewood, Oak Veneer, Engineered Wood and Wire Brushed White or Espresso tones, it blends structure and softness in one clean profile.<br>
Product Dimensions: 71&quot;W X 91&quot;D X 76&quot;H<br>
Size: Queen</p>

<p>Features<br>
- Pinewood<br>
- Oak Veneer<br>
- Engineered Wood<br>
- Pleated Diamond Button Tufting<br>
- Beveled Mirror<br>
- Ball-Bearing Glide<br>
- Silver Brushed Details<br>
- Ornate Moldings<br>
- USB-A &amp; USB-C on Nightstand<br>
- French Front &amp; English Back Dovetail Drawers<br>
- Felt-Lined Top Drawer<br>
- Foundation Required<br>
<strong>Variant Details</strong><br>
- <strong>Size: Queen | Color: Wire Brushed White | Dimensions: 71&quot;W X 91&quot;D X 76&quot;H | Weight: 925.7 lbs | Volume: 140.6 cuft</strong><br>
- <strong>Size: Queen | Color: Espresso | Dimensions: 71&quot;W X 91&quot;D X 76&quot;H | Weight: 927.4 lbs | Volume: 141.7 cuft</strong><br>
</p>

<p>Materials: Pinewood, Oak Veneer, Engineered Wood.<br>
Color: Wire Brushed White or Espresso<br>
Weight: 925.7 - 927.4 lbs</p>",GOODDEGG,Furniture > Furniture Sets > Bedroom Furniture Sets,Bedroom Set,"Furniture of America, Quick Ship Furniture, New Arrival, Indoor Furniture, 2026",TRUE,Color,Wire Brushed White,,,,,,,,FM70001WH-Q-5PC-C,419890,shopify,20,deny,manual,5454,,TRUE,FALSE,,,,,,https://cdn.shopify.com/s/files/1/0268/6749/9079/files/FM70001WH-1-Z.jpg,1,promenade-5-pc-bedroom-set-w-chest,FALSE,PROMENADE 5 Pc. Bedroom Set w/Chest,"Shop PROMENADE 5 Pc. Bedroom Set w/Chest. Traditional style. Pinewood, Oak Veneer build. Multiple colors available. Free shipping. Buy now at GOODDEGG.",FM70001WH-1-Z.jpg,lb,,2318,active
promenade-5-pc-bedroom-set-w-chest,,,,,,,,,Espresso,,,,,,,,FM70002DB-Q-5PC-C,420662,shopify,20,deny,manual,5454,,TRUE,FALSE,,,,,,https://cdn.shopify.com/s/files/1/0268/6749/9079/files/FM70001WH-2.jpg,2,promenade-5-pc-bedroom-set-w-chest,,,,FM70002DB-1-Z.jpg,lb,,2308,
promenade-5-pc-bedroom-set-w-chest,,,,,,,,,,,,,,,,,,,,,,,,,,,,,,,,https://cdn.shopify.com/s/files/1/0268/6749/9079/files/FM70001WH-3.jpg,3,promenade-5-pc-bedroom-set-w-chest,,,,,,,,
promenade-5-pc-bedroom-set-w-chest,,,,,,,,,,,,,,,,,,,,,,,,,,,,,,,,https://cdn.shopify.com/s/files/1/0268/6749/9079/files/FM70001WH-WB-1.jpg,4,promenade-5-pc-bedroom-set-w-chest,,,,,,,,
promenade-5-pc-bedroom-set-w-chest,,,,,,,,,,,,,,,,,,,,,,,,,,,,,,,,https://cdn.shopify.com/s/files/1/0268/6749/9079/files/FM70001WH-WB-2.jpg,5,promenade-5-pc-bedroom-set-w-chest,,,,,,,,
promenade-5-pc-bedroom-set-w-chest,,,,,,,,,,,,,,,,,,,,,,,,,,,,,,,,https://cdn.shopify.com/s/files/1/0268/6749/9079/files/FM70001WH-WB-3.jpg,6,promenade-5-pc-bedroom-set-w-chest,,,,,,,,
promenade-5-pc-bedroom-set-w-chest,,,,,,,,,,,,,,,,,,,,,,,,,,,,,,,,https://cdn.shopify.com/s/files/1/0268/6749/9079/files/FM70001WH-WB-4.jpg,7,promenade-5-pc-bedroom-set-w-chest,,,,,,,,
promenade-5-pc-bedroom-set-w-chest,,,,,,,,,,,,,,,,,,,,,,,,,,,,,,,,https://cdn.shopify.com/s/files/1/0268/6749/9079/files/FM70001WH-WB-5.jpg,8,promenade-5-pc-bedroom-set-w-chest,,,,,,,,
promenade-5-pc-bedroom-set-w-chest,,,,,,,,,,,,,,,,,,,,,,,,,,,,,,,,https://cdn.shopify.com/s/files/1/0268/6749/9079/files/FM70001WH-WB-6.jpg,9,promenade-5-pc-bedroom-set-w-chest,,,,,,,,
promenade-5-pc-bedroom-set-w-chest,,,,,,,,,,,,,,,,,,,,,,,,,,,,,,,,https://cdn.shopify.com/s/files/1/0268/6749/9079/files/FM70002DB-1-Z.jpg,10,promenade-5-pc-bedroom-set-w-chest,,,,,,,,
promenade-5-pc-bedroom-set-w-chest,,,,,,,,,,,,,,,,,,,,,,,,,,,,,,,,https://cdn.shopify.com/s/files/1/0268/6749/9079/files/FM70002DB-2.jpg,11,promenade-5-pc-bedroom-set-w-chest,,,,,,,,
promenade-5-pc-bedroom-set-w-chest,,,,,,,,,,,,,,,,,,,,,,,,,,,,,,,,https://cdn.shopify.com/s/files/1/0268/6749/9079/files/FM70002DB-3.jpg,12,promenade-5-pc-bedroom-set-w-chest,,,,,,,,
promenade-5-pc-bedroom-set-w-chest,,,,,,,,,,,,,,,,,,,,,,,,,,,,,,,,https://cdn.shopify.com/s/files/1/0268/6749/9079/files/FM70002DB-WB-1.jpg,13,promenade-5-pc-bedroom-set-w-chest,,,,,,,,
promenade-5-pc-bedroom-set-w-chest,,,,,,,,,,,,,,,,,,,,,,,,,,,,,,,,https://cdn.shopify.com/s/files/1/0268/6749/9079/files/FM70002DB-WB-2.jpg,14,promenade-5-pc-bedroom-set-w-chest,,,,,,,,
promenade-5-pc-bedroom-set-w-chest,,,,,,,,,,,,,,,,,,,,,,,,,,,,,,,,https://cdn.shopify.com/s/files/1/0268/6749/9079/files/FM70002DB-WB-3.jpg,15,promenade-5-pc-bedroom-set-w-chest,,,,,,,,
promenade-5-pc-bedroom-set-w-chest,,,,,,,,,,,,,,,,,,,,,,,,,,,,,,,,https://cdn.shopify.com/s/files/1/0268/6749/9079/files/FM70002DB-WB-4.jpg,16,promenade-5-pc-bedroom-set-w-chest,,,,,,,,
promenade-5-pc-bedroom-set-w-chest,,,,,,,,,,,,,,,,,,,,,,,,,,,,,,,,https://cdn.shopify.com/s/files/1/0268/6749/9079/files/FM70002DB-WB-5.jpg,17,promenade-5-pc-bedroom-set-w-chest,,,,,,,,
promenade-5-pc-bedroom-set-w-chest,,,,,,,,,,,,,,,,,,,,,,,,,,,,,,,,https://cdn.shopify.com/s/files/1/0268/6749/9079/files/FM70002DB-WB-6.jpg,18,promenade-5-pc-bedroom-set-w-chest,,,,,,,,
promenade-5-pc-bedroom-set-w-chest,,,,,,,,,,,,,,,,,,,,,,,,,,,,,,,,https://cdn.shopify.com/s/files/1/0268/6749/9079/files/FM70002DB-WB-7.jpg,19,promenade-5-pc-bedroom-set-w-chest,,,,,,,,
raiden-4-pc-bedroom-set,RAIDEN 4 Pc. Bedroom Set,"<p><span style=""color:#1e73be;""><strong>FREE SHIPPING</strong></span><br>
RAIDEN 4 Pc. Bedroom Set completes the bedroom with a relaxed, pulled-together look. As a bedroom bedroom set, it is designed to coordinate with matching pieces. The Transitional character adds definition without feeling heavy. Built from Metal, Solid Wood, Engineered Wood and finished in Gray tones for a clean, cohesive look.<br>
Product Dimensions: 86 1/2""L X 63 3/8""W X 66 7/8""H<br>
Size: Queen</p>

<p>Features<br>
- White LED on Headboard<br>
- 2 USB-A and 1 USB-C Ports on Night Stand<br>
- Ball Bearing Glides<br>
- Bar Handles<br>
- Felt-lined Top & Cedar Bottom Drawers<br>
- Metal Bracket Legs<br>
- Foundation Required Included items and dimensions:<br>
- Nightstand w/ USB: color: Gray; dimensions: 26"" W x 16""D x 26 1 or 2"" H; feature: Transitional<br>
- Dresser: color: Gray; dimensions: 58"" W x 17""D x 34 1 or 2"" H; feature: Transitional</p>

<p>Materials: Metal, Solid Wood, Engineered Wood.<br>
Color: Gray<br>
Weight: 442.2 lbs</p>",GOODDEGG,Furniture > Furniture Sets > Bedroom Furniture Sets,Bedroom Set,"Furniture of America, Quick Ship Furniture, New Arrival, Indoor Furniture, 2026",TRUE,Size,Queen,,,,,,,,CM7468GY-Q-4PC,200579,shopify,20,deny,manual,3207,,TRUE,FALSE,,,,,,https://cdn.shopify.com/s/files/1/0268/6749/9079/files/CM7468GY-1-Z.jpg,1,raiden-4-pc-bedroom-set,FALSE,RAIDEN 4 Pc. Bedroom Set,"Shop RAIDEN 4 Pc. Bedroom Set. Transitional style. Metal, Solid Wood build. Size: Queen. Free shipping. Buy now at GOODDEGG.",CM7468GY-1-Z.jpg,lb,,1279,active
raiden-4-pc-bedroom-set,,,,,,,,,,,,,,,,,,,,,,,,,,,,,,,,https://cdn.shopify.com/s/files/1/0268/6749/9079/files/CM7468GY-2.jpg,2,raiden-4-pc-bedroom-set,,,,,,,,
raiden-4-pc-bedroom-set,,,,,,,,,,,,,,,,,,,,,,,,,,,,,,,,https://cdn.shopify.com/s/files/1/0268/6749/9079/files/CM7468GY-3.jpg,3,raiden-4-pc-bedroom-set,,,,,,,,
raiden-4-pc-bedroom-set,,,,,,,,,,,,,,,,,,,,,,,,,,,,,,,,https://cdn.shopify.com/s/files/1/0268/6749/9079/files/CM7468GY-4.jpg,4,raiden-4-pc-bedroom-set,,,,,,,,
raiden-5-pc-bedroom-set-w-2ns,RAIDEN 5 Pc. Bedroom Set w/ 2NS,"<p><span style=""color:#1e73be;""><strong>FREE SHIPPING</strong></span><br>
RAIDEN 5 Pc. Bedroom Set w/ 2NS brings a restful, finished feel to the bedroom. This bedroom bedroom set is made to fit naturally into the room. A Transitional profile gives the space a refined, approachable look. Crafted with Metal, Solid Wood, Engineered Wood, then finished in Gray tones to suit a range of interiors.<br>
Product Dimensions: 86 1/2""L X 63 3/8""W X 66 7/8""H<br>
Size: Queen</p>

<p>Features<br>
- White LED on Headboard<br>
- 2 USB-A and 1 USB-C Ports on Night Stand<br>
- Ball Bearing Glides<br>
- Bar Handles<br>
- Felt-lined Top & Cedar Bottom Drawers<br>
- Metal Bracket Legs<br>
- Foundation Required Included items and dimensions:<br>
- Nightstand w/ USB: color: Gray; dimensions: 26"" W x 16""D x 26 1 or 2"" H; feature: Transitional<br>
- Dresser: color: Gray; dimensions: 58"" W x 17""D x 34 1 or 2"" H; feature: Transitional</p>

<p>Materials: Metal, Solid Wood, Engineered Wood.<br>
Color: Gray<br>
Weight: 504.9 lbs</p>",GOODDEGG,Furniture > Furniture Sets > Bedroom Furniture Sets,Bedroom Set,"Furniture of America, Quick Ship Furniture, New Arrival, Indoor Furniture, 2026",TRUE,Size,Queen,,,,,,,,CM7468GY-Q-5PC-2NS,229019,shopify,20,deny,manual,3627,,TRUE,FALSE,,,,,,https://cdn.shopify.com/s/files/1/0268/6749/9079/files/CM7468GY-1-Z.jpg,1,raiden-5-pc-bedroom-set-w-2ns,FALSE,RAIDEN 5 Pc. Bedroom Set w/ 2NS,"Shop RAIDEN 5 Pc. Bedroom Set w/ 2NS. Transitional style. Metal, Solid Wood build. Size: Queen. Free shipping. Buy now at GOODDEGG.",CM7468GY-1-Z.jpg,lb,,1449,active
raiden-5-pc-bedroom-set-w-2ns,,,,,,,,,,,,,,,,,,,,,,,,,,,,,,,,https://cdn.shopify.com/s/files/1/0268/6749/9079/files/CM7468GY-2.jpg,2,raiden-5-pc-bedroom-set-w-2ns,,,,,,,,
raiden-5-pc-bedroom-set-w-2ns,,,,,,,,,,,,,,,,,,,,,,,,,,,,,,,,https://cdn.shopify.com/s/files/1/0268/6749/9079/files/CM7468GY-3.jpg,3,raiden-5-pc-bedroom-set-w-2ns,,,,,,,,
raiden-5-pc-bedroom-set-w-2ns,,,,,,,,,,,,,,,,,,,,,,,,,,,,,,,,https://cdn.shopify.com/s/files/1/0268/6749/9079/files/CM7468GY-4.jpg,4,raiden-5-pc-bedroom-set-w-2ns,,,,,,,,
raiden-5-pc-bedroom-set-w-chest,RAIDEN 5 Pc. Bedroom Set w/ Chest,"<p><span style=""color:#1e73be;""><strong>FREE SHIPPING</strong></span><br>
Create a calm, coordinated retreat with RAIDEN 5 Pc. Bedroom Set w/ Chest. Designed as a bedroom bedroom set, it pairs easily with surrounding decor. Its Transitional styling keeps the room feeling polished yet comfortable. With Metal, Solid Wood, Engineered Wood construction and Gray tones, it blends durability with visual warmth.<br>
Product Dimensions: 86 1/2""L X 63 3/8""W X 66 7/8""H<br>
Size: Queen</p>

<p>Features<br>
- White LED on Headboard<br>
- 2 USB-A and 1 USB-C Ports on Night Stand<br>
- Ball Bearing Glides<br>
- Bar Handles<br>
- Felt-lined Top & Cedar Bottom Drawers<br>
- Metal Bracket Legs<br>
- Foundation Required Included items and dimensions:<br>
- Nightstand w/ USB: color: Gray; dimensions: 26"" W x 16""D x 26 1 or 2"" H; feature: Transitional<br>
- Dresser: color: Gray; dimensions: 58"" W x 17""D x 34 1 or 2"" H; feature: Transitional<br>
- Chest: color: Gray; dimensions: 35 5 or 8"" W x 17""D x 51 1 or 2"" H; feature: Transitional</p>

<p>Materials: Metal, Solid Wood, Engineered Wood.<br>
Color: Gray<br>
Weight: 605 lbs</p>",GOODDEGG,Furniture > Furniture Sets > Bedroom Furniture Sets,Bedroom Set,"Furniture of America, Quick Ship Furniture, New Arrival, Indoor Furniture, 2026",TRUE,Size,Queen,,,,,,,,CM7468GY-Q-5PC-CHEST,274423,shopify,20,deny,manual,3984,,TRUE,FALSE,,,,,,https://cdn.shopify.com/s/files/1/0268/6749/9079/files/CM7468GY-1-Z.jpg,1,raiden-5-pc-bedroom-set-w-chest,FALSE,RAIDEN 5 Pc. Bedroom Set w/ Chest,"Shop RAIDEN 5 Pc. Bedroom Set w/ Chest. Transitional style. Metal, Solid Wood build. Size: Queen. Free shipping. Buy now at GOODDEGG.",CM7468GY-1-Z.jpg,lb,,1599,active
raiden-5-pc-bedroom-set-w-chest,,,,,,,,,,,,,,,,,,,,,,,,,,,,,,,,https://cdn.shopify.com/s/files/1/0268/6749/9079/files/CM7468GY-2.jpg,2,raiden-5-pc-bedroom-set-w-chest,,,,,,,,
raiden-5-pc-bedroom-set-w-chest,,,,,,,,,,,,,,,,,,,,,,,,,,,,,,,,https://cdn.shopify.com/s/files/1/0268/6749/9079/files/CM7468GY-3.jpg,3,raiden-5-pc-bedroom-set-w-chest,,,,,,,,
raiden-5-pc-bedroom-set-w-chest,,,,,,,,,,,,,,,,,,,,,,,,,,,,,,,,https://cdn.shopify.com/s/files/1/0268/6749/9079/files/CM7468GY-4.jpg,4,raiden-5-pc-bedroom-set-w-chest,,,,,,,,
rainier-4-pc-bedroom-set-panel-hb,RAINIER 4 Pc. Bedroom Set (Panel HB),"<p><span style=""color:#1e73be;""><strong>FREE SHIPPING</strong></span><br>
RAINIER 4 Pc. Bedroom Set (Panel HB) completes the bedroom with a relaxed, pulled-together look. As a bedroom bedroom set, it is designed to coordinate with matching pieces.<br>
Product Dimensions: 62.5""W X 86.5""D X 54""H<br>
Size: Queen Included items and dimensions:<br>
- Nightstand: color: Gray; dimensions: 25"" W x 15.5""D x 26.5"" H; feature: Contemporary<br>
- Dresser: color: Gray; dimensions: 61"" W x 15.5""D x 35"" H; feature: Contemporary<br>
Weight: 368.17 lbs</p>",GOODDEGG,Furniture > Furniture Sets > Bedroom Furniture Sets,Bedroom Set,"Furniture of America, Quick Ship Furniture, New Arrival, Indoor Furniture, 2026",TRUE,Size,Queen,,,,,,,,FM72002GY-Q-4PC,166999,shopify,20,deny,manual,1647,,TRUE,FALSE,,,,,,https://cdn.shopify.com/s/files/1/0268/6749/9079/files/FM72002GY-1.jpg,1,rainier-4-pc-bedroom-set-panel-hb,FALSE,RAINIER 4 Pc. Bedroom Set (Panel HB),Shop RAINIER 4 Pc. Bedroom Set (Panel HB). Size: Queen. Free shipping. Buy now at GOODDEGG.,FM72002GY-1.jpg,lb,,699,active
rainier-4-pc-bedroom-set-panel-hb,,,,,,,,,,,,,,,,,,,,,,,,,,,,,,,,https://cdn.shopify.com/s/files/1/0268/6749/9079/files/FM72002GY-2.jpg,2,rainier-4-pc-bedroom-set-panel-hb,,,,,,,,
rainier-4-pc-bedroom-set-panel-hb,,,,,,,,,,,,,,,,,,,,,,,,,,,,,,,,https://cdn.shopify.com/s/files/1/0268/6749/9079/files/FM72002GY-3.jpg,3,rainier-4-pc-bedroom-set-panel-hb,,,,,,,,
rainier-4-pc-bedroom-set-panel-hb,,,,,,,,,,,,,,,,,,,,,,,,,,,,,,,,https://cdn.shopify.com/s/files/1/0268/6749/9079/files/FM72002GY-4.jpg,4,rainier-4-pc-bedroom-set-panel-hb,,,,,,,,
rainier-4-pc-bedroom-set-upholstered-hb,RAINIER 4 Pc. Bedroom Set (Upholstered HB),"<p><span style=""color:#1e73be;""><strong>FREE SHIPPING</strong></span><br>
RAINIER 4 Pc. Bedroom Set (Upholstered HB) brings a restful, finished feel to the bedroom. This bedroom bedroom set is made to fit naturally into the room.<br>
Product Dimensions: 62.5""W X 86.5""D X 54""H<br>
Size: Queen Included items and dimensions:<br>
- Nightstand: color: Gray; dimensions: 25"" W x 15.5""D x 26.5"" H; feature: Contemporary<br>
- Dresser: color: Gray; dimensions: 61"" W x 15.5""D x 35"" H; feature: Contemporary<br>
Weight: 368.17 lbs</p>",GOODDEGG,Furniture > Furniture Sets > Bedroom Furniture Sets,Bedroom Set,"Furniture of America, Quick Ship Furniture, New Arrival, Indoor Furniture, 2026",TRUE,Size,Queen,,,,,,,,FM72002GY-Q-U-4PC,166999,shopify,20,deny,manual,1647,,TRUE,FALSE,,,,,,https://cdn.shopify.com/s/files/1/0268/6749/9079/files/FM72002GY-U-1.jpg,1,rainier-4-pc-bedroom-set-upholstered-hb,FALSE,RAINIER 4 Pc. Bedroom Set (Upholstered HB),Shop RAINIER 4 Pc. Bedroom Set (Upholstered HB). Size: Queen. Free shipping. Buy now at GOODDEGG.,FM72002GY-U-1.jpg,lb,,699,active
rainier-4-pc-bedroom-set-upholstered-hb,,,,,,,,,,,,,,,,,,,,,,,,,,,,,,,,https://cdn.shopify.com/s/files/1/0268/6749/9079/files/FM72002GY-U-2.jpg,2,rainier-4-pc-bedroom-set-upholstered-hb,,,,,,,,
rainier-4-pc-bedroom-set-upholstered-hb,,,,,,,,,,,,,,,,,,,,,,,,,,,,,,,,https://cdn.shopify.com/s/files/1/0268/6749/9079/files/FM72002GY-U-3.jpg,3,rainier-4-pc-bedroom-set-upholstered-hb,,,,,,,,
rainier-4-pc-bedroom-set-upholstered-hb,,,,,,,,,,,,,,,,,,,,,,,,,,,,,,,,https://cdn.shopify.com/s/files/1/0268/6749/9079/files/FM72002GY-U-4.jpg,4,rainier-4-pc-bedroom-set-upholstered-hb,,,,,,,,
rainier-5-pc-bedroom-set-w-2ns-panel-hb,RAINIER 5 Pc. Bedroom Set w/ 2NS (Panel HB),"<p><span style=""color:#1e73be;""><strong>FREE SHIPPING</strong></span><br>
Create a calm, coordinated retreat with RAINIER 5 Pc. Bedroom Set w/ 2NS (Panel HB). Designed as a bedroom bedroom set, it pairs easily with surrounding decor.<br>
Product Dimensions: 62.5""W X 86.5""D X 54""H<br>
Size: Queen Included items and dimensions:<br>
- Nightstand: color: Gray; dimensions: 25"" W x 15.5""D x 26.5"" H; feature: Contemporary<br>
- Dresser: color: Gray; dimensions: 61"" W x 15.5""D x 35"" H; feature: Contemporary<br>
Weight: 420.2 lbs</p>",GOODDEGG,Furniture > Furniture Sets > Bedroom Furniture Sets,Bedroom Set,"Furniture of America, Quick Ship Furniture, New Arrival, Indoor Furniture, 2026",TRUE,Size,Queen,,,,,,,,FM72002GY-Q-5PC-2N,190600,shopify,20,deny,manual,1917,,TRUE,FALSE,,,,,,https://cdn.shopify.com/s/files/1/0268/6749/9079/files/FM72002GY-1.jpg,1,rainier-5-pc-bedroom-set-w-2ns-panel-hb,FALSE,RAINIER 5 Pc. Bedroom Set w/ 2NS (Panel HB),Shop RAINIER 5 Pc. Bedroom Set w/ 2NS (Panel HB). Size: Queen. Free shipping. Buy now at GOODDEGG.,FM72002GY-1.jpg,lb,,809,active
rainier-5-pc-bedroom-set-w-2ns-panel-hb,,,,,,,,,,,,,,,,,,,,,,,,,,,,,,,,https://cdn.shopify.com/s/files/1/0268/6749/9079/files/FM72002GY-2.jpg,2,rainier-5-pc-bedroom-set-w-2ns-panel-hb,,,,,,,,
rainier-5-pc-bedroom-set-w-2ns-panel-hb,,,,,,,,,,,,,,,,,,,,,,,,,,,,,,,,https://cdn.shopify.com/s/files/1/0268/6749/9079/files/FM72002GY-3.jpg,3,rainier-5-pc-bedroom-set-w-2ns-panel-hb,,,,,,,,
rainier-5-pc-bedroom-set-w-2ns-panel-hb,,,,,,,,,,,,,,,,,,,,,,,,,,,,,,,,https://cdn.shopify.com/s/files/1/0268/6749/9079/files/FM72002GY-4.jpg,4,rainier-5-pc-bedroom-set-w-2ns-panel-hb,,,,,,,,
rainier-5-pc-bedroom-set-w-2ns-upholstered-hb,RAINIER 5 Pc. Bedroom Set w/ 2NS (Upholstered HB),"<p><span style=""color:#1e73be;""><strong>FREE SHIPPING</strong></span><br>
RAINIER 5 Pc. Bedroom Set w/ 2NS (Upholstered HB) completes the bedroom with a relaxed, pulled-together look. As a bedroom bedroom set, it is designed to coordinate with matching pieces.<br>
Product Dimensions: 62.5""W X 86.5""D X 54""H<br>
Size: Queen Included items and dimensions:<br>
- Nightstand: color: Gray; dimensions: 25"" W x 15.5""D x 26.5"" H; feature: Contemporary<br>
- Dresser: color: Gray; dimensions: 61"" W x 15.5""D x 35"" H; feature: Contemporary<br>
Weight: 420.2 lbs</p>",GOODDEGG,Furniture > Furniture Sets > Bedroom Furniture Sets,Bedroom Set,"Furniture of America, Quick Ship Furniture, New Arrival, Indoor Furniture, 2026",TRUE,Size,Queen,,,,,,,,FM72002GY-Q-U-5PC-2N,190600,shopify,20,deny,manual,1917,,TRUE,FALSE,,,,,,https://cdn.shopify.com/s/files/1/0268/6749/9079/files/FM72002GY-U-1.jpg,1,rainier-5-pc-bedroom-set-w-2ns-upholstered-hb,FALSE,RAINIER 5 Pc. Bedroom Set w/ 2NS (Upholstered HB),Shop RAINIER 5 Pc. Bedroom Set w/ 2NS (Upholstered HB). Size: Queen. Free shipping. Buy now at GOODDEGG.,FM72002GY-U-1.jpg,lb,,809,active
rainier-5-pc-bedroom-set-w-2ns-upholstered-hb,,,,,,,,,,,,,,,,,,,,,,,,,,,,,,,,https://cdn.shopify.com/s/files/1/0268/6749/9079/files/FM72002GY-U-2.jpg,2,rainier-5-pc-bedroom-set-w-2ns-upholstered-hb,,,,,,,,
rainier-5-pc-bedroom-set-w-2ns-upholstered-hb,,,,,,,,,,,,,,,,,,,,,,,,,,,,,,,,https://cdn.shopify.com/s/files/1/0268/6749/9079/files/FM72002GY-U-3.jpg,3,rainier-5-pc-bedroom-set-w-2ns-upholstered-hb,,,,,,,,
rainier-5-pc-bedroom-set-w-2ns-upholstered-hb,,,,,,,,,,,,,,,,,,,,,,,,,,,,,,,,https://cdn.shopify.com/s/files/1/0268/6749/9079/files/FM72002GY-U-4.jpg,4,rainier-5-pc-bedroom-set-w-2ns-upholstered-hb,,,,,,,,
rainier-5-pc-bedroom-set-w-chest-panel-hb,RAINIER 5 Pc. Bedroom Set w/ Chest (Panel HB),"<p><span style=""color:#1e73be;""><strong>FREE SHIPPING</strong></span><br>
RAINIER 5 Pc. Bedroom Set w/ Chest (Panel HB) brings a restful, finished feel to the bedroom. This bedroom bedroom set is made to fit naturally into the room.<br>
Product Dimensions: 62.5""W X 86.5""D X 54""H<br>
Size: Queen Included items and dimensions:<br>
- Nightstand: color: Gray; dimensions: 25"" W x 15.5""D x 26.5"" H; feature: Contemporary<br>
- Dresser: color: Gray; dimensions: 61"" W x 15.5""D x 35"" H; feature: Contemporary<br>
- Chest: color: Gray; dimensions: 35.5"" W x 15.5""D x 52.5"" H; feature: Contemporary<br>
Weight: 527.45 lbs</p>",GOODDEGG,Furniture > Furniture Sets > Bedroom Furniture Sets,Bedroom Set,"Furniture of America, Quick Ship Furniture, New Arrival, Indoor Furniture, 2026",TRUE,Size,Queen,,,,,,,,FM72002GY-Q-5PC-CHE,239247,shopify,20,deny,manual,2214,,TRUE,FALSE,,,,,,https://cdn.shopify.com/s/files/1/0268/6749/9079/files/FM72002GY-1.jpg,1,rainier-5-pc-bedroom-set-w-chest-panel-hb,FALSE,RAINIER 5 Pc. Bedroom Set w/ Chest (Panel HB),Shop RAINIER 5 Pc. Bedroom Set w/ Chest (Panel HB). Size: Queen. Free shipping. Buy now at GOODDEGG.,FM72002GY-1.jpg,lb,,948,active
rainier-5-pc-bedroom-set-w-chest-panel-hb,,,,,,,,,,,,,,,,,,,,,,,,,,,,,,,,https://cdn.shopify.com/s/files/1/0268/6749/9079/files/FM72002GY-2.jpg,2,rainier-5-pc-bedroom-set-w-chest-panel-hb,,,,,,,,
rainier-5-pc-bedroom-set-w-chest-panel-hb,,,,,,,,,,,,,,,,,,,,,,,,,,,,,,,,https://cdn.shopify.com/s/files/1/0268/6749/9079/files/FM72002GY-3.jpg,3,rainier-5-pc-bedroom-set-w-chest-panel-hb,,,,,,,,
rainier-5-pc-bedroom-set-w-chest-panel-hb,,,,,,,,,,,,,,,,,,,,,,,,,,,,,,,,https://cdn.shopify.com/s/files/1/0268/6749/9079/files/FM72002GY-4.jpg,4,rainier-5-pc-bedroom-set-w-chest-panel-hb,,,,,,,,
rainier-5-pc-bedroom-set-w-chest-upholstered-hb,RAINIER 5 Pc. Bedroom Set w/ Chest (Upholstered HB),"<p><span style=""color:#1e73be;""><strong>FREE SHIPPING</strong></span><br>
Create a calm, coordinated retreat with RAINIER 5 Pc. Bedroom Set w/ Chest (Upholstered HB). Designed as a bedroom bedroom set, it pairs easily with surrounding decor.<br>
Product Dimensions: 62.5""W X 86.5""D X 54""H<br>
Size: Queen Included items and dimensions:<br>
- Nightstand: color: Gray; dimensions: 25"" W x 15.5""D x 26.5"" H; feature: Contemporary<br>
- Dresser: color: Gray; dimensions: 61"" W x 15.5""D x 35"" H; feature: Contemporary<br>
- Chest: color: Gray; dimensions: 35.5"" W x 15.5""D x 52.5"" H; feature: Contemporary<br>
Weight: 527.45 lbs</p>",GOODDEGG,Furniture > Furniture Sets > Bedroom Furniture Sets,Bedroom Set,"Furniture of America, Quick Ship Furniture, New Arrival, Indoor Furniture, 2026",TRUE,Size,Queen,,,,,,,,FM72002GY-Q-U-5PC-CH,239247,shopify,20,deny,manual,2214,,TRUE,FALSE,,,,,,https://cdn.shopify.com/s/files/1/0268/6749/9079/files/FM72002GY-U-1.jpg,1,rainier-5-pc-bedroom-set-w-chest-upholstered-hb,FALSE,RAINIER 5 Pc. Bedroom Set w/ Chest (Upholstered HB),Shop RAINIER 5 Pc. Bedroom Set w/ Chest (Upholstered HB). Size: Queen. Free shipping. Buy now at GOODDEGG.,FM72002GY-U-1.jpg,lb,,948,active
rainier-5-pc-bedroom-set-w-chest-upholstered-hb,,,,,,,,,,,,,,,,,,,,,,,,,,,,,,,,https://cdn.shopify.com/s/files/1/0268/6749/9079/files/FM72002GY-U-2.jpg,2,rainier-5-pc-bedroom-set-w-chest-upholstered-hb,,,,,,,,
rainier-5-pc-bedroom-set-w-chest-upholstered-hb,,,,,,,,,,,,,,,,,,,,,,,,,,,,,,,,https://cdn.shopify.com/s/files/1/0268/6749/9079/files/FM72002GY-U-3.jpg,3,rainier-5-pc-bedroom-set-w-chest-upholstered-hb,,,,,,,,
rainier-5-pc-bedroom-set-w-chest-upholstered-hb,,,,,,,,,,,,,,,,,,,,,,,,,,,,,,,,https://cdn.shopify.com/s/files/1/0268/6749/9079/files/FM72002GY-U-4.jpg,4,rainier-5-pc-bedroom-set-w-chest-upholstered-hb,,,,,,,,
sansom-4-pc-bedroom-set,SANSOM 4 Pc. Bedroom Set,"<p><span style=""color:#1e73be;""><strong>FREE SHIPPING</strong></span><br>
Elevate your space with SANSOM, styled in Glam and designed for everyday comfort.<br>
This bedroom bedroom set is made to fit naturally into the room. With Velvet-Like Fabric, Others and Black or Gray tones, it blends structure and softness in one clean profile.<br>
Product Dimensions: 103 1/2&quot;L X 94&quot;W X 56&quot;H<br>
Size: Queen</p>

<p>Features<br>
- Velvet-Like Fabric<br>
- Others<br>
- Padded Flannelette Fabric<br>
- Wingback Design<br>
- Button Tufted Headboard<br>
- Crystal-Like Acrylic Buttons<br>
- Storage Compartments in Bed Rail and Footboard<br>
- Mattress Ready<br>
- USB Port on each side of Headboard<br>
<strong>Variant Details</strong><br>
- <strong>Size: Queen | Color: Black | Dimensions: 103 1/2&quot;L X 94&quot;W X 56&quot;H | Weight: 591.02 lbs | Volume: 80.8 cuft</strong><br>
- <strong>Size: Queen | Color: Gray | Dimensions: 103 1/2&quot;L X 94&quot;W X 56&quot;H | Weight: 596.2 lbs | Volume: 81.1 cuft</strong><br>
</p>

<p>Materials: Velvet-Like Fabric, Others.<br>
Color: Black or Gray<br>
Weight: 591.02 - 596.2 lbs</p>",GOODDEGG,Furniture > Furniture Sets > Bedroom Furniture Sets,Bedroom Set,"Furniture of America, Quick Ship Furniture, New Arrival, Indoor Furniture, 2026",TRUE,Color,Black,,,,,,,,CM7178BK-Q-4PC,268082,shopify,20,deny,manual,2967,,TRUE,FALSE,,,,,,https://cdn.shopify.com/s/files/1/0268/6749/9079/files/CM7178BK-1-Z.jpg,1,sansom-4-pc-bedroom-set,FALSE,SANSOM 4 Pc. Bedroom Set,"Shop SANSOM 4 Pc. Bedroom Set. Glam style. Velvet-Like Fabric, Others build. Multiple colors available. Free shipping. Buy now at GOODDEGG.",CM7178BK-1-Z.jpg,lb,,1259,active
sansom-4-pc-bedroom-set,,,,,,,,,Gray,,,,,,,,CM7178GY-Q-4PC,270432,shopify,20,deny,manual,2967,,TRUE,FALSE,,,,,,https://cdn.shopify.com/s/files/1/0268/6749/9079/files/CM7178BK-1.jpg,2,sansom-4-pc-bedroom-set,,,,CM7178GY-CM7150GY-1.jpg,lb,,1299,
sansom-4-pc-bedroom-set,,,,,,,,,,,,,,,,,,,,,,,,,,,,,,,,https://cdn.shopify.com/s/files/1/0268/6749/9079/files/CM7178BK-3.jpg,3,sansom-4-pc-bedroom-set,,,,,,,,
sansom-4-pc-bedroom-set,,,,,,,,,,,,,,,,,,,,,,,,,,,,,,,,https://cdn.shopify.com/s/files/1/0268/6749/9079/files/CM7178BK-USB.jpg,4,sansom-4-pc-bedroom-set,,,,,,,,
sansom-4-pc-bedroom-set,,,,,,,,,,,,,,,,,,,,,,,,,,,,,,,,https://cdn.shopify.com/s/files/1/0268/6749/9079/files/CM7178BK-CM7150BK-1.jpg,5,sansom-4-pc-bedroom-set,,,,,,,,
sansom-4-pc-bedroom-set,,,,,,,,,,,,,,,,,,,,,,,,,,,,,,,,https://cdn.shopify.com/s/files/1/0268/6749/9079/files/CM7178BK-2.jpg,6,sansom-4-pc-bedroom-set,,,,,,,,
sansom-4-pc-bedroom-set,,,,,,,,,,,,,,,,,,,,,,,,,,,,,,,,https://cdn.shopify.com/s/files/1/0268/6749/9079/files/CM7178GY-CM7150GY-1.jpg,7,sansom-4-pc-bedroom-set,,,,,,,,
sansom-4-pc-bedroom-set,,,,,,,,,,,,,,,,,,,,,,,,,,,,,,,,https://cdn.shopify.com/s/files/1/0268/6749/9079/files/CM7178GY-3.jpg,8,sansom-4-pc-bedroom-set,,,,,,,,
sansom-4-pc-bedroom-set,,,,,,,,,,,,,,,,,,,,,,,,,,,,,,,,https://cdn.shopify.com/s/files/1/0268/6749/9079/files/CM7178GY-4.jpg,9,sansom-4-pc-bedroom-set,,,,,,,,
sansom-4-pc-bedroom-set,,,,,,,,,,,,,,,,,,,,,,,,,,,,,,,,https://cdn.shopify.com/s/files/1/0268/6749/9079/files/CM7178GY-1-Z.jpg,10,sansom-4-pc-bedroom-set,,,,,,,,
sansom-4-pc-bedroom-set,,,,,,,,,,,,,,,,,,,,,,,,,,,,,,,,https://cdn.shopify.com/s/files/1/0268/6749/9079/files/CM7178GY-USB.jpg,11,sansom-4-pc-bedroom-set,,,,,,,,
sansom-4-pc-bedroom-set,,,,,,,,,,,,,,,,,,,,,,,,,,,,,,,,https://cdn.shopify.com/s/files/1/0268/6749/9079/files/CM7178GY-2.jpg,12,sansom-4-pc-bedroom-set,,,,,,,,
sansom-5-pc-bedroom-set-w-2ns,SANSOM 5 Pc. Bedroom Set w/2NS,"<p><span style=""color:#1e73be;""><strong>FREE SHIPPING</strong></span><br>
Elevate your space with SANSOM, styled in Glam and designed for everyday comfort.<br>
This bedroom bedroom set is made to fit naturally into the room. With Velvet-Like Fabric, Others and Black or Gray tones, it blends structure and softness in one clean profile.<br>
Product Dimensions: 103 1/2&quot;L X 94&quot;W X 56&quot;H<br>
Size: Queen</p>

<p>Features<br>
- Velvet-Like Fabric<br>
- Others<br>
- Padded Flannelette Fabric<br>
- Wingback Design<br>
- Button Tufted Headboard<br>
- Crystal-Like Acrylic Buttons<br>
- Storage Compartments in Bed Rail and Footboard<br>
- Mattress Ready<br>
- USB Port on each side of Headboard<br>
<strong>Variant Details</strong><br>
- <strong>Size: Queen | Color: Black | Dimensions: 103 1/2&quot;L X 94&quot;W X 56&quot;H | Weight: 655.84 lbs | Volume: 90 cuft</strong><br>
- <strong>Size: Queen | Color: Gray | Dimensions: 103 1/2&quot;L X 94&quot;W X 56&quot;H | Weight: 653.4 lbs | Volume: 90.2 cuft</strong><br>
</p>

<p>Materials: Velvet-Like Fabric, Others.<br>
Color: Black or Gray<br>
Weight: 653.4 - 655.84 lbs</p>",GOODDEGG,Furniture > Furniture Sets > Bedroom Furniture Sets,Bedroom Set,"Furniture of America, Quick Ship Furniture, New Arrival, Indoor Furniture, 2026",TRUE,Color,Black,,,,,,,,CM7178BK-Q-5PC-2NS,297484,shopify,20,deny,manual,3267,,TRUE,FALSE,,,,,,https://cdn.shopify.com/s/files/1/0268/6749/9079/files/CM7178BK-1-Z.jpg,1,sansom-5-pc-bedroom-set-w-2ns,FALSE,SANSOM 5 Pc. Bedroom Set w/2NS,"Shop SANSOM 5 Pc. Bedroom Set w/2NS. Glam style. Velvet-Like Fabric, Others build. Multiple colors available. Free shipping. Buy now at GOODDEGG.",CM7178BK-1-Z.jpg,lb,,1389,active
sansom-5-pc-bedroom-set-w-2ns,,,,,,,,,Gray,,,,,,,,CM7178GY-Q-5PC-2NS,296377,shopify,20,deny,manual,3267,,TRUE,FALSE,,,,,,https://cdn.shopify.com/s/files/1/0268/6749/9079/files/CM7178BK-1.jpg,2,sansom-5-pc-bedroom-set-w-2ns,,,,CM7178GY-CM7150GY-1.jpg,lb,,1459,
sansom-5-pc-bedroom-set-w-2ns,,,,,,,,,,,,,,,,,,,,,,,,,,,,,,,,https://cdn.shopify.com/s/files/1/0268/6749/9079/files/CM7178BK-3.jpg,3,sansom-5-pc-bedroom-set-w-2ns,,,,,,,,
sansom-5-pc-bedroom-set-w-2ns,,,,,,,,,,,,,,,,,,,,,,,,,,,,,,,,https://cdn.shopify.com/s/files/1/0268/6749/9079/files/CM7178BK-USB.jpg,4,sansom-5-pc-bedroom-set-w-2ns,,,,,,,,
sansom-5-pc-bedroom-set-w-2ns,,,,,,,,,,,,,,,,,,,,,,,,,,,,,,,,https://cdn.shopify.com/s/files/1/0268/6749/9079/files/CM7178BK-CM7150BK-1.jpg,5,sansom-5-pc-bedroom-set-w-2ns,,,,,,,,
sansom-5-pc-bedroom-set-w-2ns,,,,,,,,,,,,,,,,,,,,,,,,,,,,,,,,https://cdn.shopify.com/s/files/1/0268/6749/9079/files/CM7178BK-2.jpg,6,sansom-5-pc-bedroom-set-w-2ns,,,,,,,,
sansom-5-pc-bedroom-set-w-2ns,,,,,,,,,,,,,,,,,,,,,,,,,,,,,,,,https://cdn.shopify.com/s/files/1/0268/6749/9079/files/CM7178GY-CM7150GY-1.jpg,7,sansom-5-pc-bedroom-set-w-2ns,,,,,,,,
sansom-5-pc-bedroom-set-w-2ns,,,,,,,,,,,,,,,,,,,,,,,,,,,,,,,,https://cdn.shopify.com/s/files/1/0268/6749/9079/files/CM7178GY-3.jpg,8,sansom-5-pc-bedroom-set-w-2ns,,,,,,,,
sansom-5-pc-bedroom-set-w-2ns,,,,,,,,,,,,,,,,,,,,,,,,,,,,,,,,https://cdn.shopify.com/s/files/1/0268/6749/9079/files/CM7178GY-4.jpg,9,sansom-5-pc-bedroom-set-w-2ns,,,,,,,,
sansom-5-pc-bedroom-set-w-2ns,,,,,,,,,,,,,,,,,,,,,,,,,,,,,,,,https://cdn.shopify.com/s/files/1/0268/6749/9079/files/CM7178GY-1-Z.jpg,10,sansom-5-pc-bedroom-set-w-2ns,,,,,,,,
sansom-5-pc-bedroom-set-w-2ns,,,,,,,,,,,,,,,,,,,,,,,,,,,,,,,,https://cdn.shopify.com/s/files/1/0268/6749/9079/files/CM7178GY-USB.jpg,11,sansom-5-pc-bedroom-set-w-2ns,,,,,,,,
sansom-5-pc-bedroom-set-w-2ns,,,,,,,,,,,,,,,,,,,,,,,,,,,,,,,,https://cdn.shopify.com/s/files/1/0268/6749/9079/files/CM7178GY-2.jpg,12,sansom-5-pc-bedroom-set-w-2ns,,,,,,,,
sansom-5-pc-bedroom-set-w-chest,SANSOM 5 Pc. Bedroom Set w/Chest,"<p><span style=""color:#1e73be;""><strong>FREE SHIPPING</strong></span><br>
Elevate your space with SANSOM, styled in Glam and designed for everyday comfort.<br>
This bedroom bedroom set is made to fit naturally into the room. With Velvet-Like Fabric, Others and Black or Gray tones, it blends structure and softness in one clean profile.<br>
Product Dimensions: 103 1/2&quot;L X 94&quot;W X 56&quot;H<br>
Size: Queen</p>

<p>Features<br>
- Velvet-Like Fabric<br>
- Others<br>
- Padded Flannelette Fabric<br>
- Wingback Design<br>
- Button Tufted Headboard<br>
- Crystal-Like Acrylic Buttons<br>
- Storage Compartments in Bed Rail and Footboard<br>
- Mattress Ready<br>
- USB Port on each side of Headboard<br>
<strong>Variant Details</strong><br>
- <strong>Size: Queen | Color: Black | Dimensions: 103 1/2&quot;L X 94&quot;W X 56&quot;H | Weight: 762.97 lbs | Volume: 107.1 cuft</strong><br>
- <strong>Size: Queen | Color: Gray | Dimensions: 103 1/2&quot;L X 94&quot;W X 56&quot;H | Weight: 776.16 lbs | Volume: 107 cuft</strong><br>
</p>

<p>Materials: Velvet-Like Fabric, Others.<br>
Color: Black or Gray<br>
Weight: 762.97 - 776.16 lbs</p>",GOODDEGG,Furniture > Furniture Sets > Bedroom Furniture Sets,Bedroom Set,"Furniture of America, Quick Ship Furniture, New Arrival, Indoor Furniture, 2026",TRUE,Color,Black,,,,,,,,CM7178BK-Q-5PC-CHEST,346077,shopify,20,deny,manual,3684,,TRUE,FALSE,,,,,,https://cdn.shopify.com/s/files/1/0268/6749/9079/files/CM7178BK-1-Z.jpg,1,sansom-5-pc-bedroom-set-w-chest,FALSE,SANSOM 5 Pc. Bedroom Set w/Chest,"Shop SANSOM 5 Pc. Bedroom Set w/Chest. Glam style. Velvet-Like Fabric, Others build. Multiple colors available. Free shipping. Buy now at GOODDEGG.",CM7178BK-1-Z.jpg,lb,,1578,active
sansom-5-pc-bedroom-set-w-chest,,,,,,,,,Gray,,,,,,,,CM7178GY-Q-5PC-CHEST,352060,shopify,20,deny,manual,3684,,TRUE,FALSE,,,,,,https://cdn.shopify.com/s/files/1/0268/6749/9079/files/CM7178BK-1.jpg,2,sansom-5-pc-bedroom-set-w-chest,,,,CM7178GY-CM7150GY-1.jpg,lb,,1599,
sansom-5-pc-bedroom-set-w-chest,,,,,,,,,,,,,,,,,,,,,,,,,,,,,,,,https://cdn.shopify.com/s/files/1/0268/6749/9079/files/CM7178BK-3.jpg,3,sansom-5-pc-bedroom-set-w-chest,,,,,,,,
sansom-5-pc-bedroom-set-w-chest,,,,,,,,,,,,,,,,,,,,,,,,,,,,,,,,https://cdn.shopify.com/s/files/1/0268/6749/9079/files/CM7178BK-USB.jpg,4,sansom-5-pc-bedroom-set-w-chest,,,,,,,,
sansom-5-pc-bedroom-set-w-chest,,,,,,,,,,,,,,,,,,,,,,,,,,,,,,,,https://cdn.shopify.com/s/files/1/0268/6749/9079/files/CM7178BK-CM7150BK-1.jpg,5,sansom-5-pc-bedroom-set-w-chest,,,,,,,,
sansom-5-pc-bedroom-set-w-chest,,,,,,,,,,,,,,,,,,,,,,,,,,,,,,,,https://cdn.shopify.com/s/files/1/0268/6749/9079/files/CM7178BK-2.jpg,6,sansom-5-pc-bedroom-set-w-chest,,,,,,,,
sansom-5-pc-bedroom-set-w-chest,,,,,,,,,,,,,,,,,,,,,,,,,,,,,,,,https://cdn.shopify.com/s/files/1/0268/6749/9079/files/CM7178GY-CM7150GY-1.jpg,7,sansom-5-pc-bedroom-set-w-chest,,,,,,,,
sansom-5-pc-bedroom-set-w-chest,,,,,,,,,,,,,,,,,,,,,,,,,,,,,,,,https://cdn.shopify.com/s/files/1/0268/6749/9079/files/CM7178GY-3.jpg,8,sansom-5-pc-bedroom-set-w-chest,,,,,,,,
sansom-5-pc-bedroom-set-w-chest,,,,,,,,,,,,,,,,,,,,,,,,,,,,,,,,https://cdn.shopify.com/s/files/1/0268/6749/9079/files/CM7178GY-4.jpg,9,sansom-5-pc-bedroom-set-w-chest,,,,,,,,
sansom-5-pc-bedroom-set-w-chest,,,,,,,,,,,,,,,,,,,,,,,,,,,,,,,,https://cdn.shopify.com/s/files/1/0268/6749/9079/files/CM7178GY-1-Z.jpg,10,sansom-5-pc-bedroom-set-w-chest,,,,,,,,
sansom-5-pc-bedroom-set-w-chest,,,,,,,,,,,,,,,,,,,,,,,,,,,,,,,,https://cdn.shopify.com/s/files/1/0268/6749/9079/files/CM7178GY-USB.jpg,11,sansom-5-pc-bedroom-set-w-chest,,,,,,,,
sansom-5-pc-bedroom-set-w-chest,,,,,,,,,,,,,,,,,,,,,,,,,,,,,,,,https://cdn.shopify.com/s/files/1/0268/6749/9079/files/CM7178GY-2.jpg,12,sansom-5-pc-bedroom-set-w-chest,,,,,,,,
sevenoaks-4-pc-bedroom-set,SEVENOAKS 4 Pc. Bedroom Set,"<p><span style=""color:#1e73be;""><strong>FREE SHIPPING</strong></span><br>
SEVENOAKS 4 Pc. Bedroom Set completes the bedroom with a relaxed, pulled-together look. As a bedroom bedroom set, it is designed to coordinate with matching pieces. The Transitional character adds definition without feeling heavy. Finished in Weathered Oak tones, the Solid Wood, build keeps the look polished and practical.<br>
Product Dimensions: BED: 71""W X 90""D X 74""H<br>
Size: Queen</p>

<p>Features<br>
- Panel Headboard<br>
- Dentil Moldings<br>
- Reeded Posts<br>
- Carved Details Included items and dimensions:<br>
- Nightstand: color: Weathered Oak; dimensions: 31"" W x 18""D x 30"" H; feature: Transitional<br>
- Dresser: color: Weathered Oak; dimensions: 67"" W x 19""D x 38"" H; feature: Transitional</p>

<p>Materials: Solid Wood.<br>
Color: Weathered Oak<br>
Weight: 601.85 lbs</p>",GOODDEGG,Furniture > Furniture Sets > Bedroom Furniture Sets,Bedroom Set,"Furniture of America, Quick Ship Furniture, New Arrival, Indoor Furniture, 2026",TRUE,Size,Queen,,,,,,,,FM7418AK-Q-4PC,272995,shopify,20,deny,manual,3957,,TRUE,FALSE,,,,,,https://cdn.shopify.com/s/files/1/0268/6749/9079/files/FM7418AK-1-Z.jpg,1,sevenoaks-4-pc-bedroom-set,FALSE,SEVENOAKS 4 Pc. Bedroom Set,"Shop SEVENOAKS 4 Pc. Bedroom Set. Transitional style. Solid Wood, Others build. Size: Queen. Free shipping. Buy now at GOODDEGG.",FM7418AK-1-Z.jpg,lb,,1659,active
sevenoaks-4-pc-bedroom-set,,,,,,,,,,,,,,,,,,,,,,,,,,,,,,,,https://cdn.shopify.com/s/files/1/0268/6749/9079/files/FM7418AK-2.jpg,2,sevenoaks-4-pc-bedroom-set,,,,,,,,
sevenoaks-4-pc-bedroom-set,,,,,,,,,,,,,,,,,,,,,,,,,,,,,,,,https://cdn.shopify.com/s/files/1/0268/6749/9079/files/FM7418AK-3.jpg,3,sevenoaks-4-pc-bedroom-set,,,,,,,,
sevenoaks-4-pc-bedroom-set,,,,,,,,,,,,,,,,,,,,,,,,,,,,,,,,https://cdn.shopify.com/s/files/1/0268/6749/9079/files/FM7418AK-4.jpg,4,sevenoaks-4-pc-bedroom-set,,,,,,,,
sevenoaks-5-pc-bedroom-set-w-2ns,SEVENOAKS 5 Pc. Bedroom Set w/ 2NS,"<p><span style=""color:#1e73be;""><strong>FREE SHIPPING</strong></span><br>
SEVENOAKS 5 Pc. Bedroom Set w/ 2NS brings a restful, finished feel to the bedroom. This bedroom bedroom set is made to fit naturally into the room. A Transitional profile gives the space a refined, approachable look. Built from Solid Wood, and finished in Weathered Oak tones for a clean, cohesive look.<br>
Product Dimensions: BED: 71""W X 90""D X 74""H<br>
Size: Queen</p>

<p>Features<br>
- Panel Headboard<br>
- Dentil Moldings<br>
- Reeded Posts<br>
- Carved Details Included items and dimensions:<br>
- Nightstand: color: Weathered Oak; dimensions: 31"" W x 18""D x 30"" H; feature: Transitional<br>
- Dresser: color: Weathered Oak; dimensions: 67"" W x 19""D x 38"" H; feature: Transitional</p>

<p>Materials: Solid Wood.<br>
Color: Weathered Oak<br>
Weight: 690.03 lbs</p>",GOODDEGG,Furniture > Furniture Sets > Bedroom Furniture Sets,Bedroom Set,"Furniture of America, Quick Ship Furniture, New Arrival, Indoor Furniture, 2026",TRUE,Size,Queen,,,,,,,,FM7418AK-Q-5PC-2NS,312992,shopify,20,deny,manual,4587,,TRUE,FALSE,,,,,,https://cdn.shopify.com/s/files/1/0268/6749/9079/files/FM7418AK-1-Z.jpg,1,sevenoaks-5-pc-bedroom-set-w-2ns,FALSE,SEVENOAKS 5 Pc. Bedroom Set w/ 2NS,"Shop SEVENOAKS 5 Pc. Bedroom Set w/ 2NS. Transitional style. Solid Wood, Others build. Size: Queen. Free shipping. Buy now at GOODDEGG.",FM7418AK-1-Z.jpg,lb,,1939,active
sevenoaks-5-pc-bedroom-set-w-2ns,,,,,,,,,,,,,,,,,,,,,,,,,,,,,,,,https://cdn.shopify.com/s/files/1/0268/6749/9079/files/FM7418AK-2.jpg,2,sevenoaks-5-pc-bedroom-set-w-2ns,,,,,,,,
sevenoaks-5-pc-bedroom-set-w-2ns,,,,,,,,,,,,,,,,,,,,,,,,,,,,,,,,https://cdn.shopify.com/s/files/1/0268/6749/9079/files/FM7418AK-3.jpg,3,sevenoaks-5-pc-bedroom-set-w-2ns,,,,,,,,
sevenoaks-5-pc-bedroom-set-w-2ns,,,,,,,,,,,,,,,,,,,,,,,,,,,,,,,,https://cdn.shopify.com/s/files/1/0268/6749/9079/files/FM7418AK-4.jpg,4,sevenoaks-5-pc-bedroom-set-w-2ns,,,,,,,,
sevenoaks-5-pc-bedroom-set-w-chest,SEVENOAKS 5 Pc. Bedroom Set w/ Chest,"<p><span style=""color:#1e73be;""><strong>FREE SHIPPING</strong></span><br>
Create a calm, coordinated retreat with SEVENOAKS 5 Pc. Bedroom Set w/ Chest. Designed as a bedroom bedroom set, it pairs easily with surrounding decor. Its Transitional styling keeps the room feeling polished yet comfortable. Crafted with Solid Wood, then finished in Weathered Oak tones to suit a range of interiors.<br>
Product Dimensions: BED: 71""W X 90""D X 74""H<br>
Size: Queen</p>

<p>Features<br>
- Panel Headboard<br>
- Dentil Moldings<br>
- Reeded Posts<br>
- Carved Details Included items and dimensions:<br>
- Nightstand: color: Weathered Oak; dimensions: 31"" W x 18""D x 30"" H; feature: Transitional<br>
- Dresser: color: Weathered Oak; dimensions: 67"" W x 19""D x 38"" H; feature: Transitional</p>

<p>Materials: Solid Wood.<br>
Color: Weathered Oak<br>
Weight: 861.99 lbs</p>",GOODDEGG,Furniture > Furniture Sets > Bedroom Furniture Sets,Bedroom Set,"Furniture of America, Quick Ship Furniture, New Arrival, Indoor Furniture, 2026",TRUE,Size,Queen,,,,,,,,FM7418AK-Q-5PC-CHEST,390992,shopify,20,deny,manual,4974,,TRUE,FALSE,,,,,,https://cdn.shopify.com/s/files/1/0268/6749/9079/files/FM7418AK-1-Z.jpg,1,sevenoaks-5-pc-bedroom-set-w-chest,FALSE,SEVENOAKS 5 Pc. Bedroom Set w/ Chest,"Shop SEVENOAKS 5 Pc. Bedroom Set w/ Chest. Transitional style. Solid Wood, Others build. Size: Queen. Free shipping. Buy now at GOODDEGG.",FM7418AK-1-Z.jpg,lb,,2058,active
sevenoaks-5-pc-bedroom-set-w-chest,,,,,,,,,,,,,,,,,,,,,,,,,,,,,,,,https://cdn.shopify.com/s/files/1/0268/6749/9079/files/FM7418AK-2.jpg,2,sevenoaks-5-pc-bedroom-set-w-chest,,,,,,,,
sevenoaks-5-pc-bedroom-set-w-chest,,,,,,,,,,,,,,,,,,,,,,,,,,,,,,,,https://cdn.shopify.com/s/files/1/0268/6749/9079/files/FM7418AK-3.jpg,3,sevenoaks-5-pc-bedroom-set-w-chest,,,,,,,,
sevenoaks-5-pc-bedroom-set-w-chest,,,,,,,,,,,,,,,,,,,,,,,,,,,,,,,,https://cdn.shopify.com/s/files/1/0268/6749/9079/files/FM7418AK-4.jpg,4,sevenoaks-5-pc-bedroom-set-w-chest,,,,,,,,
sheridan-4-pc-bedroom-set,SHERIDAN 4 Pc. Bedroom Set,"<p><span style=""color:#1e73be;""><strong>FREE SHIPPING</strong></span><br>
SHERIDAN 4 Pc. Bedroom Set completes the bedroom with a relaxed, pulled-together look. As a bedroom bedroom set, it is designed to coordinate with matching pieces. The Contemporary character adds definition without feeling heavy. With Fabric, Solid Rubberwood, Engineered Wood construction and Silver tones, it blends durability with visual warmth.<br>
Product Dimensions: 64""W X 86""D X 62""H<br>
Size: Queen</p>

<p>Features<br>
- Embossed Panels<br>
- Acrylic Handles & Front Legs w/ Back Metal Legs<br>
- Felt-Lined Top Drawer<br>
- Metal Side Glide<br>
- Jewelry Drawer with Felt<br>
- English Dovetails<br>
- Foundation Required Included items and dimensions:<br>
- Nightstand: color: Silver; dimensions: 29.5"" W x 18""D x 27.5"" H; feature: Contemporary<br>
- Dresser: color: Silver; dimensions: 63.5"" W x 18""D x 39"" H; feature: Contemporary</p>

<p>Materials: Fabric, Solid Rubberwood, Engineered Wood.<br>
Color: Silver<br>
Weight: 541.5 lbs</p>",GOODDEGG,Furniture > Furniture Sets > Bedroom Furniture Sets,Bedroom Set,"Furniture of America, Quick Ship Furniture, New Arrival, Indoor Furniture, 2026",TRUE,Size,Queen,,,,,,,,FM72080SV-Q-4PC,245620,shopify,20,deny,manual,3507,,TRUE,FALSE,,,,,,https://cdn.shopify.com/s/files/1/0268/6749/9079/files/FM72080SV-1-Z.jpg,1,sheridan-4-pc-bedroom-set,FALSE,SHERIDAN 4 Pc. Bedroom Set,"Shop SHERIDAN 4 Pc. Bedroom Set. Contemporary style. Fabric, Solid Rubberwood build. Size: Queen. Free shipping. Buy now at GOODDEGG.",FM72080SV-1-Z.jpg,lb,,1439,active
sheridan-4-pc-bedroom-set,,,,,,,,,,,,,,,,,,,,,,,,,,,,,,,,https://cdn.shopify.com/s/files/1/0268/6749/9079/files/FM72080SV-2.jpg,2,sheridan-4-pc-bedroom-set,,,,,,,,
sheridan-4-pc-bedroom-set,,,,,,,,,,,,,,,,,,,,,,,,,,,,,,,,https://cdn.shopify.com/s/files/1/0268/6749/9079/files/FM72080SV-4.jpg,3,sheridan-4-pc-bedroom-set,,,,,,,,
sheridan-4-pc-bedroom-set,,,,,,,,,,,,,,,,,,,,,,,,,,,,,,,,https://cdn.shopify.com/s/files/1/0268/6749/9079/files/FM72080SV-5.jpg,4,sheridan-4-pc-bedroom-set,,,,,,,,
sheridan-4-pc-bedroom-set,,,,,,,,,,,,,,,,,,,,,,,,,,,,,,,,https://cdn.shopify.com/s/files/1/0268/6749/9079/files/FM72080SV-D-2.jpg,5,sheridan-4-pc-bedroom-set,,,,,,,,
sheridan-4-pc-bedroom-set,,,,,,,,,,,,,,,,,,,,,,,,,,,,,,,,https://cdn.shopify.com/s/files/1/0268/6749/9079/files/FM72080SV-N-2.jpg,6,sheridan-4-pc-bedroom-set,,,,,,,,
sheridan-5-pc-bedroom-set-w-2ns,SHERIDAN 5 Pc. Bedroom Set w/ 2NS,"<p><span style=""color:#1e73be;""><strong>FREE SHIPPING</strong></span><br>
SHERIDAN 5 Pc. Bedroom Set w/ 2NS brings a restful, finished feel to the bedroom. This bedroom bedroom set is made to fit naturally into the room. A Contemporary profile gives the space a refined, approachable look. Finished in Silver tones, the Fabric, Solid Rubberwood, Engineered Wood build keeps the look polished and practical.<br>
Product Dimensions: 64""W X 86""D X 62""H<br>
Size: Queen</p>

<p>Features<br>
- Embossed Panels<br>
- Acrylic Handles & Front Legs w/ Back Metal Legs<br>
- Felt-Lined Top Drawer<br>
- Metal Side Glide<br>
- Jewelry Drawer with Felt<br>
- English Dovetails<br>
- Foundation Required Included items and dimensions:<br>
- Nightstand: color: Silver; dimensions: 29.5"" W x 18""D x 27.5"" H; feature: Contemporary<br>
- Dresser: color: Silver; dimensions: 63.5"" W x 18""D x 39"" H; feature: Contemporary</p>

<p>Materials: Fabric, Solid Rubberwood, Engineered Wood.<br>
Color: Silver<br>
Weight: 623.53 lbs</p>",GOODDEGG,Furniture > Furniture Sets > Bedroom Furniture Sets,Bedroom Set,"Furniture of America, Quick Ship Furniture, New Arrival, Indoor Furniture, 2026",TRUE,Size,Queen,,,,,,,,FM72080SV-Q-5PC-2NS,282828,shopify,20,deny,manual,4077,,TRUE,FALSE,,,,,,https://cdn.shopify.com/s/files/1/0268/6749/9079/files/FM72080SV-1-Z.jpg,1,sheridan-5-pc-bedroom-set-w-2ns,FALSE,SHERIDAN 5 Pc. Bedroom Set w/ 2NS,"Shop SHERIDAN 5 Pc. Bedroom Set w/ 2NS. Contemporary style. Fabric, Solid Rubberwood build. Size: Queen. Free shipping. Buy now at GOODDEGG.",FM72080SV-1-Z.jpg,lb,,1669,active
sheridan-5-pc-bedroom-set-w-2ns,,,,,,,,,,,,,,,,,,,,,,,,,,,,,,,,https://cdn.shopify.com/s/files/1/0268/6749/9079/files/FM72080SV-2.jpg,2,sheridan-5-pc-bedroom-set-w-2ns,,,,,,,,
sheridan-5-pc-bedroom-set-w-2ns,,,,,,,,,,,,,,,,,,,,,,,,,,,,,,,,https://cdn.shopify.com/s/files/1/0268/6749/9079/files/FM72080SV-4.jpg,3,sheridan-5-pc-bedroom-set-w-2ns,,,,,,,,
sheridan-5-pc-bedroom-set-w-2ns,,,,,,,,,,,,,,,,,,,,,,,,,,,,,,,,https://cdn.shopify.com/s/files/1/0268/6749/9079/files/FM72080SV-5.jpg,4,sheridan-5-pc-bedroom-set-w-2ns,,,,,,,,
sheridan-5-pc-bedroom-set-w-2ns,,,,,,,,,,,,,,,,,,,,,,,,,,,,,,,,https://cdn.shopify.com/s/files/1/0268/6749/9079/files/FM72080SV-D-2.jpg,5,sheridan-5-pc-bedroom-set-w-2ns,,,,,,,,
sheridan-5-pc-bedroom-set-w-2ns,,,,,,,,,,,,,,,,,,,,,,,,,,,,,,,,https://cdn.shopify.com/s/files/1/0268/6749/9079/files/FM72080SV-N-2.jpg,6,sheridan-5-pc-bedroom-set-w-2ns,,,,,,,,
sheridan-5-pc-bedroom-set-w-chest,SHERIDAN 5 Pc. Bedroom Set w/ Chest,"<p><span style=""color:#1e73be;""><strong>FREE SHIPPING</strong></span><br>
Create a calm, coordinated retreat with SHERIDAN 5 Pc. Bedroom Set w/ Chest. Designed as a bedroom bedroom set, it pairs easily with surrounding decor. Its Contemporary styling keeps the room feeling polished yet comfortable. Built from Fabric, Solid Rubberwood, Engineered Wood and finished in Silver tones for a clean, cohesive look.<br>
Product Dimensions: 64""W X 86""D X 62""H<br>
Size: Queen</p>

<p>Features<br>
- Embossed Panels<br>
- Acrylic Handles & Front Legs w/ Back Metal Legs<br>
- Felt-Lined Top Drawer<br>
- Metal Side Glide<br>
- Jewelry Drawer with Felt<br>
- English Dovetails<br>
- Foundation Required Included items and dimensions:<br>
- Nightstand: color: Silver; dimensions: 29.5"" W x 18""D x 27.5"" H; feature: Contemporary<br>
- Dresser: color: Silver; dimensions: 63.5"" W x 18""D x 39"" H; feature: Contemporary<br>
- Chest: color: Silver; dimensions: 37.5"" W x 18""D x 50"" H; feature: Contemporary</p>

<p>Materials: Fabric, Solid Rubberwood, Engineered Wood.<br>
Color: Silver<br>
Weight: 751.18 lbs</p>",GOODDEGG,Furniture > Furniture Sets > Bedroom Furniture Sets,Bedroom Set,"Furniture of America, Quick Ship Furniture, New Arrival, Indoor Furniture, 2026",TRUE,Size,Queen,,,,,,,,FM72080SV-Q-5PC-C,340730,shopify,20,deny,manual,4464,,TRUE,FALSE,,,,,,https://cdn.shopify.com/s/files/1/0268/6749/9079/files/FM72080SV-1-Z.jpg,1,sheridan-5-pc-bedroom-set-w-chest,FALSE,SHERIDAN 5 Pc. Bedroom Set w/ Chest,"Shop SHERIDAN 5 Pc. Bedroom Set w/ Chest. Contemporary style. Fabric, Solid Rubberwood build. Size: Queen. Free shipping. Buy now at GOODDEGG.",FM72080SV-1-Z.jpg,lb,,1838,active
sheridan-5-pc-bedroom-set-w-chest,,,,,,,,,,,,,,,,,,,,,,,,,,,,,,,,https://cdn.shopify.com/s/files/1/0268/6749/9079/files/FM72080SV-2.jpg,2,sheridan-5-pc-bedroom-set-w-chest,,,,,,,,
sheridan-5-pc-bedroom-set-w-chest,,,,,,,,,,,,,,,,,,,,,,,,,,,,,,,,https://cdn.shopify.com/s/files/1/0268/6749/9079/files/FM72080SV-4.jpg,3,sheridan-5-pc-bedroom-set-w-chest,,,,,,,,
sheridan-5-pc-bedroom-set-w-chest,,,,,,,,,,,,,,,,,,,,,,,,,,,,,,,,https://cdn.shopify.com/s/files/1/0268/6749/9079/files/FM72080SV-C-1.jpg,4,sheridan-5-pc-bedroom-set-w-chest,,,,,,,,
sheridan-5-pc-bedroom-set-w-chest,,,,,,,,,,,,,,,,,,,,,,,,,,,,,,,,https://cdn.shopify.com/s/files/1/0268/6749/9079/files/FM72080SV-D-2.jpg,5,sheridan-5-pc-bedroom-set-w-chest,,,,,,,,
sheridan-5-pc-bedroom-set-w-chest,,,,,,,,,,,,,,,,,,,,,,,,,,,,,,,,https://cdn.shopify.com/s/files/1/0268/6749/9079/files/FM72080SV-N-2.jpg,6,sheridan-5-pc-bedroom-set-w-chest,,,,,,,,
sheringham-4-pc-bedroom-set,SHERINGHAM 4 Pc. Bedroom Set,"<p><span style=""color:#1e73be;""><strong>FREE SHIPPING</strong></span><br>
SHERINGHAM 4 Pc. Bedroom Set completes the bedroom with a relaxed, pulled-together look. As a bedroom bedroom set, it is designed to coordinate with matching pieces. The Transitional character adds definition without feeling heavy. Crafted with Solid Wood, Engineered Wood, Elm Veneer, then finished in Weathered Gray tones to suit a range of interiors.<br>
Product Dimensions: 66""W X 88""D X 60""H<br>
Size: Queen</p>

<p>Features<br>
- Shutter Headboard & Footboard<br>
- Metal Side Glide<br>
- Metal Handle<br>
- Felt-Lined Top Drawers<br>
- French Front & English Back Dovetail Drawers<br>
- Foundation Required Included items and dimensions:<br>
- Nightstand: color: Weathered Gray; dimensions: 26"" W x 18""D x 28"" H; feature: Transitional<br>
- Dresser: color: Weathered Gray; dimensions: 62"" W x 19""D x 38"" H; feature: Transitional</p>

<p>Materials: Solid Wood, Engineered Wood, Elm Veneer.<br>
Color: Weathered Gray<br>
Weight: 466.4 lbs</p>",GOODDEGG,Furniture > Furniture Sets > Bedroom Furniture Sets,Bedroom Set,"Furniture of America, Quick Ship Furniture, New Arrival, Indoor Furniture, 2026",TRUE,Size,Queen,,,,,,,,FM7701BR-Q-4PC,211555,shopify,20,deny,manual,2577,,TRUE,FALSE,,,,,,https://cdn.shopify.com/s/files/1/0268/6749/9079/files/FM7701BR-1-Z.jpg,1,sheringham-4-pc-bedroom-set,FALSE,SHERINGHAM 4 Pc. Bedroom Set,"Shop SHERINGHAM 4 Pc. Bedroom Set. Transitional style. Solid Wood, Engineered Wood build. Size: Queen. Free shipping. Buy now at GOODDEGG.",FM7701BR-1-Z.jpg,lb,,1099,active
sheringham-4-pc-bedroom-set,,,,,,,,,,,,,,,,,,,,,,,,,,,,,,,,https://cdn.shopify.com/s/files/1/0268/6749/9079/files/FM7701BR-2.jpg,2,sheringham-4-pc-bedroom-set,,,,,,,,
sheringham-4-pc-bedroom-set,,,,,,,,,,,,,,,,,,,,,,,,,,,,,,,,https://cdn.shopify.com/s/files/1/0268/6749/9079/files/FM7701BR-C-WB-1.jpg,3,sheringham-4-pc-bedroom-set,,,,,,,,
sheringham-4-pc-bedroom-set,,,,,,,,,,,,,,,,,,,,,,,,,,,,,,,,https://cdn.shopify.com/s/files/1/0268/6749/9079/files/FM7701BR-D-WB-1.jpg,4,sheringham-4-pc-bedroom-set,,,,,,,,
sheringham-5-pc-bedroom-set-w-2ns,SHERINGHAM 5 Pc. Bedroom Set w/ 2NS,"<p><span style=""color:#1e73be;""><strong>FREE SHIPPING</strong></span><br>
SHERINGHAM 5 Pc. Bedroom Set w/ 2NS brings a restful, finished feel to the bedroom. This bedroom bedroom set is made to fit naturally into the room. A Transitional profile gives the space a refined, approachable look. With Solid Wood, Engineered Wood, Elm Veneer construction and Weathered Gray tones, it blends durability with visual warmth.<br>
Product Dimensions: 66""W X 88""D X 60""H<br>
Size: Queen</p>

<p>Features<br>
- Shutter Headboard & Footboard<br>
- Metal Side Glide<br>
- Metal Handle<br>
- Felt-Lined Top Drawers<br>
- French Front & English Back Dovetail Drawers<br>
- Foundation Required Included items and dimensions:<br>
- Nightstand: color: Weathered Gray; dimensions: 26"" W x 18""D x 28"" H; feature: Transitional<br>
- Dresser: color: Weathered Gray; dimensions: 62"" W x 19""D x 38"" H; feature: Transitional</p>

<p>Materials: Solid Wood, Engineered Wood, Elm Veneer.<br>
Color: Weathered Gray<br>
Weight: 530.2 lbs</p>",GOODDEGG,Furniture > Furniture Sets > Bedroom Furniture Sets,Bedroom Set,"Furniture of America, Quick Ship Furniture, New Arrival, Indoor Furniture, 2026",TRUE,Size,Queen,,,,,,,,FM7701BR-Q-5PC-2NS,240495,shopify,20,deny,manual,2997,,TRUE,FALSE,,,,,,https://cdn.shopify.com/s/files/1/0268/6749/9079/files/FM7701BR-1-Z.jpg,1,sheringham-5-pc-bedroom-set-w-2ns,FALSE,SHERINGHAM 5 Pc. Bedroom Set w/ 2NS,"Shop SHERINGHAM 5 Pc. Bedroom Set w/ 2NS. Transitional style. Solid Wood, Engineered Wood build. Size: Queen. Free shipping. Buy now at GOODDEGG.",FM7701BR-1-Z.jpg,lb,,1279,active
sheringham-5-pc-bedroom-set-w-2ns,,,,,,,,,,,,,,,,,,,,,,,,,,,,,,,,https://cdn.shopify.com/s/files/1/0268/6749/9079/files/FM7701BR-2.jpg,2,sheringham-5-pc-bedroom-set-w-2ns,,,,,,,,
sheringham-5-pc-bedroom-set-w-chest,SHERINGHAM 5 Pc. Bedroom Set w/ Chest,"<p><span style=""color:#1e73be;""><strong>FREE SHIPPING</strong></span><br>
Create a calm, coordinated retreat with SHERINGHAM 5 Pc. Bedroom Set w/ Chest. Designed as a bedroom bedroom set, it pairs easily with surrounding decor. Its Transitional styling keeps the room feeling polished yet comfortable. Finished in Weathered Gray tones, the Solid Wood, Engineered Wood, Elm Veneer build keeps the look polished and practical.<br>
Product Dimensions: 66""W X 88""D X 60""H<br>
Size: Queen</p>

<p>Features<br>
- Shutter Headboard & Footboard<br>
- Metal Side Glide<br>
- Metal Handle<br>
- Felt-Lined Top Drawers<br>
- French Front & English Back Dovetail Drawers<br>
- Foundation Required Included items and dimensions:<br>
- Nightstand: color: Weathered Gray; dimensions: 26"" W x 18""D x 28"" H; feature: Transitional<br>
- Dresser: color: Weathered Gray; dimensions: 62"" W x 19""D x 38"" H; feature: Transitional<br>
- Chest: color: Weathered Gray; dimensions: 39"" W x 19""D x 52"" H; feature: Transitional</p>

<p>Materials: Solid Wood, Engineered Wood, Elm Veneer.<br>
Color: Weathered Gray<br>
Weight: 635.8 lbs</p>",GOODDEGG,Furniture > Furniture Sets > Bedroom Furniture Sets,Bedroom Set,"Furniture of America, Quick Ship Furniture, New Arrival, Indoor Furniture, 2026",TRUE,Size,Queen,,,,,,,,FM7701BR-Q-5PC-CHEST,288394,shopify,20,deny,manual,3474,,TRUE,FALSE,,,,,,https://cdn.shopify.com/s/files/1/0268/6749/9079/files/FM7701BR-1-Z.jpg,1,sheringham-5-pc-bedroom-set-w-chest,FALSE,SHERINGHAM 5 Pc. Bedroom Set w/ Chest,"Shop SHERINGHAM 5 Pc. Bedroom Set w/ Chest. Transitional style. Solid Wood, Engineered Wood build. Size: Queen. Free shipping. Buy now at GOODDEGG.",FM7701BR-1-Z.jpg,lb,,1498,active
sheringham-5-pc-bedroom-set-w-chest,,,,,,,,,,,,,,,,,,,,,,,,,,,,,,,,https://cdn.shopify.com/s/files/1/0268/6749/9079/files/FM7701BR-2.jpg,2,sheringham-5-pc-bedroom-set-w-chest,,,,,,,,
sinistra-4-pc-bedroom-set,SINISTRA 4 Pc. Bedroom Set,"<p><span style=""color:#1e73be;""><strong>FREE SHIPPING</strong></span><br>
Elevate your space with SINISTRA, styled in Contemporary and designed for everyday comfort.<br>
This bedroom bedroom set is made to fit naturally into the room. With Metal, Engineered Wood, Others and Light Taupe or Piano Black or White tones, it blends structure and softness in one clean profile.<br>
Product Dimensions: BED: 63.5&quot;W X 83&quot;D X 49.5&quot;H<br>
Size: Queen</p>

<p>Features<br>
- Metal<br>
- Engineered Wood<br>
- Others<br>
- LED on Headboard<br>
- Chrome Legs<br>
- Vertical Chrome Handles<br>
- UV Finish<br>
<strong>Variant Details</strong><br>
- <strong>Size: Queen | Color: Light Taupe | Dimensions: BED: 63.5&quot;W X 83&quot;D X 49.5&quot;H | Weight: 394.82 lbs | Volume: 43.1 cuft</strong><br>
- <strong>Size: Queen | Color: Piano Black | Dimensions: - | Weight: 400.5 lbs | Volume: 44.6 cuft</strong><br>
- <strong>Size: Queen | Color: White | Dimensions: - | Weight: 400.62 lbs | Volume: 43.2 cuft</strong><br>
</p>

<p>Materials: Metal, Engineered Wood, Others.<br>
Color: Light Taupe or Piano Black or White<br>
Weight: 394.82 - 400.62 lbs</p>",GOODDEGG,Furniture > Furniture Sets > Bedroom Furniture Sets,Bedroom Set,"Furniture of America, Quick Ship Furniture, New Arrival, Indoor Furniture, 2026",TRUE,Color,Light Taupe,,,,,,,,FM7211BG-Q-4PC,179087,shopify,20,deny,manual,1917,,TRUE,FALSE,,,,,,https://cdn.shopify.com/s/files/1/0268/6749/9079/files/FM7211BG-1-Z.jpg,1,sinistra-4-pc-bedroom-set,FALSE,SINISTRA 4 Pc. Bedroom Set,"Shop SINISTRA 4 Pc. Bedroom Set. Contemporary style. Metal, Engineered Wood build. Multiple colors available. Free shipping. Buy now at GOODDEGG.",FM7211BG-1-Z.jpg,lb,,799,active
sinistra-4-pc-bedroom-set,,,,,,,,,Piano Black,,,,,,,,FM7211BK-Q-4PC,181664,shopify,20,deny,manual,1917,,TRUE,FALSE,,,,,,https://cdn.shopify.com/s/files/1/0268/6749/9079/files/FM7211BG-WB-1.jpg,2,sinistra-4-pc-bedroom-set,,,,FM7211BK-1-Z.jpg,lb,,799,
sinistra-4-pc-bedroom-set,,,,,,,,,White,,,,,,,,FM7211WH-Q-4PC,181718,shopify,20,deny,manual,1917,,TRUE,FALSE,,,,,,https://cdn.shopify.com/s/files/1/0268/6749/9079/files/FM7211BK-1-Z.jpg,3,sinistra-4-pc-bedroom-set,,,,FM7211WH-1-Z.jpg,lb,,799,
sinistra-4-pc-bedroom-set,,,,,,,,,,,,,,,,,,,,,,,,,,,,,,,,https://cdn.shopify.com/s/files/1/0268/6749/9079/files/FM7211BK-WB-1.jpg,4,sinistra-4-pc-bedroom-set,,,,,,,,
sinistra-4-pc-bedroom-set,,,,,,,,,,,,,,,,,,,,,,,,,,,,,,,,https://cdn.shopify.com/s/files/1/0268/6749/9079/files/FM7211WH-1-Z.jpg,5,sinistra-4-pc-bedroom-set,,,,,,,,
sinistra-4-pc-bedroom-set,,,,,,,,,,,,,,,,,,,,,,,,,,,,,,,,https://cdn.shopify.com/s/files/1/0268/6749/9079/files/FM7211WH-WB-1.jpg,6,sinistra-4-pc-bedroom-set,,,,,,,,
sinistra-5-pc-bedroom-set-w-2ns,SINISTRA 5 Pc. Bedroom Set w/2NS,"<p><span style=""color:#1e73be;""><strong>FREE SHIPPING</strong></span><br>
Elevate your space with SINISTRA, styled in Contemporary and designed for everyday comfort.<br>
This bedroom bedroom set is made to fit naturally into the room. With Metal, Engineered Wood, Others and Light Taupe or Piano Black or White tones, it blends structure and softness in one clean profile.<br>
Product Dimensions: Varies by variant (see Variant Details below).<br>
Size: Queen</p>

<p>Features<br>
- Metal<br>
- Engineered Wood<br>
- Others<br>
- LED on Headboard<br>
- Chrome Legs<br>
- Vertical Chrome Handles<br>
- UV Finish<br>
<strong>Variant Details</strong><br>
- <strong>Size: Queen | Color: Light Taupe | Dimensions: BED: 63.5&quot;W X 83&quot;D X 49.5&quot;H | Weight: 453.44 lbs | Volume: 49.4 cuft</strong><br>
- <strong>Size: Queen | Color: Piano Black | Dimensions: . | Weight: 459.9 lbs | Volume: 50.9 cuft</strong><br>
- <strong>Size: Queen | Color: White | Dimensions: . | Weight: 459.24 lbs | Volume: 49.5 cuft</strong><br>
</p>

<p>Materials: Metal, Engineered Wood, Others.<br>
Color: Light Taupe or Piano Black or White<br>
Weight: 453.44 - 459.9 lbs</p>",GOODDEGG,Furniture > Furniture Sets > Bedroom Furniture Sets,Bedroom Set,"Furniture of America, Quick Ship Furniture, New Arrival, Indoor Furniture, 2026",TRUE,Color,Light Taupe,,,,,,,,FM7211BG-Q-5PC-2NS,205677,shopify,20,deny,manual,2247,,TRUE,FALSE,,,,,,https://cdn.shopify.com/s/files/1/0268/6749/9079/files/FM7211BG-1-Z.jpg,1,sinistra-5-pc-bedroom-set-w-2ns,FALSE,SINISTRA 5 Pc. Bedroom Set w/2NS,"Shop SINISTRA 5 Pc. Bedroom Set w/2NS. Contemporary style. Metal, Engineered Wood build. Multiple colors available. Free shipping. Buy now at GOODDEGG.",FM7211BG-1-Z.jpg,lb,,939,active
sinistra-5-pc-bedroom-set-w-2ns,,,,,,,,,Piano Black,,,,,,,,FM7211BK-Q-5PC-2NS,208607,shopify,20,deny,manual,2247,,TRUE,FALSE,,,,,,https://cdn.shopify.com/s/files/1/0268/6749/9079/files/FM7211BG-WB-1.jpg,2,sinistra-5-pc-bedroom-set-w-2ns,,,,FM7211BK-1-Z.jpg,lb,,939,
sinistra-5-pc-bedroom-set-w-2ns,,,,,,,,,White,,,,,,,,FM7211WH-Q-5PC-2NS,208308,shopify,20,deny,manual,2247,,TRUE,FALSE,,,,,,https://cdn.shopify.com/s/files/1/0268/6749/9079/files/FM7211BK-1-Z.jpg,3,sinistra-5-pc-bedroom-set-w-2ns,,,,FM7211WH-1-Z.jpg,lb,,939,
sinistra-5-pc-bedroom-set-w-2ns,,,,,,,,,,,,,,,,,,,,,,,,,,,,,,,,https://cdn.shopify.com/s/files/1/0268/6749/9079/files/FM7211BK-WB-1.jpg,4,sinistra-5-pc-bedroom-set-w-2ns,,,,,,,,
sinistra-5-pc-bedroom-set-w-2ns,,,,,,,,,,,,,,,,,,,,,,,,,,,,,,,,https://cdn.shopify.com/s/files/1/0268/6749/9079/files/FM7211WH-1-Z.jpg,5,sinistra-5-pc-bedroom-set-w-2ns,,,,,,,,
sinistra-5-pc-bedroom-set-w-2ns,,,,,,,,,,,,,,,,,,,,,,,,,,,,,,,,https://cdn.shopify.com/s/files/1/0268/6749/9079/files/FM7211WH-WB-1.jpg,6,sinistra-5-pc-bedroom-set-w-2ns,,,,,,,,
sinistra-5-pc-bedroom-set-w-chest,SINISTRA 5 Pc. Bedroom Set w/Chest,"<p><span style=""color:#1e73be;""><strong>FREE SHIPPING</strong></span><br>
Elevate your space with SINISTRA, styled in Contemporary and designed for everyday comfort.<br>
This bedroom bedroom set is made to fit naturally into the room. With Metal, Engineered Wood, Others and Light Taupe or Piano Black or White tones, it blends structure and softness in one clean profile.<br>
Product Dimensions: Varies by variant (see Variant Details below).<br>
Size: Queen</p>

<p>Features<br>
- Metal<br>
- Engineered Wood<br>
- Others<br>
- LED on Headboard<br>
- Chrome Legs<br>
- Vertical Chrome Handles<br>
- UV Finish<br>
<strong>Variant Details</strong><br>
- <strong>Size: Queen | Color: Light Taupe | Dimensions: BED: 63.5&quot;W X 83&quot;D X 49.5&quot;H | Weight: 568.93 lbs | Volume: 64.2 cuft</strong><br>
- <strong>Size: Queen | Color: Piano Black | Dimensions: . | Weight: 554.5 lbs | Volume: 65.7 cuft</strong><br>
- <strong>Size: Queen | Color: White | Dimensions: . | Weight: 575.61 lbs | Volume: 64.2 cuft</strong><br>
</p>

<p>Materials: Metal, Engineered Wood, Others.<br>
Color: Light Taupe or Piano Black or White<br>
Weight: 554.5 - 575.61 lbs</p>",GOODDEGG,Furniture > Furniture Sets > Bedroom Furniture Sets,Bedroom Set,"Furniture of America, Quick Ship Furniture, New Arrival, Indoor Furniture, 2026",TRUE,Color,Light Taupe,,,,,,,,FM7211BG-Q-5PC-CHEST,258062,shopify,20,deny,manual,2664,,TRUE,FALSE,,,,,,https://cdn.shopify.com/s/files/1/0268/6749/9079/files/FM7211BG-1-Z.jpg,1,sinistra-5-pc-bedroom-set-w-chest,FALSE,SINISTRA 5 Pc. Bedroom Set w/Chest,"Shop SINISTRA 5 Pc. Bedroom Set w/Chest. Contemporary style. Metal, Engineered Wood build. Multiple colors available. Free shipping. Buy now at GOODDEGG.",FM7211BG-1-Z.jpg,lb,,1138,active
sinistra-5-pc-bedroom-set-w-chest,,,,,,,,,Piano Black,,,,,,,,FM7211BK-Q-5PC-CHEST,251517,shopify,20,deny,manual,2664,,TRUE,FALSE,,,,,,https://cdn.shopify.com/s/files/1/0268/6749/9079/files/FM7211BG-WB-1.jpg,2,sinistra-5-pc-bedroom-set-w-chest,,,,FM7211BK-1-Z.jpg,lb,,1138,
sinistra-5-pc-bedroom-set-w-chest,,,,,,,,,White,,,,,,,,FM7211WH-Q-5PC-CHEST,261092,shopify,20,deny,manual,2664,,TRUE,FALSE,,,,,,https://cdn.shopify.com/s/files/1/0268/6749/9079/files/FM7211BK-1-Z.jpg,3,sinistra-5-pc-bedroom-set-w-chest,,,,FM7211WH-1-Z.jpg,lb,,1138,
sinistra-5-pc-bedroom-set-w-chest,,,,,,,,,,,,,,,,,,,,,,,,,,,,,,,,https://cdn.shopify.com/s/files/1/0268/6749/9079/files/FM7211BK-WB-1.jpg,4,sinistra-5-pc-bedroom-set-w-chest,,,,,,,,
sinistra-5-pc-bedroom-set-w-chest,,,,,,,,,,,,,,,,,,,,,,,,,,,,,,,,https://cdn.shopify.com/s/files/1/0268/6749/9079/files/FM7211WH-1-Z.jpg,5,sinistra-5-pc-bedroom-set-w-chest,,,,,,,,
sinistra-5-pc-bedroom-set-w-chest,,,,,,,,,,,,,,,,,,,,,,,,,,,,,,,,https://cdn.shopify.com/s/files/1/0268/6749/9079/files/FM7211WH-WB-1.jpg,6,sinistra-5-pc-bedroom-set-w-chest,,,,,,,,
stathelle-4-pc-bedroom-set,STATHELLE 4 Pc. Bedroom Set,"<p><span style=""color:#1e73be;""><strong>FREE SHIPPING</strong></span><br>
STATHELLE 4 Pc. Bedroom Set completes the bedroom with a relaxed, pulled-together look. As a bedroom bedroom set, it is designed to coordinate with matching pieces. The Mid-Century Modern character adds definition without feeling heavy. Crafted with Solid Wood, Veneer, Engineered Wood, then finished in Walnut tones to suit a range of interiors.<br>
Product Dimensions: 63.58""L X 85.24""W X 41.34""H<br>
Size: Queen</p>

<p>Features<br>
- Platform Bed<br>
- Panel Headboard<br>
- Tapered Angled Leg<br>
- Nickel Bar Pulls on Case Goods<br>
- Anti-Tip Interlock System<br>
- Mattress Ready Included items and dimensions:<br>
- Nightstand: color: Walnut; dimensions: 23"" W x 15.5""D x 22"" H; feature: Mid-Century Modern<br>
- Dresser: color: Walnut; dimensions: 47"" W x 17.5""D x 32.5"" H; feature: Mid-Century Modern</p>

<p>Materials: Solid Wood, Veneer, Engineered Wood.<br>
Color: Walnut<br>
Weight: 379.83 lbs</p>",GOODDEGG,Furniture > Furniture Sets > Bedroom Furniture Sets,Bedroom Set,"Furniture of America, Quick Ship Furniture, New Arrival, Indoor Furniture, 2026",TRUE,Size,Queen,,,,,,,,FM7222WN-Q-4PC,172288,shopify,20,deny,manual,1797,,TRUE,FALSE,,,,,,https://cdn.shopify.com/s/files/1/0268/6749/9079/files/FM7222WN-1-Z.jpg,1,stathelle-4-pc-bedroom-set,FALSE,STATHELLE 4 Pc. Bedroom Set,"Shop STATHELLE 4 Pc. Bedroom Set. Mid-Century Modern style. Solid Wood, Veneer build. Size: Queen. Free shipping. Buy now at GOODDEGG.",FM7222WN-1-Z.jpg,lb,,749,active
stathelle-4-pc-bedroom-set,,,,,,,,,,,,,,,,,,,,,,,,,,,,,,,,https://cdn.shopify.com/s/files/1/0268/6749/9079/files/FM7222WN-WB-1.jpg,2,stathelle-4-pc-bedroom-set,,,,,,,,
stathelle-5-pc-bedroom-set-w-2ns,STATHELLE 5 Pc. Bedroom Set w/ 2NS,"<p><span style=""color:#1e73be;""><strong>FREE SHIPPING</strong></span><br>
STATHELLE 5 Pc. Bedroom Set w/ 2NS brings a restful, finished feel to the bedroom. This bedroom bedroom set is made to fit naturally into the room. A Mid-Century Modern profile gives the space a refined, approachable look. With Solid Wood, Veneer, Engineered Wood construction and Walnut tones, it blends durability with visual warmth.<br>
Product Dimensions:.<br>
Size: Queen</p>

<p>Features<br>
- Platform Bed<br>
- Panel Headboard<br>
- Tapered Angled Leg<br>
- Nickel Bar Pulls on Case Goods<br>
- Anti-Tip Interlock System<br>
- Mattress Ready Included items and dimensions:<br>
- Nightstand: color: Walnut; dimensions: 23"" W x 15.5""D x 22"" H; feature: Mid-Century Modern<br>
- Dresser: color: Walnut; dimensions: 47"" W x 17.5""D x 32.5"" H; feature: Mid-Century Modern</p>

<p>Materials: Solid Wood, Veneer, Engineered Wood.<br>
Color: Walnut<br>
Weight: 430.98 lbs</p>",GOODDEGG,Furniture > Furniture Sets > Bedroom Furniture Sets,Bedroom Set,"Furniture of America, Quick Ship Furniture, New Arrival, Indoor Furniture, 2026",TRUE,Size,Queen,,,,,,,,FM7222WN-Q-5PC-2NS,195489,shopify,20,deny,manual,2067,,TRUE,FALSE,,,,,,https://cdn.shopify.com/s/files/1/0268/6749/9079/files/FM7222WN-1-Z.jpg,1,stathelle-5-pc-bedroom-set-w-2ns,FALSE,STATHELLE 5 Pc. Bedroom Set w/ 2NS,"Shop STATHELLE 5 Pc. Bedroom Set w/ 2NS. Mid-Century Modern style. Solid Wood, Veneer build. Size: Queen. Free shipping. Buy now at GOODDEGG.",FM7222WN-1-Z.jpg,lb,,859,active
stathelle-5-pc-bedroom-set-w-2ns,,,,,,,,,,,,,,,,,,,,,,,,,,,,,,,,https://cdn.shopify.com/s/files/1/0268/6749/9079/files/FM7222WN-WB-1.jpg,2,stathelle-5-pc-bedroom-set-w-2ns,,,,,,,,
stathelle-5-pc-bedroom-set-w-chest,STATHELLE 5 Pc. Bedroom Set w/ Chest,"<p><span style=""color:#1e73be;""><strong>FREE SHIPPING</strong></span><br>
Create a calm, coordinated retreat with STATHELLE 5 Pc. Bedroom Set w/ Chest. Designed as a bedroom bedroom set, it pairs easily with surrounding decor. Its Mid-Century Modern styling keeps the room feeling polished yet comfortable. Finished in Walnut tones, the Solid Wood, Veneer, Engineered Wood build keeps the look polished and practical.<br>
Product Dimensions:.<br>
Size: Queen</p>

<p>Features<br>
- Platform Bed<br>
- Panel Headboard<br>
- Tapered Angled Leg<br>
- Nickel Bar Pulls on Case Goods<br>
- Anti-Tip Interlock System<br>
- Mattress Ready Included items and dimensions:<br>
- Nightstand: color: Walnut; dimensions: 23"" W x 15.5""D x 22"" H; feature: Mid-Century Modern<br>
- Dresser: color: Walnut; dimensions: 47"" W x 17.5""D x 32.5"" H; feature: Mid-Century Modern<br>
- Chest: color: Walnut; dimensions: 33.5"" W x 17.5""D x 47.5"" H; feature: Mid-Century Modern</p>

<p>Materials: Solid Wood, Veneer, Engineered Wood.<br>
Color: Walnut<br>
Weight: 565.46 lbs</p>",GOODDEGG,Furniture > Furniture Sets > Bedroom Furniture Sets,Bedroom Set,"Furniture of America, Quick Ship Furniture, New Arrival, Indoor Furniture, 2026",TRUE,Size,Queen,,,,,,,,FM7222WN-Q-5PC-CHEST,256488,shopify,20,deny,manual,2454,,TRUE,FALSE,,,,,,https://cdn.shopify.com/s/files/1/0268/6749/9079/files/FM7222WN-1-Z.jpg,1,stathelle-5-pc-bedroom-set-w-chest,FALSE,STATHELLE 5 Pc. Bedroom Set w/ Chest,"Shop STATHELLE 5 Pc. Bedroom Set w/ Chest. Mid-Century Modern style. Solid Wood, Veneer build. Size: Queen. Free shipping. Buy now at GOODDEGG.",FM7222WN-1-Z.jpg,lb,,1028,active
stathelle-5-pc-bedroom-set-w-chest,,,,,,,,,,,,,,,,,,,,,,,,,,,,,,,,https://cdn.shopify.com/s/files/1/0268/6749/9079/files/FM7222WN-WB-1.jpg,2,stathelle-5-pc-bedroom-set-w-chest,,,,,,,,
stefania-4-pc-bedroom-set,STEFANIA 4 Pc. Bedroom Set,"<p><span style=""color:#1e73be;""><strong>FREE SHIPPING</strong></span><br>
Elevate your space with STEFANIA, styled in Glam and designed for everyday comfort.<br>
This bedroom bedroom set is made to fit naturally into the room. With Flannelette, Others and Black or Gray tones, it blends structure and softness in one clean profile.<br>
Product Dimensions: 98 3/8&quot;L X 85&quot;W X 59 3/8&quot;H<br>
Size: Queen</p>

<p>Features<br>
- Flannelette<br>
- Others<br>
- Step Up Platform Bed<br>
- Oversized Headboard<br>
- Fully Upholstered Frame<br>
- Deep Button Tuftings<br>
- Mattress Ready<br>
<strong>Variant Details</strong><br>
- <strong>Size: Queen | Color: Black | Dimensions: 98 3/8&quot;L X 85&quot;W X 59 3/8&quot;H | Weight: 548.12 lbs | Volume: 79.4 cuft</strong><br>
- <strong>Size: Queen | Color: Gray | Dimensions: 98 3/8&quot;L X 85&quot;W X 59 3/8&quot;H | Weight: 549.12 lbs | Volume: 81.1 cuft</strong><br>
</p>

<p>Materials: Flannelette, Others.<br>
Color: Black or Gray<br>
Weight: 548.12 - 549.12 lbs</p>",GOODDEGG,Furniture > Furniture Sets > Bedroom Furniture Sets,Bedroom Set,"Furniture of America, Quick Ship Furniture, New Arrival, Indoor Furniture, 2026",TRUE,Color,Black,,,,,,,,CM7227BK-Q-4PC,248623,shopify,20,deny,manual,2727,,TRUE,FALSE,,,,,,https://cdn.shopify.com/s/files/1/0268/6749/9079/files/CM7227BK-FM7150BK-1.jpg,1,stefania-4-pc-bedroom-set,FALSE,STEFANIA 4 Pc. Bedroom Set,"Shop STEFANIA 4 Pc. Bedroom Set. Glam style. Flannelette, Others build. Multiple colors available. Free shipping. Buy now at GOODDEGG.",CM7227BK-FM7150BK-1.jpg,lb,,1159,active
stefania-4-pc-bedroom-set,,,,,,,,,Gray,,,,,,,,CM7227GY-Q-4PC,249077,shopify,20,deny,manual,2727,,TRUE,FALSE,,,,,,https://cdn.shopify.com/s/files/1/0268/6749/9079/files/CM7227BK-2.jpg,2,stefania-4-pc-bedroom-set,,,,CM7227GY-FM7150GY-1.jpg,lb,,1159,
stefania-4-pc-bedroom-set,,,,,,,,,,,,,,,,,,,,,,,,,,,,,,,,CM7227BK-WB-1.jpg,3,stefania-4-pc-bedroom-set,,,,,,,,
stefania-4-pc-bedroom-set,,,,,,,,,,,,,,,,,,,,,,,,,,,,,,,,CM7227BK-WB-2.jpg,4,stefania-4-pc-bedroom-set,,,,,,,,
stefania-4-pc-bedroom-set,,,,,,,,,,,,,,,,,,,,,,,,,,,,,,,,https://cdn.shopify.com/s/files/1/0268/6749/9079/files/CM7227GY-FM7150GY-1.jpg,5,stefania-4-pc-bedroom-set,,,,,,,,
stefania-4-pc-bedroom-set,,,,,,,,,,,,,,,,,,,,,,,,,,,,,,,,https://cdn.shopify.com/s/files/1/0268/6749/9079/files/CM7227GY-2.jpg,6,stefania-4-pc-bedroom-set,,,,,,,,
stefania-4-pc-bedroom-set,,,,,,,,,,,,,,,,,,,,,,,,,,,,,,,,CM7227GY-WB-1.jpg,7,stefania-4-pc-bedroom-set,,,,,,,,
stefania-4-pc-bedroom-set,,,,,,,,,,,,,,,,,,,,,,,,,,,,,,,,CM7227GY-WB-2.jpg,8,stefania-4-pc-bedroom-set,,,,,,,,
stefania-5-pc-bedroom-set-w-2ns,STEFANIA 5 Pc. Bedroom Set w/2NS,"<p><span style=""color:#1e73be;""><strong>FREE SHIPPING</strong></span><br>
Elevate your space with STEFANIA, styled in Glam and designed for everyday comfort.<br>
This bedroom bedroom set is made to fit naturally into the room. With Flannelette, Others and Black or Gray tones, it blends structure and softness in one clean profile.<br>
Product Dimensions: 98 3/8&quot;L X 85&quot;W X 59 3/8&quot;H<br>
Size: Queen</p>

<p>Features<br>
- Flannelette<br>
- Others<br>
- Step Up Platform Bed<br>
- Oversized Headboard<br>
- Fully Upholstered Frame<br>
- Deep Button Tuftings<br>
- Mattress Ready<br>
<strong>Variant Details</strong><br>
- <strong>Size: Queen | Color: Black | Dimensions: 98 3/8&quot;L X 85&quot;W X 59 3/8&quot;H | Weight: 612.94 lbs | Volume: 88.6 cuft</strong><br>
- <strong>Size: Queen | Color: Gray | Dimensions: 98 3/8&quot;L X 85&quot;W X 59 3/8&quot;H | Weight: 615.12 lbs | Volume: 90.4 cuft</strong><br>
</p>

<p>Materials: Flannelette, Others.<br>
Color: Black or Gray<br>
Weight: 612.94 - 615.12 lbs</p>",GOODDEGG,Furniture > Furniture Sets > Bedroom Furniture Sets,Bedroom Set,"Furniture of America, Quick Ship Furniture, New Arrival, Indoor Furniture, 2026",TRUE,Color,Black,,,,,,,,CM7227BK-Q-5PC-2NS,278025,shopify,20,deny,manual,3027,,TRUE,FALSE,,,,,,https://cdn.shopify.com/s/files/1/0268/6749/9079/files/CM7227BK-FM7150BK-1.jpg,1,stefania-5-pc-bedroom-set-w-2ns,FALSE,STEFANIA 5 Pc. Bedroom Set w/2NS,"Shop STEFANIA 5 Pc. Bedroom Set w/2NS. Glam style. Flannelette, Others build. Multiple colors available. Free shipping. Buy now at GOODDEGG.",CM7227BK-FM7150BK-1.jpg,lb,,1289,active
stefania-5-pc-bedroom-set-w-2ns,,,,,,,,,Gray,,,,,,,,CM7227GY-Q-5PC-2NS,279014,shopify,20,deny,manual,3027,,TRUE,FALSE,,,,,,https://cdn.shopify.com/s/files/1/0268/6749/9079/files/CM7227BK-2.jpg,2,stefania-5-pc-bedroom-set-w-2ns,,,,CM7227GY-FM7150GY-1.jpg,lb,,1289,
stefania-5-pc-bedroom-set-w-2ns,,,,,,,,,,,,,,,,,,,,,,,,,,,,,,,,CM7227BK-WB-1.jpg,3,stefania-5-pc-bedroom-set-w-2ns,,,,,,,,
stefania-5-pc-bedroom-set-w-2ns,,,,,,,,,,,,,,,,,,,,,,,,,,,,,,,,CM7227BK-WB-2.jpg,4,stefania-5-pc-bedroom-set-w-2ns,,,,,,,,
stefania-5-pc-bedroom-set-w-2ns,,,,,,,,,,,,,,,,,,,,,,,,,,,,,,,,https://cdn.shopify.com/s/files/1/0268/6749/9079/files/CM7227GY-FM7150GY-1.jpg,5,stefania-5-pc-bedroom-set-w-2ns,,,,,,,,
stefania-5-pc-bedroom-set-w-2ns,,,,,,,,,,,,,,,,,,,,,,,,,,,,,,,,https://cdn.shopify.com/s/files/1/0268/6749/9079/files/CM7227GY-2.jpg,6,stefania-5-pc-bedroom-set-w-2ns,,,,,,,,
stefania-5-pc-bedroom-set-w-2ns,,,,,,,,,,,,,,,,,,,,,,,,,,,,,,,,CM7227GY-WB-1.jpg,7,stefania-5-pc-bedroom-set-w-2ns,,,,,,,,
stefania-5-pc-bedroom-set-w-2ns,,,,,,,,,,,,,,,,,,,,,,,,,,,,,,,,CM7227GY-WB-2.jpg,8,stefania-5-pc-bedroom-set-w-2ns,,,,,,,,
stefania-5-pc-bedroom-set-w-chest,STEFANIA 5 Pc. Bedroom Set w/Chest,"<p><span style=""color:#1e73be;""><strong>FREE SHIPPING</strong></span><br>
Elevate your space with STEFANIA, styled in Glam and designed for everyday comfort.<br>
This bedroom bedroom set is made to fit naturally into the room. With Flannelette, Others and Black or Gray tones, it blends structure and softness in one clean profile.<br>
Product Dimensions: 98 3/8&quot;L X 85&quot;W X 59 3/8&quot;H<br>
Size: Queen</p>

<p>Features<br>
- Flannelette<br>
- Others<br>
- Step Up Platform Bed<br>
- Oversized Headboard<br>
- Fully Upholstered Frame<br>
- Deep Button Tuftings<br>
- Mattress Ready<br>
<strong>Variant Details</strong><br>
- <strong>Size: Queen | Color: Black | Dimensions: 98 3/8&quot;L X 85&quot;W X 59 3/8&quot;H | Weight: 720.07 lbs | Volume: 105.7 cuft</strong><br>
- <strong>Size: Queen | Color: Gray | Dimensions: 98 3/8&quot;L X 85&quot;W X 59 3/8&quot;H | Weight: 720.72 lbs | Volume: 106.1 cuft</strong><br>
</p>

<p>Materials: Flannelette, Others.<br>
Color: Black or Gray<br>
Weight: 720.07 - 720.72 lbs</p>",GOODDEGG,Furniture > Furniture Sets > Bedroom Furniture Sets,Bedroom Set,"Furniture of America, Quick Ship Furniture, New Arrival, Indoor Furniture, 2026",TRUE,Color,Black,,,,,,,,CM7227BK-Q-5PC-CHEST,326618,shopify,20,deny,manual,3444,,TRUE,FALSE,,,,,,https://cdn.shopify.com/s/files/1/0268/6749/9079/files/CM7227BK-FM7150BK-1.jpg,1,stefania-5-pc-bedroom-set-w-chest,FALSE,STEFANIA 5 Pc. Bedroom Set w/Chest,"Shop STEFANIA 5 Pc. Bedroom Set w/Chest. Glam style. Flannelette, Others build. Multiple colors available. Free shipping. Buy now at GOODDEGG.",CM7227BK-FM7150BK-1.jpg,lb,,1478,active
stefania-5-pc-bedroom-set-w-chest,,,,,,,,,Gray,,,,,,,,CM7227GY-Q-5PC-CHEST,326913,shopify,20,deny,manual,3444,,TRUE,FALSE,,,,,,https://cdn.shopify.com/s/files/1/0268/6749/9079/files/CM7227BK-2.jpg,2,stefania-5-pc-bedroom-set-w-chest,,,,CM7227GY-FM7150GY-1.jpg,lb,,1478,
stefania-5-pc-bedroom-set-w-chest,,,,,,,,,,,,,,,,,,,,,,,,,,,,,,,,CM7227BK-WB-1.jpg,3,stefania-5-pc-bedroom-set-w-chest,,,,,,,,
stefania-5-pc-bedroom-set-w-chest,,,,,,,,,,,,,,,,,,,,,,,,,,,,,,,,CM7227BK-WB-2.jpg,4,stefania-5-pc-bedroom-set-w-chest,,,,,,,,
stefania-5-pc-bedroom-set-w-chest,,,,,,,,,,,,,,,,,,,,,,,,,,,,,,,,https://cdn.shopify.com/s/files/1/0268/6749/9079/files/CM7227GY-FM7150GY-1.jpg,5,stefania-5-pc-bedroom-set-w-chest,,,,,,,,
stefania-5-pc-bedroom-set-w-chest,,,,,,,,,,,,,,,,,,,,,,,,,,,,,,,,https://cdn.shopify.com/s/files/1/0268/6749/9079/files/CM7227GY-2.jpg,6,stefania-5-pc-bedroom-set-w-chest,,,,,,,,
stefania-5-pc-bedroom-set-w-chest,,,,,,,,,,,,,,,,,,,,,,,,,,,,,,,,CM7227GY-WB-1.jpg,7,stefania-5-pc-bedroom-set-w-chest,,,,,,,,
stefania-5-pc-bedroom-set-w-chest,,,,,,,,,,,,,,,,,,,,,,,,,,,,,,,,CM7227GY-WB-2.jpg,8,stefania-5-pc-bedroom-set-w-chest,,,,,,,,
stella-mia-4-pc-panel-bedroom-set,STELLA MIA 4 Pc. Panel Bedroom Set,"<p><span style=""color:#1e73be;""><strong>FREE SHIPPING</strong></span><br>
STELLA MIA 4 Pc. Panel Bedroom Set completes the bedroom with a relaxed, pulled-together look. As a bedroom bedroom set, it is designed to coordinate with matching pieces. The Traditional character adds definition without feeling heavy. With Pinewood, Ash Burl Veneer, Oak Veneer, Fabric, Foam, Engineered Wood construction and Creamy White tones, it blends durability with visual warmth.<br>
Product Dimensions: 66.5""W X 90""D X 68.5""H<br>
Size: Queen</p>

<p>Features<br>
- Traditional<br>
- Ash Burl & Silver Brushed Ornate Accent<br>
- Diamond Button Tufting<br>
- French Front & English Back Dovetail Drawers<br>
- Resin Drawer Overlay & Felt-Lined Top Drawer<br>
- Ornate Round Knobs w/ Metal Silver Finish<br>
- Jewelry Tray on Dresser<br>
- Ball-Bearing Glide<br>
- USB-A & USB-C on Nightstand<br>
- Foundation Required Included items and dimensions:<br>
- MIA Nightstand w/ USB: color: Creamy White; dimensions: 27.5"" W x 17.25""D x 29"" H; feature: Traditional<br>
- MIA Dresser w/ Jewelry Box: color: Creamy White; dimensions: 66.5“W x 19.25“D x 40.5“H; feature: Traditional</p>

<p>Materials: Pinewood, Ash Burl Veneer, Oak Veneer, Fabric, Foam, Engineered Wood.<br>
Color: Creamy White<br>
Weight: 575 lbs</p>",GOODDEGG,Furniture > Furniture Sets > Bedroom Furniture Sets,Bedroom Set,"Furniture of America, Quick Ship Furniture, New Arrival, Indoor Furniture, 2026",TRUE,Size,Queen,,,,,,,,FM70000WH-Q-W-4PC,260816,shopify,20,deny,manual,3177,,TRUE,FALSE,,,,,,https://cdn.shopify.com/s/files/1/0268/6749/9079/files/FM70000WH-W-1-Z.jpg,1,stella-mia-4-pc-panel-bedroom-set,FALSE,STELLA MIA 4 Pc. Panel Bedroom Set,"Shop STELLA MIA 4 Pc. Panel Bedroom Set. Traditional style. Pinewood, Ash Burl Veneer build. Size: Queen. Free shipping. Buy now at GOODDEGG.",FM70000WH-W-1-Z.jpg,lb,,1459,active
stella-mia-4-pc-panel-bedroom-set,,,,,,,,,,,,,,,,,,,,,,,,,,,,,,,,https://cdn.shopify.com/s/files/1/0268/6749/9079/files/FM70000WH-W-2.jpg,2,stella-mia-4-pc-panel-bedroom-set,,,,,,,,
stella-mia-4-pc-panel-bedroom-set,,,,,,,,,,,,,,,,,,,,,,,,,,,,,,,,https://cdn.shopify.com/s/files/1/0268/6749/9079/files/FM70000WH-W-3.jpg,3,stella-mia-4-pc-panel-bedroom-set,,,,,,,,
stella-mia-4-pc-panel-bedroom-set,,,,,,,,,,,,,,,,,,,,,,,,,,,,,,,,https://cdn.shopify.com/s/files/1/0268/6749/9079/files/FM70000WH-W-WB-1.jpg,4,stella-mia-4-pc-panel-bedroom-set,,,,,,,,
stella-mia-4-pc-panel-bedroom-set,,,,,,,,,,,,,,,,,,,,,,,,,,,,,,,,https://cdn.shopify.com/s/files/1/0268/6749/9079/files/FM70000WH-W-WB-2.jpg,5,stella-mia-4-pc-panel-bedroom-set,,,,,,,,
stella-mia-4-pc-panel-bedroom-set,,,,,,,,,,,,,,,,,,,,,,,,,,,,,,,,https://cdn.shopify.com/s/files/1/0268/6749/9079/files/FM70000WH-W-WB-3.jpg,6,stella-mia-4-pc-panel-bedroom-set,,,,,,,,
stella-mia-4-pc-panel-bedroom-set,,,,,,,,,,,,,,,,,,,,,,,,,,,,,,,,https://cdn.shopify.com/s/files/1/0268/6749/9079/files/FM70000WH-W-WB-4.jpg,7,stella-mia-4-pc-panel-bedroom-set,,,,,,,,
stella-mia-4-pc-panel-bedroom-set,,,,,,,,,,,,,,,,,,,,,,,,,,,,,,,,https://cdn.shopify.com/s/files/1/0268/6749/9079/files/FM70000WH-W-WB-5.jpg,8,stella-mia-4-pc-panel-bedroom-set,,,,,,,,
stella-mia-4-pc-panel-bedroom-set,,,,,,,,,,,,,,,,,,,,,,,,,,,,,,,,https://cdn.shopify.com/s/files/1/0268/6749/9079/files/FM70000WH-N-WB-1.jpg,9,stella-mia-4-pc-panel-bedroom-set,,,,,,,,
stella-mia-4-pc-panel-bedroom-set,,,,,,,,,,,,,,,,,,,,,,,,,,,,,,,,FM70000WH-D-WB-1.jpg,10,stella-mia-4-pc-panel-bedroom-set,,,,,,,,
stella-mia-5-pc-panel-bedroom-set-w-2ns,STELLA MIA 5 Pc. Panel Bedroom Set w/ 2Ns,"<p><span style=""color:#1e73be;""><strong>FREE SHIPPING</strong></span><br>
STELLA MIA 5 Pc. Panel Bedroom Set w/ 2Ns brings a restful, finished feel to the bedroom. This bedroom bedroom set is made to fit naturally into the room. A Traditional profile gives the space a refined, approachable look. Finished in Creamy White tones, the Pinewood, Ash Burl Veneer, Oak Veneer, Fabric, Foam, Engineered Wood build keeps the look polished and practical.<br>
Product Dimensions: 66.5""W X 90""D X 68.5""H<br>
Size: Queen</p>

<p>Features<br>
- Traditional<br>
- Ash Burl & Silver Brushed Ornate Accent<br>
- Diamond Button Tufting<br>
- French Front & English Back Dovetail Drawers<br>
- Resin Drawer Overlay & Felt-Lined Top Drawer<br>
- Ornate Round Knobs w/ Metal Silver Finish<br>
- Jewelry Tray on Dresser<br>
- Ball-Bearing Glide<br>
- USB-A & USB-C on Nightstand<br>
- Foundation Required Included items and dimensions:<br>
- MIA Nightstand w/ USB: color: Creamy White; dimensions: 27.5"" W x 17.25""D x 29"" H; feature: Traditional<br>
- MIA Dresser w/ Jewelry Box: color: Creamy White; dimensions: 66.5“W x 19.25“D x 40.5“H; feature: Traditional</p>

<p>Materials: Pinewood, Ash Burl Veneer, Oak Veneer, Fabric, Foam, Engineered Wood.<br>
Color: Creamy White<br>
Weight: 655.7 lbs</p>",GOODDEGG,Furniture > Furniture Sets > Bedroom Furniture Sets,Bedroom Set,"Furniture of America, Quick Ship Furniture, New Arrival, Indoor Furniture, 2026",TRUE,Size,Queen,,,,,,,,FM70000WH-Q-W-5PC-2N,297421,shopify,20,deny,manual,3687,,TRUE,FALSE,,,,,,https://cdn.shopify.com/s/files/1/0268/6749/9079/files/FM70000WH-W-1-Z.jpg,1,stella-mia-5-pc-panel-bedroom-set-w-2ns,FALSE,STELLA MIA 5 Pc. Panel Bedroom Set w/ 2Ns,"Shop STELLA MIA 5 Pc. Panel Bedroom Set w/ 2Ns. Traditional style. Pinewood, Ash Burl Veneer build. Size: Queen. Free shipping. Buy now at GOODDEGG.",FM70000WH-W-1-Z.jpg,lb,,1699,active
stella-mia-5-pc-panel-bedroom-set-w-2ns,,,,,,,,,,,,,,,,,,,,,,,,,,,,,,,,https://cdn.shopify.com/s/files/1/0268/6749/9079/files/FM70000WH-W-2.jpg,2,stella-mia-5-pc-panel-bedroom-set-w-2ns,,,,,,,,
stella-mia-5-pc-panel-bedroom-set-w-2ns,,,,,,,,,,,,,,,,,,,,,,,,,,,,,,,,https://cdn.shopify.com/s/files/1/0268/6749/9079/files/FM70000WH-W-3.jpg,3,stella-mia-5-pc-panel-bedroom-set-w-2ns,,,,,,,,
stella-mia-5-pc-panel-bedroom-set-w-2ns,,,,,,,,,,,,,,,,,,,,,,,,,,,,,,,,https://cdn.shopify.com/s/files/1/0268/6749/9079/files/FM70000WH-W-WB-1.jpg,4,stella-mia-5-pc-panel-bedroom-set-w-2ns,,,,,,,,
stella-mia-5-pc-panel-bedroom-set-w-2ns,,,,,,,,,,,,,,,,,,,,,,,,,,,,,,,,https://cdn.shopify.com/s/files/1/0268/6749/9079/files/FM70000WH-W-WB-2.jpg,5,stella-mia-5-pc-panel-bedroom-set-w-2ns,,,,,,,,
stella-mia-5-pc-panel-bedroom-set-w-2ns,,,,,,,,,,,,,,,,,,,,,,,,,,,,,,,,https://cdn.shopify.com/s/files/1/0268/6749/9079/files/FM70000WH-W-WB-3.jpg,6,stella-mia-5-pc-panel-bedroom-set-w-2ns,,,,,,,,
stella-mia-5-pc-panel-bedroom-set-w-2ns,,,,,,,,,,,,,,,,,,,,,,,,,,,,,,,,https://cdn.shopify.com/s/files/1/0268/6749/9079/files/FM70000WH-W-WB-4.jpg,7,stella-mia-5-pc-panel-bedroom-set-w-2ns,,,,,,,,
stella-mia-5-pc-panel-bedroom-set-w-2ns,,,,,,,,,,,,,,,,,,,,,,,,,,,,,,,,https://cdn.shopify.com/s/files/1/0268/6749/9079/files/FM70000WH-W-WB-5.jpg,8,stella-mia-5-pc-panel-bedroom-set-w-2ns,,,,,,,,
stella-mia-5-pc-panel-bedroom-set-w-2ns,,,,,,,,,,,,,,,,,,,,,,,,,,,,,,,,https://cdn.shopify.com/s/files/1/0268/6749/9079/files/FM70000WH-N-WB-1.jpg,9,stella-mia-5-pc-panel-bedroom-set-w-2ns,,,,,,,,
stella-mia-5-pc-panel-bedroom-set-w-2ns,,,,,,,,,,,,,,,,,,,,,,,,,,,,,,,,FM70000WH-D-WB-1.jpg,10,stella-mia-5-pc-panel-bedroom-set-w-2ns,,,,,,,,
stella-mia-5-pc-panel-bedroom-set-w-chest,STELLA MIA 5 Pc. Panel Bedroom Set w/ Chest,"<p><span style=""color:#1e73be;""><strong>FREE SHIPPING</strong></span><br>
Create a calm, coordinated retreat with STELLA MIA 5 Pc. Panel Bedroom Set w/ Chest. Designed as a bedroom bedroom set, it pairs easily with surrounding decor. Its Traditional styling keeps the room feeling polished yet comfortable. Built from Pinewood, Ash Burl Veneer, Oak Veneer, Fabric, Foam, Engineered Wood and finished in Creamy White tones for a clean, cohesive look.<br>
Product Dimensions: 66.5""W X 90""D X 68.5""H<br>
Size: Queen</p>

<p>Features<br>
- Traditional<br>
- Ash Burl & Silver Brushed Ornate Accent<br>
- Diamond Button Tufting<br>
- French Front & English Back Dovetail Drawers<br>
- Resin Drawer Overlay & Felt-Lined Top Drawer<br>
- Ornate Round Knobs w/ Metal Silver Finish<br>
- Jewelry Tray on Dresser<br>
- Ball-Bearing Glide<br>
- USB-A & USB-C on Nightstand<br>
- Foundation Required Included items and dimensions:<br>
- MIA Nightstand w/ USB: color: Creamy White; dimensions: 27.5"" W x 17.25""D x 29"" H; feature: Traditional<br>
- MIA Dresser w/ Jewelry Box: color: Creamy White; dimensions: 66.5“W x 19.25“D x 40.5“H; feature: Traditional<br>
- MIA Chest: color: Creamy White; dimensions: 38.5"" W x 19.25""D x 52"" H; feature: Traditional</p>

<p>Materials: Pinewood, Ash Burl Veneer, Oak Veneer, Fabric, Foam, Engineered Wood.<br>
Color: Creamy White<br>
Weight: 759.4 lbs</p>",GOODDEGG,Furniture > Furniture Sets > Bedroom Furniture Sets,Bedroom Set,"Furniture of America, Quick Ship Furniture, New Arrival, Indoor Furniture, 2026",TRUE,Size,Queen,,,,,,,,FM70000WH-Q-W-5PC-C,344458,shopify,20,deny,manual,4284,,TRUE,FALSE,,,,,,https://cdn.shopify.com/s/files/1/0268/6749/9079/files/FM70000WH-W-1-Z.jpg,1,stella-mia-5-pc-panel-bedroom-set-w-chest,FALSE,STELLA MIA 5 Pc. Panel Bedroom Set w/ Chest,"Shop STELLA MIA 5 Pc. Panel Bedroom Set w/ Chest. Traditional style. Pinewood, Ash Burl Veneer build. Size: Queen. Free shipping. Buy now at GOODDEGG.",FM70000WH-W-1-Z.jpg,lb,,2049,active
stella-mia-5-pc-panel-bedroom-set-w-chest,,,,,,,,,,,,,,,,,,,,,,,,,,,,,,,,https://cdn.shopify.com/s/files/1/0268/6749/9079/files/FM70000WH-W-2.jpg,2,stella-mia-5-pc-panel-bedroom-set-w-chest,,,,,,,,
stella-mia-5-pc-panel-bedroom-set-w-chest,,,,,,,,,,,,,,,,,,,,,,,,,,,,,,,,https://cdn.shopify.com/s/files/1/0268/6749/9079/files/FM70000WH-W-3.jpg,3,stella-mia-5-pc-panel-bedroom-set-w-chest,,,,,,,,
stella-mia-5-pc-panel-bedroom-set-w-chest,,,,,,,,,,,,,,,,,,,,,,,,,,,,,,,,https://cdn.shopify.com/s/files/1/0268/6749/9079/files/FM70000WH-W-WB-1.jpg,4,stella-mia-5-pc-panel-bedroom-set-w-chest,,,,,,,,
stella-mia-5-pc-panel-bedroom-set-w-chest,,,,,,,,,,,,,,,,,,,,,,,,,,,,,,,,https://cdn.shopify.com/s/files/1/0268/6749/9079/files/FM70000WH-W-WB-2.jpg,5,stella-mia-5-pc-panel-bedroom-set-w-chest,,,,,,,,
stella-mia-5-pc-panel-bedroom-set-w-chest,,,,,,,,,,,,,,,,,,,,,,,,,,,,,,,,https://cdn.shopify.com/s/files/1/0268/6749/9079/files/FM70000WH-W-WB-3.jpg,6,stella-mia-5-pc-panel-bedroom-set-w-chest,,,,,,,,
stella-mia-5-pc-panel-bedroom-set-w-chest,,,,,,,,,,,,,,,,,,,,,,,,,,,,,,,,https://cdn.shopify.com/s/files/1/0268/6749/9079/files/FM70000WH-W-WB-4.jpg,7,stella-mia-5-pc-panel-bedroom-set-w-chest,,,,,,,,
stella-mia-5-pc-panel-bedroom-set-w-chest,,,,,,,,,,,,,,,,,,,,,,,,,,,,,,,,https://cdn.shopify.com/s/files/1/0268/6749/9079/files/FM70000WH-W-WB-5.jpg,8,stella-mia-5-pc-panel-bedroom-set-w-chest,,,,,,,,
stella-mia-5-pc-panel-bedroom-set-w-chest,,,,,,,,,,,,,,,,,,,,,,,,,,,,,,,,https://cdn.shopify.com/s/files/1/0268/6749/9079/files/FM70000WH-N-WB-1.jpg,9,stella-mia-5-pc-panel-bedroom-set-w-chest,,,,,,,,
stella-mia-5-pc-panel-bedroom-set-w-chest,,,,,,,,,,,,,,,,,,,,,,,,,,,,,,,,FM70000WH-D-WB-1.jpg,10,stella-mia-5-pc-panel-bedroom-set-w-chest,,,,,,,,
stoholm-4-pc-bedroom-set,STOHOLM 4 Pc. Bedroom Set,"<p><span style=""color:#1e73be;""><strong>FREE SHIPPING</strong></span><br>
STOHOLM 4 Pc. Bedroom Set brings a restful, finished feel to the bedroom. This bedroom bedroom set is made to fit naturally into the room.<br>
Product Dimensions: 63.5""W X 84.5""D X 56.5""H<br>
Size: Queen Included items and dimensions:<br>
- Queen Headboard (LED New White) Footboard (4: dimensions: 63.4"" W x 2.5""D x 56.7"" H<br>
- Queen Side Rails: dimensions: 81.1"" W x 1.3""D x 9.1"" H<br>
- Nightstand: color: White; dimensions: 25.5"" W x 16.5""D x 22"" H; feature: Contemporary<br>
- Dresser: color: White; dimensions: 61.5"" W x 18.5""D x 35.5"" H; feature: Contemporary<br>
Weight: 447.7 lbs</p>",GOODDEGG,Furniture > Furniture Sets > Bedroom Furniture Sets,Bedroom Set,"Furniture of America, Quick Ship Furniture, New Arrival, Indoor Furniture, 2026",TRUE,Size,Queen,,,,,,,,FM72000WH-Q-4PC,203073,shopify,20,deny,manual,2577,,TRUE,FALSE,,,,,,https://cdn.shopify.com/s/files/1/0268/6749/9079/files/FM72000WH-1.jpg,1,stoholm-4-pc-bedroom-set,FALSE,STOHOLM 4 Pc. Bedroom Set,Shop STOHOLM 4 Pc. Bedroom Set. Size: Queen. Free shipping. Buy now at GOODDEGG.,FM72000WH-1.jpg,lb,,1039,active
stoholm-4-pc-bedroom-set,,,,,,,,,,,,,,,,,,,,,,,,,,,,,,,,https://cdn.shopify.com/s/files/1/0268/6749/9079/files/FM72000WH-2.jpg,2,stoholm-4-pc-bedroom-set,,,,,,,,
stoholm-4-pc-bedroom-set,,,,,,,,,,,,,,,,,,,,,,,,,,,,,,,,https://cdn.shopify.com/s/files/1/0268/6749/9079/files/FM72000WH-3.jpg,3,stoholm-4-pc-bedroom-set,,,,,,,,
stoholm-5-pc-bedroom-set-w-2ns,STOHOLM 5 Pc. Bedroom Set w/ 2NS,"<p><span style=""color:#1e73be;""><strong>FREE SHIPPING</strong></span><br>
Create a calm, coordinated retreat with STOHOLM 5 Pc. Bedroom Set w/ 2NS. Designed as a bedroom bedroom set, it pairs easily with surrounding decor.<br>
Product Dimensions: 63.5""W X 84.5""D X 56.5""H<br>
Size: Queen Included items and dimensions:<br>
- Queen Headboard (LED New White) Footboard (4: dimensions: 63.4"" W x 2.5""D x 56.7"" H<br>
- Queen Side Rails: dimensions: 81.1"" W x 1.3""D x 9.1"" H<br>
- Nightstand: color: White; dimensions: 25.5"" W x 16.5""D x 22"" H; feature: Contemporary<br>
- Dresser: color: White; dimensions: 61.5"" W x 18.5""D x 35.5"" H; feature: Contemporary<br>
Weight: 512.6 lbs</p>",GOODDEGG,Furniture > Furniture Sets > Bedroom Furniture Sets,Bedroom Set,"Furniture of America, Quick Ship Furniture, New Arrival, Indoor Furniture, 2026",TRUE,Size,Queen,,,,,,,,FM72000WH-Q-5PC-2NS,232511,shopify,20,deny,manual,2967,,TRUE,FALSE,,,,,,https://cdn.shopify.com/s/files/1/0268/6749/9079/files/FM72000WH-1.jpg,1,stoholm-5-pc-bedroom-set-w-2ns,FALSE,STOHOLM 5 Pc. Bedroom Set w/ 2NS,Shop STOHOLM 5 Pc. Bedroom Set w/ 2NS. Size: Queen. Free shipping. Buy now at GOODDEGG.,FM72000WH-1.jpg,lb,,1199,active
stoholm-5-pc-bedroom-set-w-2ns,,,,,,,,,,,,,,,,,,,,,,,,,,,,,,,,https://cdn.shopify.com/s/files/1/0268/6749/9079/files/FM72000WH-2.jpg,2,stoholm-5-pc-bedroom-set-w-2ns,,,,,,,,
stoholm-5-pc-bedroom-set-w-2ns,,,,,,,,,,,,,,,,,,,,,,,,,,,,,,,,https://cdn.shopify.com/s/files/1/0268/6749/9079/files/FM72000WH-3.jpg,3,stoholm-5-pc-bedroom-set-w-2ns,,,,,,,,
stoholm-5-pc-bedroom-set-w-chest,STOHOLM 5 Pc. Bedroom Set w/ Chest,"<p><span style=""color:#1e73be;""><strong>FREE SHIPPING</strong></span><br>
STOHOLM 5 Pc. Bedroom Set w/ Chest completes the bedroom with a relaxed, pulled-together look. As a bedroom bedroom set, it is designed to coordinate with matching pieces.<br>
Product Dimensions: 63.5""W X 84.5""D X 56.5""H<br>
Size: Queen Included items and dimensions:<br>
- Queen Headboard (LED New White) Footboard (4: dimensions: 63.4"" W x 2.5""D x 56.7"" H<br>
- Queen Side Rails: dimensions: 81.1"" W x 1.3""D x 9.1"" H<br>
- Nightstand: color: White; dimensions: 25.5"" W x 16.5""D x 22"" H; feature: Contemporary<br>
- Dresser: color: White; dimensions: 61.5"" W x 18.5""D x 35.5"" H; feature: Contemporary<br>
- Chest: color: White; dimensions: 31.5"" W x 18.5""D x 50"" H; feature: Contemporary<br>
Weight: 611.6 lbs</p>",GOODDEGG,Furniture > Furniture Sets > Bedroom Furniture Sets,Bedroom Set,"Furniture of America, Quick Ship Furniture, New Arrival, Indoor Furniture, 2026",TRUE,Size,Queen,,,,,,,,FM72000WH-Q-5PC-CHE,277417,shopify,20,deny,manual,3534,,TRUE,FALSE,,,,,,https://cdn.shopify.com/s/files/1/0268/6749/9079/files/FM72000WH-1.jpg,1,stoholm-5-pc-bedroom-set-w-chest,FALSE,STOHOLM 5 Pc. Bedroom Set w/ Chest,Shop STOHOLM 5 Pc. Bedroom Set w/ Chest. Size: Queen. Free shipping. Buy now at GOODDEGG.,FM72000WH-1.jpg,lb,,1449,active
stoholm-5-pc-bedroom-set-w-chest,,,,,,,,,,,,,,,,,,,,,,,,,,,,,,,,https://cdn.shopify.com/s/files/1/0268/6749/9079/files/FM72000WH-2.jpg,2,stoholm-5-pc-bedroom-set-w-chest,,,,,,,,
stoholm-5-pc-bedroom-set-w-chest,,,,,,,,,,,,,,,,,,,,,,,,,,,,,,,,https://cdn.shopify.com/s/files/1/0268/6749/9079/files/FM72000WH-3.jpg,3,stoholm-5-pc-bedroom-set-w-chest,,,,,,,,
swanley-4-pc-bedroom-set,SWANLEY 4 Pc. Bedroom Set,"<p><span style=""color:#1e73be;""><strong>FREE SHIPPING</strong></span><br>
SWANLEY 4 Pc. Bedroom Set brings a restful, finished feel to the bedroom. This bedroom bedroom set is made to fit naturally into the room. A Transitional profile gives the space a refined, approachable look. Finished in Weathered Gray tones, the Solid Wood, Elm Veneer, Engineered Wood, Metal build keeps the look polished and practical.<br>
Product Dimensions: 66""W X 87""D X 53.1""H<br>
Size: Queen</p>

<p>Features<br>
- Fabric Headboard<br>
- Dentil Molding<br>
- Felt-Lined Top Drawers<br>
- French Front & English Back Dovetail Drawers<br>
- Metal Handles<br>
- Metal Slide Glide<br>
- Foundation Required Included items and dimensions:<br>
- Nightstand: color: Weathered Gray; dimensions: 24"" W x 16.5""D x 25.5"" H; feature: Transitional<br>
- Dresser: color: Weathered Gray; dimensions: 61.5"" W x 16.5""D x 33.5"" H; feature: Transitional</p>

<p>Materials: Solid Wood, Elm Veneer, Engineered Wood, Metal.<br>
Color: Weathered Gray<br>
Weight: 472.21 lbs</p>",GOODDEGG,Furniture > Furniture Sets > Bedroom Furniture Sets,Bedroom Set,"Furniture of America, Quick Ship Furniture, New Arrival, Indoor Furniture, 2026",TRUE,Size,Queen,,,,,,,,FM7707GY-Q-4PC,214191,shopify,20,deny,manual,2067,,TRUE,FALSE,,,,,,https://cdn.shopify.com/s/files/1/0268/6749/9079/files/FM7707GY-1-Z.jpg,1,swanley-4-pc-bedroom-set,FALSE,SWANLEY 4 Pc. Bedroom Set,"Shop SWANLEY 4 Pc. Bedroom Set. Transitional style. Solid Wood, Elm Veneer build. Size: Queen. Free shipping. Buy now at GOODDEGG.",FM7707GY-1-Z.jpg,lb,,979,active
swanley-4-pc-bedroom-set,,,,,,,,,,,,,,,,,,,,,,,,,,,,,,,,https://cdn.shopify.com/s/files/1/0268/6749/9079/files/FM7707GY-2.jpg,2,swanley-4-pc-bedroom-set,,,,,,,,
swanley-4-pc-bedroom-set,,,,,,,,,,,,,,,,,,,,,,,,,,,,,,,,https://cdn.shopify.com/s/files/1/0268/6749/9079/files/FM7707GY-3.jpg,3,swanley-4-pc-bedroom-set,,,,,,,,
swanley-4-pc-bedroom-set,,,,,,,,,,,,,,,,,,,,,,,,,,,,,,,,https://cdn.shopify.com/s/files/1/0268/6749/9079/files/FM7707GY-WB-1.jpg,4,swanley-4-pc-bedroom-set,,,,,,,,
swanley-4-pc-bedroom-set,,,,,,,,,,,,,,,,,,,,,,,,,,,,,,,,https://cdn.shopify.com/s/files/1/0268/6749/9079/files/FM7707GY-WB-2.jpg,5,swanley-4-pc-bedroom-set,,,,,,,,
swanley-4-pc-bedroom-set,,,,,,,,,,,,,,,,,,,,,,,,,,,,,,,,https://cdn.shopify.com/s/files/1/0268/6749/9079/files/FM7707GY-WB-3.jpg,6,swanley-4-pc-bedroom-set,,,,,,,,
swanley-4-pc-bedroom-set,,,,,,,,,,,,,,,,,,,,,,,,,,,,,,,,https://cdn.shopify.com/s/files/1/0268/6749/9079/files/FM7707GY-WB-4.jpg,7,swanley-4-pc-bedroom-set,,,,,,,,
swanley-4-pc-bedroom-set,,,,,,,,,,,,,,,,,,,,,,,,,,,,,,,,https://cdn.shopify.com/s/files/1/0268/6749/9079/files/FM7707GY-WB-5.jpg,8,swanley-4-pc-bedroom-set,,,,,,,,
swanley-4-pc-bedroom-set,,,,,,,,,,,,,,,,,,,,,,,,,,,,,,,,https://cdn.shopify.com/s/files/1/0268/6749/9079/files/FM7707GY-WB-6.jpg,9,swanley-4-pc-bedroom-set,,,,,,,,
swanley-4-pc-bedroom-set,,,,,,,,,,,,,,,,,,,,,,,,,,,,,,,,https://cdn.shopify.com/s/files/1/0268/6749/9079/files/FM7707GY-WB-7.jpg,10,swanley-4-pc-bedroom-set,,,,,,,,
swanley-5-pc-bedroom-set-w-2ns,SWANLEY 5 Pc. Bedroom Set w/ 2NS,"<p><span style=""color:#1e73be;""><strong>FREE SHIPPING</strong></span><br>
Create a calm, coordinated retreat with SWANLEY 5 Pc. Bedroom Set w/ 2NS. Designed as a bedroom bedroom set, it pairs easily with surrounding decor. Its Transitional styling keeps the room feeling polished yet comfortable. Built from Solid Wood, Elm Veneer, Engineered Wood, Metal and finished in Weathered Gray tones for a clean, cohesive look.<br>
Product Dimensions: 66""W X 87""D X 53.1""H<br>
Size: Queen</p>

<p>Features<br>
- Fabric Headboard<br>
- Dentil Molding<br>
- Felt-Lined Top Drawers<br>
- French Front & English Back Dovetail Drawers<br>
- Metal Handles<br>
- Metal Slide Glide<br>
- Foundation Required Included items and dimensions:<br>
- Nightstand: color: Weathered Gray; dimensions: 24"" W x 16.5""D x 25.5"" H; feature: Transitional<br>
- Dresser: color: Weathered Gray; dimensions: 61.5"" W x 16.5""D x 33.5"" H; feature: Transitional</p>

<p>Materials: Solid Wood, Elm Veneer, Engineered Wood, Metal.<br>
Color: Weathered Gray<br>
Weight: 529.31 lbs</p>",GOODDEGG,Furniture > Furniture Sets > Bedroom Furniture Sets,Bedroom Set,"Furniture of America, Quick Ship Furniture, New Arrival, Indoor Furniture, 2026",TRUE,Size,Queen,,,,,,,,FM7707GY-Q-5PC-2NS,240091,shopify,20,deny,manual,2427,,TRUE,FALSE,,,,,,https://cdn.shopify.com/s/files/1/0268/6749/9079/files/FM7707GY-1-Z.jpg,1,swanley-5-pc-bedroom-set-w-2ns,FALSE,SWANLEY 5 Pc. Bedroom Set w/ 2NS,"Shop SWANLEY 5 Pc. Bedroom Set w/ 2NS. Transitional style. Solid Wood, Elm Veneer build. Size: Queen. Free shipping. Buy now at GOODDEGG.",FM7707GY-1-Z.jpg,lb,,1139,active
swanley-5-pc-bedroom-set-w-2ns,,,,,,,,,,,,,,,,,,,,,,,,,,,,,,,,https://cdn.shopify.com/s/files/1/0268/6749/9079/files/FM7707GY-2.jpg,2,swanley-5-pc-bedroom-set-w-2ns,,,,,,,,
swanley-5-pc-bedroom-set-w-2ns,,,,,,,,,,,,,,,,,,,,,,,,,,,,,,,,https://cdn.shopify.com/s/files/1/0268/6749/9079/files/FM7707GY-3.jpg,3,swanley-5-pc-bedroom-set-w-2ns,,,,,,,,
swanley-5-pc-bedroom-set-w-2ns,,,,,,,,,,,,,,,,,,,,,,,,,,,,,,,,https://cdn.shopify.com/s/files/1/0268/6749/9079/files/FM7707GY-WB-1.jpg,4,swanley-5-pc-bedroom-set-w-2ns,,,,,,,,
swanley-5-pc-bedroom-set-w-2ns,,,,,,,,,,,,,,,,,,,,,,,,,,,,,,,,https://cdn.shopify.com/s/files/1/0268/6749/9079/files/FM7707GY-WB-2.jpg,5,swanley-5-pc-bedroom-set-w-2ns,,,,,,,,
swanley-5-pc-bedroom-set-w-2ns,,,,,,,,,,,,,,,,,,,,,,,,,,,,,,,,https://cdn.shopify.com/s/files/1/0268/6749/9079/files/FM7707GY-WB-3.jpg,6,swanley-5-pc-bedroom-set-w-2ns,,,,,,,,
swanley-5-pc-bedroom-set-w-2ns,,,,,,,,,,,,,,,,,,,,,,,,,,,,,,,,https://cdn.shopify.com/s/files/1/0268/6749/9079/files/FM7707GY-WB-4.jpg,7,swanley-5-pc-bedroom-set-w-2ns,,,,,,,,
swanley-5-pc-bedroom-set-w-2ns,,,,,,,,,,,,,,,,,,,,,,,,,,,,,,,,https://cdn.shopify.com/s/files/1/0268/6749/9079/files/FM7707GY-WB-5.jpg,8,swanley-5-pc-bedroom-set-w-2ns,,,,,,,,
swanley-5-pc-bedroom-set-w-2ns,,,,,,,,,,,,,,,,,,,,,,,,,,,,,,,,https://cdn.shopify.com/s/files/1/0268/6749/9079/files/FM7707GY-WB-6.jpg,9,swanley-5-pc-bedroom-set-w-2ns,,,,,,,,
swanley-5-pc-bedroom-set-w-2ns,,,,,,,,,,,,,,,,,,,,,,,,,,,,,,,,https://cdn.shopify.com/s/files/1/0268/6749/9079/files/FM7707GY-WB-7.jpg,10,swanley-5-pc-bedroom-set-w-2ns,,,,,,,,
swanley-5-pc-bedroom-set-w-chest,SWANLEY 5 Pc. Bedroom Set w/ Chest,"<p><span style=""color:#1e73be;""><strong>FREE SHIPPING</strong></span><br>
SWANLEY 5 Pc. Bedroom Set w/ Chest completes the bedroom with a relaxed, pulled-together look. As a bedroom bedroom set, it is designed to coordinate with matching pieces. The Transitional character adds definition without feeling heavy. Crafted with Solid Wood, Elm Veneer, Engineered Wood, Metal, then finished in Weathered Gray tones to suit a range of interiors.<br>
Product Dimensions: 66""W X 87""D X 53.1""H<br>
Size: Queen</p>

<p>Features<br>
- Fabric Headboard<br>
- Dentil Molding<br>
- Felt-Lined Top Drawers<br>
- French Front & English Back Dovetail Drawers<br>
- Metal Handles<br>
- Metal Slide Glide<br>
- Foundation Required Included items and dimensions:<br>
- Nightstand: color: Weathered Gray; dimensions: 24"" W x 16.5""D x 25.5"" H; feature: Transitional<br>
- Dresser: color: Weathered Gray; dimensions: 61.5"" W x 16.5""D x 33.5"" H; feature: Transitional<br>
- Chest: color: Weathered Gray; dimensions: 35.5"" W x 16.5""D x 50.5"" H; feature: Transitional</p>

<p>Materials: Solid Wood, Elm Veneer, Engineered Wood, Metal.<br>
Color: Weathered Gray<br>
Weight: 530.51 lbs</p>",GOODDEGG,Furniture > Furniture Sets > Bedroom Furniture Sets,Bedroom Set,"Furniture of America, Quick Ship Furniture, New Arrival, Indoor Furniture, 2026",TRUE,Size,Queen,,,,,,,,FM7707GY-Q-5PC-CHEST,240635,shopify,20,deny,manual,2904,,TRUE,FALSE,,,,,,https://cdn.shopify.com/s/files/1/0268/6749/9079/files/FM7707GY-1-Z.jpg,1,swanley-5-pc-bedroom-set-w-chest,FALSE,SWANLEY 5 Pc. Bedroom Set w/ Chest,"Shop SWANLEY 5 Pc. Bedroom Set w/ Chest. Transitional style. Solid Wood, Elm Veneer build. Size: Queen. Free shipping. Buy now at GOODDEGG.",FM7707GY-1-Z.jpg,lb,,1358,active
swanley-5-pc-bedroom-set-w-chest,,,,,,,,,,,,,,,,,,,,,,,,,,,,,,,,https://cdn.shopify.com/s/files/1/0268/6749/9079/files/FM7707GY-2.jpg,2,swanley-5-pc-bedroom-set-w-chest,,,,,,,,
swanley-5-pc-bedroom-set-w-chest,,,,,,,,,,,,,,,,,,,,,,,,,,,,,,,,https://cdn.shopify.com/s/files/1/0268/6749/9079/files/FM7707GY-3.jpg,3,swanley-5-pc-bedroom-set-w-chest,,,,,,,,
swanley-5-pc-bedroom-set-w-chest,,,,,,,,,,,,,,,,,,,,,,,,,,,,,,,,https://cdn.shopify.com/s/files/1/0268/6749/9079/files/FM7707GY-WB-1.jpg,4,swanley-5-pc-bedroom-set-w-chest,,,,,,,,
swanley-5-pc-bedroom-set-w-chest,,,,,,,,,,,,,,,,,,,,,,,,,,,,,,,,https://cdn.shopify.com/s/files/1/0268/6749/9079/files/FM7707GY-WB-2.jpg,5,swanley-5-pc-bedroom-set-w-chest,,,,,,,,
swanley-5-pc-bedroom-set-w-chest,,,,,,,,,,,,,,,,,,,,,,,,,,,,,,,,https://cdn.shopify.com/s/files/1/0268/6749/9079/files/FM7707GY-WB-3.jpg,6,swanley-5-pc-bedroom-set-w-chest,,,,,,,,
swanley-5-pc-bedroom-set-w-chest,,,,,,,,,,,,,,,,,,,,,,,,,,,,,,,,https://cdn.shopify.com/s/files/1/0268/6749/9079/files/FM7707GY-WB-4.jpg,7,swanley-5-pc-bedroom-set-w-chest,,,,,,,,
swanley-5-pc-bedroom-set-w-chest,,,,,,,,,,,,,,,,,,,,,,,,,,,,,,,,https://cdn.shopify.com/s/files/1/0268/6749/9079/files/FM7707GY-WB-5.jpg,8,swanley-5-pc-bedroom-set-w-chest,,,,,,,,
swanley-5-pc-bedroom-set-w-chest,,,,,,,,,,,,,,,,,,,,,,,,,,,,,,,,https://cdn.shopify.com/s/files/1/0268/6749/9079/files/FM7707GY-WB-6.jpg,9,swanley-5-pc-bedroom-set-w-chest,,,,,,,,
swanley-5-pc-bedroom-set-w-chest,,,,,,,,,,,,,,,,,,,,,,,,,,,,,,,,https://cdn.shopify.com/s/files/1/0268/6749/9079/files/FM7707GY-WB-7.jpg,10,swanley-5-pc-bedroom-set-w-chest,,,,,,,,
syracuse-4-pc-bedroom-set,SYRACUSE 4 Pc. Bedroom Set,"<p><span style=""color:#1e73be;""><strong>FREE SHIPPING</strong></span><br>
Elevate your space with SYRACUSE, styled in Traditional and designed for everyday comfort.<br>
This bedroom bedroom set is made to fit naturally into the room. With Solid Wood, Wood Veneer, Others and Gray or Dark Walnut tones, it blends structure and softness in one clean profile.<br>
Product Dimensions: Varies by variant (see Variant Details below).<br>
Size: Queen</p>

<p>Features<br>
- Solid Wood<br>
- Wood Veneer<br>
- Others<br>
- Floral Design on Headboard &amp; Mirror<br>
- Antique Brass Handles w/ Acrylic Accent<br>
- Ball-bearing Glides<br>
- Foundation Required<br>
<strong>Variant Details</strong><br>
- <strong>Size: Queen | Color: Gray | Dimensions: 93 1/4&quot;L X 66 1/2&quot;W X 65 1/4&quot;H | Weight: 529.1 lbs | Volume: 64.7 cuft</strong><br>
- <strong>Size: Queen | Color: Dark Walnut | Dimensions: 93 1/4&quot;L X 66 1/2&quot;W X 63 1/2&quot;H | Weight: 529.1 lbs | Volume: 64.7 cuft</strong><br>
</p>

<p>Materials: Solid Wood, Wood Veneer, Others.<br>
Color: Gray or Dark Walnut<br>
Weight: 529.1 lbs</p>",GOODDEGG,Furniture > Furniture Sets > Bedroom Furniture Sets,Bedroom Set,"Furniture of America, Quick Ship Furniture, New Arrival, Indoor Furniture, 2026",TRUE,Color,Gray,,,,,,,,CM7129GY-Q-4PC,239996,shopify,20,deny,manual,2877,,TRUE,FALSE,,,,,,https://cdn.shopify.com/s/files/1/0268/6749/9079/files/CM7129GY-1-Z.jpg,1,syracuse-4-pc-bedroom-set,FALSE,SYRACUSE 4 Pc. Bedroom Set,"Shop SYRACUSE 4 Pc. Bedroom Set. Traditional style. Solid Wood, Wood Veneer build. Multiple colors available. Free shipping. Buy now at GOODDEGG.",CM7129GY-1-Z.jpg,lb,,1199,active
syracuse-4-pc-bedroom-set,,,,,,,,,Dark Walnut,,,,,,,,CM7129Q-4PC,239996,shopify,20,deny,manual,2877,,TRUE,FALSE,,,,,,https://cdn.shopify.com/s/files/1/0268/6749/9079/files/CM7129GY-2.jpg,2,syracuse-4-pc-bedroom-set,,,,CM7129.jpg,lb,,1199,
syracuse-4-pc-bedroom-set,,,,,,,,,,,,,,,,,,,,,,,,,,,,,,,,https://cdn.shopify.com/s/files/1/0268/6749/9079/files/CM7129GY-3.jpg,3,syracuse-4-pc-bedroom-set,,,,,,,,
syracuse-4-pc-bedroom-set,,,,,,,,,,,,,,,,,,,,,,,,,,,,,,,,https://cdn.shopify.com/s/files/1/0268/6749/9079/files/CM7129GY-4.jpg,4,syracuse-4-pc-bedroom-set,,,,,,,,
syracuse-4-pc-bedroom-set,,,,,,,,,,,,,,,,,,,,,,,,,,,,,,,,https://cdn.shopify.com/s/files/1/0268/6749/9079/files/CM7129GY-5.jpg,5,syracuse-4-pc-bedroom-set,,,,,,,,
syracuse-4-pc-bedroom-set,,,,,,,,,,,,,,,,,,,,,,,,,,,,,,,,https://cdn.shopify.com/s/files/1/0268/6749/9079/files/CM7129.jpg,6,syracuse-4-pc-bedroom-set,,,,,,,,
syracuse-4-pc-bedroom-set,,,,,,,,,,,,,,,,,,,,,,,,,,,,,,,,https://cdn.shopify.com/s/files/1/0268/6749/9079/files/CM7129-HB.jpg,7,syracuse-4-pc-bedroom-set,,,,,,,,
syracuse-5-pc-bedroom-set-w-2ns,SYRACUSE 5 Pc. Bedroom Set w/2NS,"<p><span style=""color:#1e73be;""><strong>FREE SHIPPING</strong></span><br>
Elevate your space with SYRACUSE, styled in Traditional and designed for everyday comfort.<br>
This bedroom bedroom set is made to fit naturally into the room. With Solid Wood, Wood Veneer, Others and Gray or Dark Walnut tones, it blends structure and softness in one clean profile.<br>
Product Dimensions: Varies by variant (see Variant Details below).<br>
Size: Queen</p>

<p>Features<br>
- Solid Wood<br>
- Wood Veneer<br>
- Others<br>
- Floral Design on Headboard &amp; Mirror<br>
- Antique Brass Handles w/ Acrylic Accent<br>
- Ball-bearing Glides<br>
- Foundation Required<br>
<strong>Variant Details</strong><br>
- <strong>Size: Queen | Color: Gray | Dimensions: 93 1/4&quot;L X 66 1/2&quot;W X 65 1/4&quot;H | Weight: 603.9 lbs | Volume: 75.2 cuft</strong><br>
- <strong>Size: Queen | Color: Dark Walnut | Dimensions: 93 1/4&quot;L X 66 1/2&quot;W X 63 1/2&quot;H | Weight: 603.9 lbs | Volume: 75.2 cuft</strong><br>
</p>

<p>Materials: Solid Wood, Wood Veneer, Others.<br>
Color: Gray or Dark Walnut<br>
Weight: 603.9 lbs</p>",GOODDEGG,Furniture > Furniture Sets > Bedroom Furniture Sets,Bedroom Set,"Furniture of America, Quick Ship Furniture, New Arrival, Indoor Furniture, 2026",TRUE,Color,Gray,,,,,,,,CM7129GY-Q-5PC-2NS,273924,shopify,20,deny,manual,3297,,TRUE,FALSE,,,,,,https://cdn.shopify.com/s/files/1/0268/6749/9079/files/CM7129GY-1-Z.jpg,1,syracuse-5-pc-bedroom-set-w-2ns,FALSE,SYRACUSE 5 Pc. Bedroom Set w/2NS,"Shop SYRACUSE 5 Pc. Bedroom Set w/2NS. Traditional style. Solid Wood, Wood Veneer build. Multiple colors available. Free shipping. Buy now at GOODDEGG.",CM7129GY-1-Z.jpg,lb,,1369,active
syracuse-5-pc-bedroom-set-w-2ns,,,,,,,,,Dark Walnut,,,,,,,,CM7129Q-5PC-2NS,273924,shopify,20,deny,manual,3297,,TRUE,FALSE,,,,,,https://cdn.shopify.com/s/files/1/0268/6749/9079/files/CM7129GY-2.jpg,2,syracuse-5-pc-bedroom-set-w-2ns,,,,CM7129.jpg,lb,,1369,
syracuse-5-pc-bedroom-set-w-2ns,,,,,,,,,,,,,,,,,,,,,,,,,,,,,,,,https://cdn.shopify.com/s/files/1/0268/6749/9079/files/CM7129GY-3.jpg,3,syracuse-5-pc-bedroom-set-w-2ns,,,,,,,,
syracuse-5-pc-bedroom-set-w-2ns,,,,,,,,,,,,,,,,,,,,,,,,,,,,,,,,https://cdn.shopify.com/s/files/1/0268/6749/9079/files/CM7129GY-4.jpg,4,syracuse-5-pc-bedroom-set-w-2ns,,,,,,,,
syracuse-5-pc-bedroom-set-w-2ns,,,,,,,,,,,,,,,,,,,,,,,,,,,,,,,,https://cdn.shopify.com/s/files/1/0268/6749/9079/files/CM7129GY-5.jpg,5,syracuse-5-pc-bedroom-set-w-2ns,,,,,,,,
syracuse-5-pc-bedroom-set-w-2ns,,,,,,,,,,,,,,,,,,,,,,,,,,,,,,,,https://cdn.shopify.com/s/files/1/0268/6749/9079/files/CM7129.jpg,6,syracuse-5-pc-bedroom-set-w-2ns,,,,,,,,
syracuse-5-pc-bedroom-set-w-2ns,,,,,,,,,,,,,,,,,,,,,,,,,,,,,,,,https://cdn.shopify.com/s/files/1/0268/6749/9079/files/CM7129-HB.jpg,7,syracuse-5-pc-bedroom-set-w-2ns,,,,,,,,
syracuse-5-pc-bedroom-set-w-chest,SYRACUSE 5 Pc. Bedroom Set w/Chest,"<p><span style=""color:#1e73be;""><strong>FREE SHIPPING</strong></span><br>
Elevate your space with SYRACUSE, styled in Traditional and designed for everyday comfort.<br>
This bedroom bedroom set is made to fit naturally into the room. With Solid Wood, Wood Veneer, Others and Gray or Dark Walnut tones, it blends structure and softness in one clean profile.<br>
Product Dimensions: Varies by variant (see Variant Details below).<br>
Size: Queen</p>

<p>Features<br>
- Solid Wood<br>
- Wood Veneer<br>
- Others<br>
- Floral Design on Headboard &amp; Mirror<br>
- Antique Brass Handles w/ Acrylic Accent<br>
- Ball-bearing Glides<br>
- Foundation Required<br>
<strong>Variant Details</strong><br>
- <strong>Size: Queen | Color: Gray | Dimensions: 93 1/4&quot;L X 66 1/2&quot;W X 65 1/4&quot;H | Weight: 746.9 lbs | Volume: 88.7 cuft</strong><br>
- <strong>Size: Queen | Color: Dark Walnut | Dimensions: 93 1/4&quot;L X 66 1/2&quot;W X 63 1/2&quot;H | Weight: 746.9 lbs | Volume: 88.7 cuft</strong><br>
</p>

<p>Materials: Solid Wood, Wood Veneer, Others.<br>
Color: Gray or Dark Walnut<br>
Weight: 746.9 lbs</p>",GOODDEGG,Furniture > Furniture Sets > Bedroom Furniture Sets,Bedroom Set,"Furniture of America, Quick Ship Furniture, New Arrival, Indoor Furniture, 2026",TRUE,Color,Gray,,,,,,,,CM7129GY-Q-5PC-CHEST,338788,shopify,20,deny,manual,3684,,TRUE,FALSE,,,,,,https://cdn.shopify.com/s/files/1/0268/6749/9079/files/CM7129GY-1-Z.jpg,1,syracuse-5-pc-bedroom-set-w-chest,FALSE,SYRACUSE 5 Pc. Bedroom Set w/Chest,"Shop SYRACUSE 5 Pc. Bedroom Set w/Chest. Traditional style. Solid Wood, Wood Veneer build. Multiple colors available. Free shipping. Buy now at GOODDEGG.",CM7129GY-1-Z.jpg,lb,,1548,active
syracuse-5-pc-bedroom-set-w-chest,,,,,,,,,Dark Walnut,,,,,,,,CM7129Q-5PC-CHEST,338788,shopify,20,deny,manual,3684,,TRUE,FALSE,,,,,,https://cdn.shopify.com/s/files/1/0268/6749/9079/files/CM7129GY-2.jpg,2,syracuse-5-pc-bedroom-set-w-chest,,,,CM7129.jpg,lb,,1548,
syracuse-5-pc-bedroom-set-w-chest,,,,,,,,,,,,,,,,,,,,,,,,,,,,,,,,https://cdn.shopify.com/s/files/1/0268/6749/9079/files/CM7129GY-3.jpg,3,syracuse-5-pc-bedroom-set-w-chest,,,,,,,,
syracuse-5-pc-bedroom-set-w-chest,,,,,,,,,,,,,,,,,,,,,,,,,,,,,,,,https://cdn.shopify.com/s/files/1/0268/6749/9079/files/CM7129GY-4.jpg,4,syracuse-5-pc-bedroom-set-w-chest,,,,,,,,
syracuse-5-pc-bedroom-set-w-chest,,,,,,,,,,,,,,,,,,,,,,,,,,,,,,,,https://cdn.shopify.com/s/files/1/0268/6749/9079/files/CM7129GY-5.jpg,5,syracuse-5-pc-bedroom-set-w-chest,,,,,,,,
syracuse-5-pc-bedroom-set-w-chest,,,,,,,,,,,,,,,,,,,,,,,,,,,,,,,,https://cdn.shopify.com/s/files/1/0268/6749/9079/files/CM7129.jpg,6,syracuse-5-pc-bedroom-set-w-chest,,,,,,,,
syracuse-5-pc-bedroom-set-w-chest,,,,,,,,,,,,,,,,,,,,,,,,,,,,,,,,https://cdn.shopify.com/s/files/1/0268/6749/9079/files/CM7129-HB.jpg,7,syracuse-5-pc-bedroom-set-w-chest,,,,,,,,
tawana-4-pc-bedroom-set,TAWANA 4 Pc. Bedroom Set,"<p><span style=""color:#1e73be;""><strong>FREE SHIPPING</strong></span><br>
Create a calm, coordinated retreat with TAWANA 4 Pc. Bedroom Set. Designed as a bedroom bedroom set, it pairs easily with surrounding decor. Its Transitional styling keeps the room feeling polished yet comfortable. Built from Linen-like Fabric, Solid Wood, Wood Veneer, Engineered Wood and finished in Warm Gray or Beige tones for a clean, cohesive look.<br>
Size: Queen</p>

<p>Features<br>
- Warm Gray or Beige<br>
- Padded Headboard<br>
- Felt-lined Top Drawers<br>
- Metal Pull Handles<br>
- USB Charger in Night Stand<br>
- Hidden Jewelry Drawer in Dresser<br>
- Ball Bearing Glides<br>
- Slat Kit Included Included items and dimensions:<br>
- Dresser: color: Warm Gray; dimensions: 56 3 or 4"" W x 18""D x 38"" H; feature: Transitional<br>
- Nightstand w/ USB: color: Warm Gray; dimensions: 23"" W x 16""D x 24"" H; feature: Transitional</p>

<p>Materials: Linen-like Fabric, Solid Wood, Wood Veneer, Engineered Wood.<br>
Color: Warm Gray or Beige<br>
Weight: 388.6 lbs</p>",GOODDEGG,Furniture > Furniture Sets > Bedroom Furniture Sets,Bedroom Set,"Furniture of America, Quick Ship Furniture, New Arrival, Indoor Furniture, 2026",TRUE,Size,Queen,,,,,,,,FOA7918Q-4PC,176266,shopify,20,deny,manual,2427,,TRUE,FALSE,,,,,,https://cdn.shopify.com/s/files/1/0268/6749/9079/files/FOA7918-1.jpg,1,tawana-4-pc-bedroom-set,FALSE,TAWANA 4 Pc. Bedroom Set,"Shop TAWANA 4 Pc. Bedroom Set. Transitional style. Linen-like Fabric, Solid Wood build. Size: Queen. Free shipping. Buy now at GOODDEGG.",FOA7918-1.jpg,lb,,959,active
tawana-4-pc-bedroom-set,,,,,,,,,,,,,,,,,,,,,,,,,,,,,,,,https://cdn.shopify.com/s/files/1/0268/6749/9079/files/FOA7918-2.jpg,2,tawana-4-pc-bedroom-set,,,,,,,,
tawana-4-pc-bedroom-set,,,,,,,,,,,,,,,,,,,,,,,,,,,,,,,,https://cdn.shopify.com/s/files/1/0268/6749/9079/files/FOA7918-3.jpg,3,tawana-4-pc-bedroom-set,,,,,,,,
tawana-4-pc-bedroom-set,,,,,,,,,,,,,,,,,,,,,,,,,,,,,,,,https://cdn.shopify.com/s/files/1/0268/6749/9079/files/FOA7918-4.jpg,4,tawana-4-pc-bedroom-set,,,,,,,,
tawana-5-pc-bedroom-set-w-2ns,TAWANA 5 Pc. Bedroom Set w/ 2NS,"<p><span style=""color:#1e73be;""><strong>FREE SHIPPING</strong></span><br>
TAWANA 5 Pc. Bedroom Set w/ 2NS completes the bedroom with a relaxed, pulled-together look. As a bedroom bedroom set, it is designed to coordinate with matching pieces. The Transitional character adds definition without feeling heavy. Crafted with Linen-like Fabric, Solid Wood, Wood Veneer, Engineered Wood, then finished in Warm Gray or Beige tones to suit a range of interiors.<br>
Size: Queen</p>

<p>Features<br>
- Warm Gray or Beige<br>
- Padded Headboard<br>
- Felt-lined Top Drawers<br>
- Metal Pull Handles<br>
- USB Charger in Night Stand<br>
- Hidden Jewelry Drawer in Dresser<br>
- Ball Bearing Glides<br>
- Slat Kit Included Included items and dimensions:<br>
- Dresser: color: Warm Gray; dimensions: 56 3 or 4"" W x 18""D x 38"" H; feature: Transitional<br>
- Nightstand w/ USB: color: Warm Gray; dimensions: 23"" W x 16""D x 24"" H; feature: Transitional</p>

<p>Materials: Linen-like Fabric, Solid Wood, Wood Veneer, Engineered Wood.<br>
Color: Warm Gray or Beige<br>
Weight: 434.8 lbs</p>",GOODDEGG,Furniture > Furniture Sets > Bedroom Furniture Sets,Bedroom Set,"Furniture of America, Quick Ship Furniture, New Arrival, Indoor Furniture, 2026",TRUE,Size,Queen,,,,,,,,FOA7918Q-5PC-2NS,197222,shopify,20,deny,manual,2757,,TRUE,FALSE,,,,,,https://cdn.shopify.com/s/files/1/0268/6749/9079/files/FOA7918-1.jpg,1,tawana-5-pc-bedroom-set-w-2ns,FALSE,TAWANA 5 Pc. Bedroom Set w/ 2NS,"Shop TAWANA 5 Pc. Bedroom Set w/ 2NS. Transitional style. Linen-like Fabric, Solid Wood build. Size: Queen. Free shipping. Buy now at GOODDEGG.",FOA7918-1.jpg,lb,,1089,active
tawana-5-pc-bedroom-set-w-2ns,,,,,,,,,,,,,,,,,,,,,,,,,,,,,,,,https://cdn.shopify.com/s/files/1/0268/6749/9079/files/FOA7918-2.jpg,2,tawana-5-pc-bedroom-set-w-2ns,,,,,,,,
tawana-5-pc-bedroom-set-w-2ns,,,,,,,,,,,,,,,,,,,,,,,,,,,,,,,,https://cdn.shopify.com/s/files/1/0268/6749/9079/files/FOA7918-3.jpg,3,tawana-5-pc-bedroom-set-w-2ns,,,,,,,,
tawana-5-pc-bedroom-set-w-2ns,,,,,,,,,,,,,,,,,,,,,,,,,,,,,,,,https://cdn.shopify.com/s/files/1/0268/6749/9079/files/FOA7918-4.jpg,4,tawana-5-pc-bedroom-set-w-2ns,,,,,,,,
tawana-5-pc-bedroom-set-w-2ns,,,,,,,,,,,,,,,,,,,,,,,,,,,,,,,,https://cdn.shopify.com/s/files/1/0268/6749/9079/files/FOA7918-5.jpg,5,tawana-5-pc-bedroom-set-w-2ns,,,,,,,,
tawana-5-pc-bedroom-set-w-chest,TAWANA 5 Pc. Bedroom Set w/ Chest,"<p><span style=""color:#1e73be;""><strong>FREE SHIPPING</strong></span><br>
TAWANA 5 Pc. Bedroom Set w/ Chest brings a restful, finished feel to the bedroom. This bedroom bedroom set is made to fit naturally into the room. A Transitional profile gives the space a refined, approachable look. With Linen-like Fabric, Solid Wood, Wood Veneer, Engineered Wood construction and Warm Gray or Beige tones, it blends durability with visual warmth.<br>
Size: Queen</p>

<p>Features<br>
- Warm Gray or Beige<br>
- Padded Headboard<br>
- Felt-lined Top Drawers<br>
- Metal Pull Handles<br>
- USB Charger in Night Stand<br>
- Hidden Jewelry Drawer in Dresser<br>
- Ball Bearing Glides<br>
- Slat Kit Included Included items and dimensions:<br>
- Dresser: color: Warm Gray; dimensions: 56 3 or 4"" W x 18""D x 38"" H; feature: Transitional<br>
- Nightstand w/ USB: color: Warm Gray; dimensions: 23"" W x 16""D x 24"" H; feature: Transitional<br>
- Chest: color: Warm Gray; dimensions: 33"" W x 18""D x 50"" H; feature: Transitional</p>

<p>Materials: Linen-like Fabric, Solid Wood, Wood Veneer, Engineered Wood.<br>
Color: Warm Gray or Beige<br>
Weight: 520.6 lbs</p>",GOODDEGG,Furniture > Furniture Sets > Bedroom Furniture Sets,Bedroom Set,"Furniture of America, Quick Ship Furniture, New Arrival, Indoor Furniture, 2026",TRUE,Size,Queen,,,,,,,,FOA7918Q-5PC-CHEST,236140,shopify,20,deny,manual,3204,,TRUE,FALSE,,,,,,https://cdn.shopify.com/s/files/1/0268/6749/9079/files/FOA7918-1.jpg,1,tawana-5-pc-bedroom-set-w-chest,FALSE,TAWANA 5 Pc. Bedroom Set w/ Chest,"Shop TAWANA 5 Pc. Bedroom Set w/ Chest. Transitional style. Linen-like Fabric, Solid Wood build. Size: Queen. Free shipping. Buy now at GOODDEGG.",FOA7918-1.jpg,lb,,1268,active
tawana-5-pc-bedroom-set-w-chest,,,,,,,,,,,,,,,,,,,,,,,,,,,,,,,,https://cdn.shopify.com/s/files/1/0268/6749/9079/files/FOA7918-2.jpg,2,tawana-5-pc-bedroom-set-w-chest,,,,,,,,
tawana-5-pc-bedroom-set-w-chest,,,,,,,,,,,,,,,,,,,,,,,,,,,,,,,,https://cdn.shopify.com/s/files/1/0268/6749/9079/files/FOA7918-3.jpg,3,tawana-5-pc-bedroom-set-w-chest,,,,,,,,
tawana-5-pc-bedroom-set-w-chest,,,,,,,,,,,,,,,,,,,,,,,,,,,,,,,,https://cdn.shopify.com/s/files/1/0268/6749/9079/files/FOA7918-4.jpg,4,tawana-5-pc-bedroom-set-w-chest,,,,,,,,
tawana-5-pc-bedroom-set-w-chest,,,,,,,,,,,,,,,,,,,,,,,,,,,,,,,,https://cdn.shopify.com/s/files/1/0268/6749/9079/files/FOA7918-5.jpg,5,tawana-5-pc-bedroom-set-w-chest,,,,,,,,
thusis-4-pc-bedroom-set,THUSIS 4 Pc. Bedroom Set,"<p><span style=""color:#1e73be;""><strong>FREE SHIPPING</strong></span><br>
Create a calm, coordinated retreat with THUSIS 4 Pc. Bedroom Set. Designed as a bedroom bedroom set, it pairs easily with surrounding decor. Its Mid-Century Modern styling keeps the room feeling polished yet comfortable. Crafted with Boucle, Solid Wood, Veneer, Engineered Wood, then finished in Walnut or Beige tones to suit a range of interiors.<br>
Product Dimensions: 63.78""L X 84.25""W X 46.46""H<br>
Size: Queen</p>

<p>Features<br>
- Walnut or Beige<br>
- Fabric Panel Headboard<br>
- Round Tapered Legs<br>
- Nickel Bar Pulls<br>
- Anti-Tip Interlock System<br>
- Mattress Ready Included items and dimensions:<br>
- Nightstand: color: Walnut; dimensions: 23"" W x 15.5""D x 22"" H; feature: Mid-Century Modern<br>
- Dresser: color: Walnut; dimensions: 47"" W x 17.5""D x 32.5"" H; feature: Mid-Century Modern</p>

<p>Materials: Boucle, Solid Wood, Veneer, Engineered Wood.<br>
Color: Walnut or Beige<br>
Weight: 352.28 lbs</p>",GOODDEGG,Furniture > Furniture Sets > Bedroom Furniture Sets,Bedroom Set,"Furniture of America, Quick Ship Furniture, New Arrival, Indoor Furniture, 2026",TRUE,Size,Queen,,,,,,,,FM7221WN-Q-4PC,159792,shopify,20,deny,manual,1707,,TRUE,FALSE,,,,,,https://cdn.shopify.com/s/files/1/0268/6749/9079/files/FM7221WN-1-Z.jpg,1,thusis-4-pc-bedroom-set,FALSE,THUSIS 4 Pc. Bedroom Set,"Shop THUSIS 4 Pc. Bedroom Set. Mid-Century Modern style. Boucle, Solid Wood build. Size: Queen. Free shipping. Buy now at GOODDEGG.",FM7221WN-1-Z.jpg,lb,,739,active
thusis-4-pc-bedroom-set,,,,,,,,,,,,,,,,,,,,,,,,,,,,,,,,FM7221WN-WB-1.jpg,2,thusis-4-pc-bedroom-set,,,,,,,,
thusis-5-pc-bedroom-set-w-2ns,THUSIS 5 Pc. Bedroom Set w/ 2NS,"<p><span style=""color:#1e73be;""><strong>FREE SHIPPING</strong></span><br>
THUSIS 5 Pc. Bedroom Set w/ 2NS completes the bedroom with a relaxed, pulled-together look. As a bedroom bedroom set, it is designed to coordinate with matching pieces. The Mid-Century Modern character adds definition without feeling heavy. With Boucle, Solid Wood, Veneer, Engineered Wood construction and Walnut or Beige tones, it blends durability with visual warmth.<br>
Product Dimensions:.<br>
Size: Queen</p>

<p>Features<br>
- Walnut or Beige<br>
- Fabric Panel Headboard<br>
- Round Tapered Legs<br>
- Nickel Bar Pulls<br>
- Anti-Tip Interlock System<br>
- Mattress Ready Included items and dimensions:<br>
- Nightstand: color: Walnut; dimensions: 23"" W x 15.5""D x 22"" H; feature: Mid-Century Modern<br>
- Dresser: color: Walnut; dimensions: 47"" W x 17.5""D x 32.5"" H; feature: Mid-Century Modern</p>

<p>Materials: Boucle, Solid Wood, Veneer, Engineered Wood.<br>
Color: Walnut or Beige<br>
Weight: 403.43 lbs</p>",GOODDEGG,Furniture > Furniture Sets > Bedroom Furniture Sets,Bedroom Set,"Furniture of America, Quick Ship Furniture, New Arrival, Indoor Furniture, 2026",TRUE,Size,Queen,,,,,,,,FM7221WN-Q-5PC-2NS,182993,shopify,20,deny,manual,1977,,TRUE,FALSE,,,,,,https://cdn.shopify.com/s/files/1/0268/6749/9079/files/FM7221WN-1-Z.jpg,1,thusis-5-pc-bedroom-set-w-2ns,FALSE,THUSIS 5 Pc. Bedroom Set w/ 2NS,"Shop THUSIS 5 Pc. Bedroom Set w/ 2NS. Mid-Century Modern style. Boucle, Solid Wood build. Size: Queen. Free shipping. Buy now at GOODDEGG.",FM7221WN-1-Z.jpg,lb,,849,active
thusis-5-pc-bedroom-set-w-2ns,,,,,,,,,,,,,,,,,,,,,,,,,,,,,,,,FM7221WN-WB-1.jpg,2,thusis-5-pc-bedroom-set-w-2ns,,,,,,,,
thusis-5-pc-bedroom-set-w-chest,THUSIS 5 Pc. Bedroom Set w/ Chest,"<p><span style=""color:#1e73be;""><strong>FREE SHIPPING</strong></span><br>
THUSIS 5 Pc. Bedroom Set w/ Chest brings a restful, finished feel to the bedroom. This bedroom bedroom set is made to fit naturally into the room. A Mid-Century Modern profile gives the space a refined, approachable look. Finished in Walnut or Beige tones, the Boucle, Solid Wood, Veneer, Engineered Wood build keeps the look polished and practical.<br>
Product Dimensions:.<br>
Size: Queen</p>

<p>Features<br>
- Walnut or Beige<br>
- Fabric Panel Headboard<br>
- Round Tapered Legs<br>
- Nickel Bar Pulls<br>
- Anti-Tip Interlock System<br>
- Mattress Ready Included items and dimensions:<br>
- Nightstand: color: Walnut; dimensions: 23"" W x 15.5""D x 22"" H; feature: Mid-Century Modern<br>
- Dresser: color: Walnut; dimensions: 47"" W x 17.5""D x 32.5"" H; feature: Mid-Century Modern<br>
- Chest: color: Walnut; dimensions: 33.5"" W x 17.5""D x 47.5"" H; feature: Mid-Century Modern</p>

<p>Materials: Boucle, Solid Wood, Veneer, Engineered Wood.<br>
Color: Walnut or Beige<br>
Weight: 537.91 lbs</p>",GOODDEGG,Furniture > Furniture Sets > Bedroom Furniture Sets,Bedroom Set,"Furniture of America, Quick Ship Furniture, New Arrival, Indoor Furniture, 2026",TRUE,Size,Queen,,,,,,,,FM7221WN-Q-5PC-CHEST,243992,shopify,20,deny,manual,2364,,TRUE,FALSE,,,,,,https://cdn.shopify.com/s/files/1/0268/6749/9079/files/FM7221WN-1-Z.jpg,1,thusis-5-pc-bedroom-set-w-chest,FALSE,THUSIS 5 Pc. Bedroom Set w/ Chest,"Shop THUSIS 5 Pc. Bedroom Set w/ Chest. Mid-Century Modern style. Boucle, Solid Wood build. Size: Queen. Free shipping. Buy now at GOODDEGG.",FM7221WN-1-Z.jpg,lb,,1018,active
thusis-5-pc-bedroom-set-w-chest,,,,,,,,,,,,,,,,,,,,,,,,,,,,,,,,FM7221WN-WB-1.jpg,2,thusis-5-pc-bedroom-set-w-chest,,,,,,,,
torrance-4-pc-bedroom-set-storage-fb,TORRANCE 4 Pc. Bedroom Set (Storage FB),"<p><span style=""color:#1e73be;""><strong>FREE SHIPPING</strong></span><br>
TORRANCE 4 Pc. Bedroom Set (Storage FB) completes the bedroom with a relaxed, pulled-together look. As a bedroom bedroom set, it is designed to coordinate with matching pieces.<br>
Product Dimensions: 70.5""W X 79""D X 59""H<br>
Size: Queen Included items and dimensions:<br>
- Queen Uph Headboard w/ 2 Pcs Reading Light: dimensions: 63"" W x 5.2""D x 72.4"" H<br>
- Queen Storage Footboard w/ 13 Slats and 8 Support Legs: dimensions: 63"" W x 1.8""D x 14.5"" H<br>
- Queen or King Side Rails: dimensions: 82"" W x 1.9""D x 9.4"" H<br>
- Nightstand w/ USB: color: Black; dimensions: 26"" W x 18""D x 26"" H; feature: Mid-Century Modern<br>
- Dresser: color: Black; dimensions: 62"" W x 18""D x 36"" H; feature: Mid-Century Modern</p>",GOODDEGG,Furniture > Furniture Sets > Bedroom Furniture Sets,Bedroom Set,"Furniture of America, Quick Ship Furniture, New Arrival, Indoor Furniture, 2026",TRUE,Size,Queen,,,,,,,,FM74002BK-Q-ST-4PC,,shopify,20,deny,manual,2727,,TRUE,FALSE,,,,,,https://cdn.shopify.com/s/files/1/0268/6749/9079/files/FM74002BK-1.jpg,1,torrance-4-pc-bedroom-set-storage-fb,FALSE,TORRANCE 4 Pc. Bedroom Set (Storage FB),Shop TORRANCE 4 Pc. Bedroom Set (Storage FB). Size: Queen. Free shipping. Buy now at GOODDEGG.,FM74002BK-1.jpg,lb,,1159,active
torrance-4-pc-bedroom-set-storage-fb,,,,,,,,,,,,,,,,,,,,,,,,,,,,,,,,https://cdn.shopify.com/s/files/1/0268/6749/9079/files/FM74002BK-HANDLE.jpg,2,torrance-4-pc-bedroom-set-storage-fb,,,,,,,,
torrance-4-pc-bedroom-set-storage-fb,,,,,,,,,,,,,,,,,,,,,,,,,,,,,,,,https://cdn.shopify.com/s/files/1/0268/6749/9079/files/FM74002BK-N-DRAWER.jpg,3,torrance-4-pc-bedroom-set-storage-fb,,,,,,,,
torrance-4-pc-bedroom-set-storage-fb,,,,,,,,,,,,,,,,,,,,,,,,,,,,,,,,https://cdn.shopify.com/s/files/1/0268/6749/9079/files/FM74002BK-N-LEG.jpg,4,torrance-4-pc-bedroom-set-storage-fb,,,,,,,,
torrance-4-pc-bedroom-set-storage-fb,,,,,,,,,,,,,,,,,,,,,,,,,,,,,,,,https://cdn.shopify.com/s/files/1/0268/6749/9079/files/FM74002BK-N-USB.jpg,5,torrance-4-pc-bedroom-set-storage-fb,,,,,,,,
torrance-5-pc-bedroom-set-w-2ns-storage-fb,TORRANCE 5 Pc. Bedroom Set w/ 2NS (Storage FB),"<p><span style=""color:#1e73be;""><strong>FREE SHIPPING</strong></span><br>
TORRANCE 5 Pc. Bedroom Set w/ 2NS (Storage FB) brings a restful, finished feel to the bedroom. This bedroom bedroom set is made to fit naturally into the room.<br>
Product Dimensions: 70.5""W X 79""D X 59""H<br>
Size: Queen Included items and dimensions:<br>
- Queen Uph Headboard w/ 2 Pcs Reading Light: dimensions: 63"" W x 5.2""D x 72.4"" H<br>
- Queen Storage Footboard w/ 13 Slats and 8 Support Legs: dimensions: 63"" W x 1.8""D x 14.5"" H<br>
- Queen or King Side Rails: dimensions: 82"" W x 1.9""D x 9.4"" H<br>
- Nightstand w/ USB: color: Black; dimensions: 26"" W x 18""D x 26"" H; feature: Mid-Century Modern<br>
- Dresser: color: Black; dimensions: 62"" W x 18""D x 36"" H; feature: Mid-Century Modern</p>",GOODDEGG,Furniture > Furniture Sets > Bedroom Furniture Sets,Bedroom Set,"Furniture of America, Quick Ship Furniture, New Arrival, Indoor Furniture, 2026",TRUE,Size,Queen,,,,,,,,FM74002BK-Q-ST-5P-2N,,shopify,20,deny,manual,3177,,TRUE,FALSE,,,,,,https://cdn.shopify.com/s/files/1/0268/6749/9079/files/FM74002BK-1.jpg,1,torrance-5-pc-bedroom-set-w-2ns-storage-fb,FALSE,TORRANCE 5 Pc. Bedroom Set w/ 2NS (Storage FB),Shop TORRANCE 5 Pc. Bedroom Set w/ 2NS (Storage FB). Size: Queen. Free shipping. Buy now at GOODDEGG.,FM74002BK-1.jpg,lb,,1339,active
torrance-5-pc-bedroom-set-w-2ns-storage-fb,,,,,,,,,,,,,,,,,,,,,,,,,,,,,,,,https://cdn.shopify.com/s/files/1/0268/6749/9079/files/FM74002BK-HANDLE.jpg,2,torrance-5-pc-bedroom-set-w-2ns-storage-fb,,,,,,,,
torrance-5-pc-bedroom-set-w-2ns-storage-fb,,,,,,,,,,,,,,,,,,,,,,,,,,,,,,,,https://cdn.shopify.com/s/files/1/0268/6749/9079/files/FM74002BK-N-DRAWER.jpg,3,torrance-5-pc-bedroom-set-w-2ns-storage-fb,,,,,,,,
torrance-5-pc-bedroom-set-w-2ns-storage-fb,,,,,,,,,,,,,,,,,,,,,,,,,,,,,,,,https://cdn.shopify.com/s/files/1/0268/6749/9079/files/FM74002BK-N-LEG.jpg,4,torrance-5-pc-bedroom-set-w-2ns-storage-fb,,,,,,,,
torrance-5-pc-bedroom-set-w-2ns-storage-fb,,,,,,,,,,,,,,,,,,,,,,,,,,,,,,,,https://cdn.shopify.com/s/files/1/0268/6749/9079/files/FM74002BK-N-USB.jpg,5,torrance-5-pc-bedroom-set-w-2ns-storage-fb,,,,,,,,
torrance-5-pc-bedroom-set-w-chest-storage-fb,TORRANCE 5 Pc. Bedroom Set w/ Chest (Storage FB),"<p><span style=""color:#1e73be;""><strong>FREE SHIPPING</strong></span><br>
Create a calm, coordinated retreat with TORRANCE 5 Pc. Bedroom Set w/ Chest (Storage FB). Designed as a bedroom bedroom set, it pairs easily with surrounding decor.<br>
Product Dimensions: 70.5""W X 79""D X 59""H<br>
Size: Queen Included items and dimensions:<br>
- Queen Uph Headboard w/ 2 Pcs Reading Light: dimensions: 63"" W x 5.2""D x 72.4"" H<br>
- Queen Storage Footboard w/ 13 Slats and 8 Support Legs: dimensions: 63"" W x 1.8""D x 14.5"" H<br>
- Queen or King Side Rails: dimensions: 82"" W x 1.9""D x 9.4"" H<br>
- Nightstand w/ USB: color: Black; dimensions: 26"" W x 18""D x 26"" H; feature: Mid-Century Modern<br>
- Dresser: color: Black; dimensions: 62"" W x 18""D x 36"" H; feature: Mid-Century Modern<br>
- Chest: color: Black; dimensions: 34"" W x 18""D x 56"" H; feature: Mid-Century Modern</p>",GOODDEGG,Furniture > Furniture Sets > Bedroom Furniture Sets,Bedroom Set,"Furniture of America, Quick Ship Furniture, New Arrival, Indoor Furniture, 2026",TRUE,Size,Queen,,,,,,,,FM74002BK-Q-ST-5PC-C,,shopify,20,deny,manual,3564,,TRUE,FALSE,,,,,,https://cdn.shopify.com/s/files/1/0268/6749/9079/files/FM74002BK-1.jpg,1,torrance-5-pc-bedroom-set-w-chest-storage-fb,FALSE,TORRANCE 5 Pc. Bedroom Set w/ Chest (Storage FB),Shop TORRANCE 5 Pc. Bedroom Set w/ Chest (Storage FB). Size: Queen. Free shipping. Buy now at GOODDEGG.,FM74002BK-1.jpg,lb,,1538,active
torrance-5-pc-bedroom-set-w-chest-storage-fb,,,,,,,,,,,,,,,,,,,,,,,,,,,,,,,,https://cdn.shopify.com/s/files/1/0268/6749/9079/files/FM74002BK-HANDLE.jpg,2,torrance-5-pc-bedroom-set-w-chest-storage-fb,,,,,,,,
torrance-5-pc-bedroom-set-w-chest-storage-fb,,,,,,,,,,,,,,,,,,,,,,,,,,,,,,,,https://cdn.shopify.com/s/files/1/0268/6749/9079/files/FM74002BK-N-DRAWER.jpg,3,torrance-5-pc-bedroom-set-w-chest-storage-fb,,,,,,,,
torrance-5-pc-bedroom-set-w-chest-storage-fb,,,,,,,,,,,,,,,,,,,,,,,,,,,,,,,,https://cdn.shopify.com/s/files/1/0268/6749/9079/files/FM74002BK-N-LEG.jpg,4,torrance-5-pc-bedroom-set-w-chest-storage-fb,,,,,,,,
torrance-5-pc-bedroom-set-w-chest-storage-fb,,,,,,,,,,,,,,,,,,,,,,,,,,,,,,,,https://cdn.shopify.com/s/files/1/0268/6749/9079/files/FM74002BK-N-USB.jpg,5,torrance-5-pc-bedroom-set-w-chest-storage-fb,,,,,,,,
tromso-4-pc-bedroom-set,TROMSO 4 Pc. Bedroom Set,"<p><span style=""color:#1e73be;""><strong>FREE SHIPPING</strong></span><br>
TROMSO 4 Pc. Bedroom Set completes the bedroom with a relaxed, pulled-together look. As a bedroom bedroom set, it is designed to coordinate with matching pieces. The Mid-Century Modern character adds definition without feeling heavy. With Solid Wood, Veneer, Engineered Wood construction and Walnut tones, it blends durability with visual warmth.<br>
Product Dimensions: 63.78""L X 84.25""W X 46.46""H<br>
Size: Queen</p>

<p>Features<br>
- Panel Headboard<br>
- Round Tapered Legs<br>
- Nickel Bar Pulls on Case Goods<br>
- Anti-Tip Interlock System<br>
- Mattress Ready Included items and dimensions:<br>
- Nightstand: color: Walnut; dimensions: 23"" W x 15.5""D x 22"" H; feature: Mid-Century Modern<br>
- Dresser: color: Walnut; dimensions: 47"" W x 17.5""D x 32.5"" H; feature: Mid-Century Modern</p>

<p>Materials: Solid Wood, Veneer, Engineered Wood.<br>
Color: Walnut<br>
Weight: 346.14 lbs</p>",GOODDEGG,Furniture > Furniture Sets > Bedroom Furniture Sets,Bedroom Set,"Furniture of America, Quick Ship Furniture, New Arrival, Indoor Furniture, 2026",TRUE,Size,Queen,,,,,,,,FM7220WN-Q-4PC,157006,shopify,20,deny,manual,1677,,TRUE,FALSE,,,,,,https://cdn.shopify.com/s/files/1/0268/6749/9079/files/FM7220WN-1-Z.jpg,1,tromso-4-pc-bedroom-set,FALSE,TROMSO 4 Pc. Bedroom Set,"Shop TROMSO 4 Pc. Bedroom Set. Mid-Century Modern style. Solid Wood, Veneer build. Size: Queen. Free shipping. Buy now at GOODDEGG.",FM7220WN-1-Z.jpg,lb,,739,active
tromso-4-pc-bedroom-set,,,,,,,,,,,,,,,,,,,,,,,,,,,,,,,,https://cdn.shopify.com/s/files/1/0268/6749/9079/files/FM7220WN-WB-1.jpg,2,tromso-4-pc-bedroom-set,,,,,,,,
tromso-5-pc-bedroom-set-w-2ns,TROMSO 5 Pc. Bedroom Set w/ 2NS,"<p><span style=""color:#1e73be;""><strong>FREE SHIPPING</strong></span><br>
TROMSO 5 Pc. Bedroom Set w/ 2NS brings a restful, finished feel to the bedroom. This bedroom bedroom set is made to fit naturally into the room. A Mid-Century Modern profile gives the space a refined, approachable look. Finished in Walnut tones, the Solid Wood, Veneer, Engineered Wood build keeps the look polished and practical.<br>
Product Dimensions:.<br>
Size: Queen</p>

<p>Features<br>
- Panel Headboard<br>
- Round Tapered Legs<br>
- Nickel Bar Pulls on Case Goods<br>
- Anti-Tip Interlock System<br>
- Mattress Ready Included items and dimensions:<br>
- Nightstand: color: Walnut; dimensions: 23"" W x 15.5""D x 22"" H; feature: Mid-Century Modern<br>
- Dresser: color: Walnut; dimensions: 47"" W x 17.5""D x 32.5"" H; feature: Mid-Century Modern</p>

<p>Materials: Solid Wood, Veneer, Engineered Wood.<br>
Color: Walnut<br>
Weight: 397.29 lbs</p>",GOODDEGG,Furniture > Furniture Sets > Bedroom Furniture Sets,Bedroom Set,"Furniture of America, Quick Ship Furniture, New Arrival, Indoor Furniture, 2026",TRUE,Size,Queen,,,,,,,,FM7220WN-Q-5PC-2NS,180208,shopify,20,deny,manual,1947,,TRUE,FALSE,,,,,,https://cdn.shopify.com/s/files/1/0268/6749/9079/files/FM7220WN-1-Z.jpg,1,tromso-5-pc-bedroom-set-w-2ns,FALSE,TROMSO 5 Pc. Bedroom Set w/ 2NS,"Shop TROMSO 5 Pc. Bedroom Set w/ 2NS. Mid-Century Modern style. Solid Wood, Veneer build. Size: Queen. Free shipping. Buy now at GOODDEGG.",FM7220WN-1-Z.jpg,lb,,849,active
tromso-5-pc-bedroom-set-w-2ns,,,,,,,,,,,,,,,,,,,,,,,,,,,,,,,,https://cdn.shopify.com/s/files/1/0268/6749/9079/files/FM7220WN-WB-1.jpg,2,tromso-5-pc-bedroom-set-w-2ns,,,,,,,,
tromso-5-pc-bedroom-set-w-chest,TROMSO 5 Pc. Bedroom Set w/ Chest,"<p><span style=""color:#1e73be;""><strong>FREE SHIPPING</strong></span><br>
Create a calm, coordinated retreat with TROMSO 5 Pc. Bedroom Set w/ Chest. Designed as a bedroom bedroom set, it pairs easily with surrounding decor. Its Mid-Century Modern styling keeps the room feeling polished yet comfortable. Built from Solid Wood, Veneer, Engineered Wood and finished in Walnut tones for a clean, cohesive look.<br>
Product Dimensions:.<br>
Size: Queen</p>

<p>Features<br>
- Panel Headboard<br>
- Round Tapered Legs<br>
- Nickel Bar Pulls on Case Goods<br>
- Anti-Tip Interlock System<br>
- Mattress Ready Included items and dimensions:<br>
- Nightstand: color: Walnut; dimensions: 23"" W x 15.5""D x 22"" H; feature: Mid-Century Modern<br>
- Dresser: color: Walnut; dimensions: 47"" W x 17.5""D x 32.5"" H; feature: Mid-Century Modern<br>
- Chest: color: Walnut; dimensions: 33.5"" W x 17.5""D x 47.5"" H; feature: Mid-Century Modern</p>

<p>Materials: Solid Wood, Veneer, Engineered Wood.<br>
Color: Walnut<br>
Weight: 531.77 lbs</p>",GOODDEGG,Furniture > Furniture Sets > Bedroom Furniture Sets,Bedroom Set,"Furniture of America, Quick Ship Furniture, New Arrival, Indoor Furniture, 2026",TRUE,Size,Queen,,,,,,,,FM7220WN-Q-5PC-CHEST,241207,shopify,20,deny,manual,2334,,TRUE,FALSE,,,,,,https://cdn.shopify.com/s/files/1/0268/6749/9079/files/FM7220WN-1-Z.jpg,1,tromso-5-pc-bedroom-set-w-chest,FALSE,TROMSO 5 Pc. Bedroom Set w/ Chest,"Shop TROMSO 5 Pc. Bedroom Set w/ Chest. Mid-Century Modern style. Solid Wood, Veneer build. Size: Queen. Free shipping. Buy now at GOODDEGG.",FM7220WN-1-Z.jpg,lb,,1018,active
tromso-5-pc-bedroom-set-w-chest,,,,,,,,,,,,,,,,,,,,,,,,,,,,,,,,https://cdn.shopify.com/s/files/1/0268/6749/9079/files/FM7220WN-WB-1.jpg,2,tromso-5-pc-bedroom-set-w-chest,,,,,,,,
tuscan-ii-4-pc-bedroom-set,TUSCAN II 4 Pc. Bedroom Set,"<p><span style=""color:#1e73be;""><strong>FREE SHIPPING</strong></span><br>
TUSCAN II 4 Pc. Bedroom Set completes the bedroom with a relaxed, pulled-together look. As a bedroom bedroom set, it is designed to coordinate with matching pieces. The Traditional character adds definition without feeling heavy. Crafted with Solid Wood, Wood Veneer, Engineered Wood, then finished in Glossy Dark Pine tones to suit a range of interiors.<br>
Product Dimensions: 90 1/2""L X 63 1/2""W X 53 1/2""H<br>
Size: Queen</p>

<p>Features<br>
- Traditional<br>
- Turned Post Bed<br>
- Antique Gold Drawer Handles<br>
- Foundation Required Included items and dimensions:<br>
- II Nightstand: color: Glossy Dark Pine; dimensions: 28"" W x 16""D x 24 1 or 4"" H; feature: Traditional<br>
- II Dresser: color: Glossy Dark Pine; dimensions: 64"" W x 17""D x 33 1 or 4"" H; feature: Traditional<br>
- Fold Mirror II Tri: color: Glossy Dark Pine; dimensions: 49 1 or 2"" W x 46"" H x 2""D; feature: Traditional</p>

<p>Materials: Solid Wood, Wood Veneer, Engineered Wood.<br>
Color: Glossy Dark Pine<br>
Weight: 376.25 lbs</p>",GOODDEGG,Furniture > Furniture Sets > Bedroom Furniture Sets,Bedroom Set,"Furniture of America, Quick Ship Furniture, New Arrival, Indoor Furniture, 2026",TRUE,Size,Queen,,,,,,,,CM7571Q-4PC,170664,shopify,20,deny,manual,1977,,TRUE,FALSE,,,,,,https://cdn.shopify.com/s/files/1/0268/6749/9079/files/CM7571.jpg,1,tuscan-ii-4-pc-bedroom-set,FALSE,TUSCAN II 4 Pc. Bedroom Set,"Shop TUSCAN II 4 Pc. Bedroom Set. Traditional style. Solid Wood, Wood Veneer build. Size: Queen. Free shipping. Buy now at GOODDEGG.",CM7571.jpg,lb,,829,active
tuscan-ii-5-pc-bedroom-set-w-2ns,TUSCAN II 5 Pc. Bedroom Set w/ 2NS,"<p><span style=""color:#1e73be;""><strong>FREE SHIPPING</strong></span><br>
TUSCAN II 5 Pc. Bedroom Set w/ 2NS brings a restful, finished feel to the bedroom. This bedroom bedroom set is made to fit naturally into the room. A Traditional profile gives the space a refined, approachable look. With Solid Wood, Wood Veneer, Engineered Wood construction and Glossy Dark Pine tones, it blends durability with visual warmth.<br>
Product Dimensions: 90 1/2""L X 63 1/2""W X 53 1/2""H<br>
Size: Queen</p>

<p>Features<br>
- Traditional<br>
- Turned Post Bed<br>
- Antique Gold Drawer Handles<br>
- Foundation Required Included items and dimensions:<br>
- II Nightstand: color: Glossy Dark Pine; dimensions: 28"" W x 16""D x 24 1 or 4"" H; feature: Traditional<br>
- II Dresser: color: Glossy Dark Pine; dimensions: 64"" W x 17""D x 33 1 or 4"" H; feature: Traditional<br>
- Fold Mirror II Tri: color: Glossy Dark Pine; dimensions: 49 1 or 2"" W x 46"" H x 2""D; feature: Traditional</p>

<p>Materials: Solid Wood, Wood Veneer, Engineered Wood.<br>
Color: Glossy Dark Pine<br>
Weight: 423.55 lbs</p>",GOODDEGG,Furniture > Furniture Sets > Bedroom Furniture Sets,Bedroom Set,"Furniture of America, Quick Ship Furniture, New Arrival, Indoor Furniture, 2026",TRUE,Size,Queen,,,,,,,,CM7571Q-5PC-2NS,192119,shopify,20,deny,manual,2247,,TRUE,FALSE,,,,,,https://cdn.shopify.com/s/files/1/0268/6749/9079/files/CM7571.jpg,1,tuscan-ii-5-pc-bedroom-set-w-2ns,FALSE,TUSCAN II 5 Pc. Bedroom Set w/ 2NS,"Shop TUSCAN II 5 Pc. Bedroom Set w/ 2NS. Traditional style. Solid Wood, Wood Veneer build. Size: Queen. Free shipping. Buy now at GOODDEGG.",CM7571.jpg,lb,,939,active
tuscan-ii-5-pc-bedroom-set-w-chest,TUSCAN II 5 Pc. Bedroom Set w/ Chest,"<p><span style=""color:#1e73be;""><strong>FREE SHIPPING</strong></span><br>
Create a calm, coordinated retreat with TUSCAN II 5 Pc. Bedroom Set w/ Chest. Designed as a bedroom bedroom set, it pairs easily with surrounding decor. Its Traditional styling keeps the room feeling polished yet comfortable. Finished in Glossy Dark Pine tones, the Solid Wood, Wood Veneer, Engineered Wood build keeps the look polished and practical.<br>
Product Dimensions: 90 1/2""L X 63 1/2""W X 53 1/2""H<br>
Size: Queen</p>

<p>Features<br>
- Traditional<br>
- Turned Post Bed<br>
- Antique Gold Drawer Handles<br>
- Foundation Required Included items and dimensions:<br>
- II Nightstand: color: Glossy Dark Pine; dimensions: 28"" W x 16""D x 24 1 or 4"" H; feature: Traditional<br>
- II Dresser: color: Glossy Dark Pine; dimensions: 64"" W x 17""D x 33 1 or 4"" H; feature: Traditional<br>
- Fold Mirror II Tri: color: Glossy Dark Pine; dimensions: 49 1 or 2"" W x 46"" H x 2""D; feature: Traditional<br>
- II Chest: color: Glossy Dark Pine; dimensions: 38"" W x 17""D x 49"" H; feature: Traditional</p>

<p>Materials: Solid Wood, Wood Veneer, Engineered Wood.<br>
Color: Glossy Dark Pine<br>
Weight: 497.28 lbs</p>",GOODDEGG,Furniture > Furniture Sets > Bedroom Furniture Sets,Bedroom Set,"Furniture of America, Quick Ship Furniture, New Arrival, Indoor Furniture, 2026",TRUE,Size,Queen,,,,,,,,CM7571Q-5PC-CHEST,225562,shopify,20,deny,manual,2574,,TRUE,FALSE,,,,,,https://cdn.shopify.com/s/files/1/0268/6749/9079/files/CM7571.jpg,1,tuscan-ii-5-pc-bedroom-set-w-chest,FALSE,TUSCAN II 5 Pc. Bedroom Set w/ Chest,"Shop TUSCAN II 5 Pc. Bedroom Set w/ Chest. Traditional style. Solid Wood, Wood Veneer build. Size: Queen. Free shipping. Buy now at GOODDEGG.",CM7571.jpg,lb,,1088,active
valentini-4-pc-bedroom-set,VALENTINI 4 Pc. Bedroom Set,"<p><span style=""color:#1e73be;""><strong>FREE SHIPPING</strong></span><br>
Create a calm, coordinated retreat with VALENTINI 4 Pc. Bedroom Set. Designed as a bedroom bedroom set, it pairs easily with surrounding decor. Its Traditional styling keeps the room feeling polished yet comfortable. With Fabric, Solid Wood, construction and White tones, it blends durability with visual warmth.<br>
Size: Queen</p>

<p>Features<br>
- Traditional<br>
- Wing Back Headboard<br>
- Diamond Tufting<br>
- Crystal-like Acrylic Buttons<br>
- Carved Details<br>
- Felt-lined Top Drawer<br>
- Dustproof Drawers<br>
- Ball-bearing Glides Included items and dimensions:<br>
- Nightstand: color: White; dimensions: 31"" W x 17.5""D x 29.5"" H; feature: Traditional<br>
- Dresser: color: White; dimensions: 68"" W x 20.5""D x 40"" H; feature: Traditional</p>

<p>Materials: Fabric, Solid Wood.<br>
Color: White<br>
Weight: 551.1 lbs</p>",GOODDEGG,Furniture > Furniture Sets > Bedroom Furniture Sets,Bedroom Set,"Furniture of America, Quick Ship Furniture, New Arrival, Indoor Furniture, 2026",TRUE,Size,Queen,,,,,,,,FM7419WH-Q-4PC,249975,shopify,20,deny,manual,4767,,TRUE,FALSE,,,,,,https://cdn.shopify.com/s/files/1/0268/6749/9079/files/FM7419WH-1-Z.jpg,1,valentini-4-pc-bedroom-set,FALSE,VALENTINI 4 Pc. Bedroom Set,"Shop VALENTINI 4 Pc. Bedroom Set. Traditional style. Fabric, Solid Wood build. Size: Queen. Free shipping. Buy now at GOODDEGG.",FM7419WH-1-Z.jpg,lb,,1999,active
valentini-4-pc-bedroom-set,,,,,,,,,,,,,,,,,,,,,,,,,,,,,,,,FM7419WH-2.jpg,2,valentini-4-pc-bedroom-set,,,,,,,,
valentini-5-pc-bedroom-set-w-2ns,VALENTINI 5 Pc. Bedroom Set w/ 2NS,"<p><span style=""color:#1e73be;""><strong>FREE SHIPPING</strong></span><br>
VALENTINI 5 Pc. Bedroom Set w/ 2NS completes the bedroom with a relaxed, pulled-together look. As a bedroom bedroom set, it is designed to coordinate with matching pieces. The Traditional character adds definition without feeling heavy. Finished in White tones, the Fabric, Solid Wood, build keeps the look polished and practical.<br>
Product Dimensions:.<br>
Size: Queen</p>

<p>Features<br>
- Traditional<br>
- Wing Back Headboard<br>
- Diamond Tufting<br>
- Crystal-like Acrylic Buttons<br>
- Carved Details<br>
- Felt-lined Top Drawer<br>
- Dustproof Drawers<br>
- Ball-bearing Glides Included items and dimensions:<br>
- Nightstand: color: White; dimensions: 31"" W x 17.5""D x 29.5"" H; feature: Traditional<br>
- Dresser: color: White; dimensions: 68"" W x 20.5""D x 40"" H; feature: Traditional</p>

<p>Materials: Fabric, Solid Wood.<br>
Color: White<br>
Weight: 631.4 lbs</p>",GOODDEGG,Furniture > Furniture Sets > Bedroom Furniture Sets,Bedroom Set,"Furniture of America, Quick Ship Furniture, New Arrival, Indoor Furniture, 2026",TRUE,Size,Queen,,,,,,,,FM7419WH-Q-5PC-2NS,286398,shopify,20,deny,manual,5427,,TRUE,FALSE,,,,,,https://cdn.shopify.com/s/files/1/0268/6749/9079/files/FM7419WH-1-Z.jpg,1,valentini-5-pc-bedroom-set-w-2ns,FALSE,VALENTINI 5 Pc. Bedroom Set w/ 2NS,"Shop VALENTINI 5 Pc. Bedroom Set w/ 2NS. Traditional style. Fabric, Solid Wood build. Size: Queen. Free shipping. Buy now at GOODDEGG.",FM7419WH-1-Z.jpg,lb,,2269,active
valentini-5-pc-bedroom-set-w-2ns,,,,,,,,,,,,,,,,,,,,,,,,,,,,,,,,FM7419WH-2.jpg,2,valentini-5-pc-bedroom-set-w-2ns,,,,,,,,
valentini-5-pc-bedroom-set-w-chest,VALENTINI 5 Pc. Bedroom Set w/ Chest,"<p><span style=""color:#1e73be;""><strong>FREE SHIPPING</strong></span><br>
VALENTINI 5 Pc. Bedroom Set w/ Chest brings a restful, finished feel to the bedroom. This bedroom bedroom set is made to fit naturally into the room. A Traditional profile gives the space a refined, approachable look. Built from Fabric, Solid Wood, and finished in White tones for a clean, cohesive look.<br>
Product Dimensions:.<br>
Size: Queen</p>

<p>Features<br>
- Traditional<br>
- Wing Back Headboard<br>
- Diamond Tufting<br>
- Crystal-like Acrylic Buttons<br>
- Carved Details<br>
- Felt-lined Top Drawer<br>
- Dustproof Drawers<br>
- Ball-bearing Glides Included items and dimensions:<br>
- Nightstand: color: White; dimensions: 31"" W x 17.5""D x 29.5"" H; feature: Traditional<br>
- Dresser: color: White; dimensions: 68"" W x 20.5""D x 40"" H; feature: Traditional<br>
- Chest: color: White; dimensions: 43"" W x 19""D x 52.5"" H; feature: Traditional</p>

<p>Materials: Fabric, Solid Wood.<br>
Color: White<br>
Weight: 738.1 lbs</p>",GOODDEGG,Furniture > Furniture Sets > Bedroom Furniture Sets,Bedroom Set,"Furniture of America, Quick Ship Furniture, New Arrival, Indoor Furniture, 2026",TRUE,Size,Queen,,,,,,,,FM7419WH-Q-5PC-CHEST,334797,shopify,20,deny,manual,5814,,TRUE,FALSE,,,,,,https://cdn.shopify.com/s/files/1/0268/6749/9079/files/FM7419WH-1-Z.jpg,1,valentini-5-pc-bedroom-set-w-chest,FALSE,VALENTINI 5 Pc. Bedroom Set w/ Chest,"Shop VALENTINI 5 Pc. Bedroom Set w/ Chest. Traditional style. Fabric, Solid Wood build. Size: Queen. Free shipping. Buy now at GOODDEGG.",FM7419WH-1-Z.jpg,lb,,2498,active
valentini-5-pc-bedroom-set-w-chest,,,,,,,,,,,,,,,,,,,,,,,,,,,,,,,,FM7419WH-2.jpg,2,valentini-5-pc-bedroom-set-w-chest,,,,,,,,
valletta-4-pc-bedroom-set,VALLETTA 4 Pc. Bedroom Set,"<p><span style=""color:#1e73be;""><strong>FREE SHIPPING</strong></span><br>
Create a calm, coordinated retreat with VALLETTA 4 Pc. Bedroom Set. Designed as a bedroom bedroom set, it pairs easily with surrounding decor. Its Glam styling keeps the room feeling polished yet comfortable. Crafted with Polyresin, Mirror, Solid Wood, Wood Veneer, then finished in Champagne tones to suit a range of interiors.<br>
Product Dimensions: 86 1/4""L X 64 3/4""W X 63""H<br>
Size: Queen</p>

<p>Features<br>
- USB Charger on Night Stand<br>
- Hidden Jewelry Drawer in Night Stand and Dresser<br>
- Decorative Pattern Included items and dimensions:<br>
- Nightstand w/ USB: color: Champagne; dimensions: 28 1 or 4"" W x 18""D x 29"" H; feature: Glam<br>
- Dresser: color: Champagne; dimensions: 66 1 or 4"" W x 18""D x 40"" H; feature: Glam</p>

<p>Materials: Polyresin, Mirror, Solid Wood, Wood Veneer.<br>
Color: Champagne<br>
Weight: 493.7 lbs</p>",GOODDEGG,Furniture > Furniture Sets > Bedroom Furniture Sets,Bedroom Set,"Furniture of America, Quick Ship Furniture, New Arrival, Indoor Furniture, 2026",TRUE,Size,Queen,,,,,,,,FOA7157Q-4PC,223939,shopify,20,deny,manual,2847,,TRUE,FALSE,,,,,,https://cdn.shopify.com/s/files/1/0268/6749/9079/files/FOA7157-1-Z.jpg,1,valletta-4-pc-bedroom-set,FALSE,VALLETTA 4 Pc. Bedroom Set,"Shop VALLETTA 4 Pc. Bedroom Set. Glam style. Polyresin, Mirror build. Size: Queen. Free shipping. Buy now at GOODDEGG.",FOA7157-1-Z.jpg,lb,,1078,active
valletta-4-pc-bedroom-set,,,,,,,,,,,,,,,,,,,,,,,,,,,,,,,,https://cdn.shopify.com/s/files/1/0268/6749/9079/files/FOA7157-2.jpg,2,valletta-4-pc-bedroom-set,,,,,,,,
valletta-5-pc-bedroom-set-w-2ns,VALLETTA 5 Pc. Bedroom Set w/ 2NS,"<p><span style=""color:#1e73be;""><strong>FREE SHIPPING</strong></span><br>
VALLETTA 5 Pc. Bedroom Set w/ 2NS completes the bedroom with a relaxed, pulled-together look. As a bedroom bedroom set, it is designed to coordinate with matching pieces. The Glam character adds definition without feeling heavy. With Polyresin, Mirror, Solid Wood, Wood Veneer, construction and Champagne tones, it blends durability with visual warmth.<br>
Product Dimensions: 86 1/4""L X 64 3/4""W X 63""H<br>
Size: Queen</p>

<p>Features<br>
- USB Charger on Night Stand<br>
- Hidden Jewelry Drawer in Night Stand and Dresser<br>
- Decorative Pattern Included items and dimensions:<br>
- Nightstand w/ USB: color: Champagne; dimensions: 28 1 or 4"" W x 18""D x 29"" H; feature: Glam<br>
- Dresser: color: Champagne; dimensions: 66 1 or 4"" W x 18""D x 40"" H; feature: Glam</p>

<p>Materials: Polyresin, Mirror, Solid Wood, Wood Veneer.<br>
Color: Champagne<br>
Weight: 566.3 lbs</p>",GOODDEGG,Furniture > Furniture Sets > Bedroom Furniture Sets,Bedroom Set,"Furniture of America, Quick Ship Furniture, New Arrival, Indoor Furniture, 2026",TRUE,Size,Queen,,,,,,,,FOA7157Q-5PC-2NS,256869,shopify,20,deny,manual,3387,,TRUE,FALSE,,,,,,https://cdn.shopify.com/s/files/1/0268/6749/9079/files/FOA7157-1-Z.jpg,1,valletta-5-pc-bedroom-set-w-2ns,FALSE,VALLETTA 5 Pc. Bedroom Set w/ 2NS,"Shop VALLETTA 5 Pc. Bedroom Set w/ 2NS. Glam style. Polyresin, Mirror build. Size: Queen. Free shipping. Buy now at GOODDEGG.",FOA7157-1-Z.jpg,lb,,1329,active
valletta-5-pc-bedroom-set-w-2ns,,,,,,,,,,,,,,,,,,,,,,,,,,,,,,,,https://cdn.shopify.com/s/files/1/0268/6749/9079/files/FOA7157-2.jpg,2,valletta-5-pc-bedroom-set-w-2ns,,,,,,,,
valletta-5-pc-bedroom-set-w-chest,VALLETTA 5 Pc. Bedroom Set w/ Chest,"<p><span style=""color:#1e73be;""><strong>FREE SHIPPING</strong></span><br>
VALLETTA 5 Pc. Bedroom Set w/ Chest brings a restful, finished feel to the bedroom. This bedroom bedroom set is made to fit naturally into the room. A Glam profile gives the space a refined, approachable look. Finished in Champagne tones, the Polyresin, Mirror, Solid Wood, Wood Veneer, build keeps the look polished and practical.<br>
Product Dimensions: 86 1/4""L X 64 3/4""W X 63""H<br>
Size: Queen</p>

<p>Features<br>
- USB Charger on Night Stand<br>
- Hidden Jewelry Drawer in Night Stand and Dresser<br>
- Decorative Pattern Included items and dimensions:<br>
- Nightstand w/ USB: color: Champagne; dimensions: 28 1 or 4"" W x 18""D x 29"" H; feature: Glam<br>
- Dresser: color: Champagne; dimensions: 66 1 or 4"" W x 18""D x 40"" H; feature: Glam<br>
- Chest: color: Champagne; dimensions: 42 1 or 4"" W x 18""D x 59 1 or 4"" H; feature: Glam</p>

<p>Materials: Polyresin, Mirror, Solid Wood, Wood Veneer.<br>
Color: Champagne<br>
Weight: 693.9 lbs</p>",GOODDEGG,Furniture > Furniture Sets > Bedroom Furniture Sets,Bedroom Set,"Furniture of America, Quick Ship Furniture, New Arrival, Indoor Furniture, 2026",TRUE,Size,Queen,,,,,,,,FOA7157Q-5PC-CHEST,314748,shopify,20,deny,manual,3717,,TRUE,FALSE,,,,,,https://cdn.shopify.com/s/files/1/0268/6749/9079/files/FOA7157-1-Z.jpg,1,valletta-5-pc-bedroom-set-w-chest,FALSE,VALLETTA 5 Pc. Bedroom Set w/ Chest,"Shop VALLETTA 5 Pc. Bedroom Set w/ Chest. Glam style. Polyresin, Mirror build. Size: Queen. Free shipping. Buy now at GOODDEGG.",FOA7157-1-Z.jpg,lb,,1499,active
valletta-5-pc-bedroom-set-w-chest,,,,,,,,,,,,,,,,,,,,,,,,,,,,,,,,https://cdn.shopify.com/s/files/1/0268/6749/9079/files/FOA7157-2.jpg,2,valletta-5-pc-bedroom-set-w-chest,,,,,,,,
ventnor-4-pc-bedroom-set,VENTNOR 4 Pc. Bedroom Set,"<p><span style=""color:#1e73be;""><strong>FREE SHIPPING</strong></span><br>
Create a calm, coordinated retreat with VENTNOR 4 Pc. Bedroom Set. Designed as a bedroom bedroom set, it pairs easily with surrounding decor. Its Glam styling keeps the room feeling polished yet comfortable. With Satin Fabric, Solid Wood, Rubberwood, Engineered Wood construction and Gray tones, it blends durability with visual warmth.<br>
Product Dimensions: 64""W X 84""D X 58.5""H<br>
Size: Queen</p>

<p>Features<br>
- Chevron Headboard<br>
- Metal Side Glide<br>
- Felt-Lined Top Drawer<br>
- Plinth Base w/ Silver Molding<br>
- Mattress Ready Included items and dimensions:<br>
- Nightstand: color: Gray; dimensions: 27"" W x 16""D x 24"" H; feature: Glam<br>
- Dresser: color: Gray; dimensions: 61"" W x 17""D x 34"" H; feature: Glam</p>

<p>Materials: Satin Fabric, Solid Wood, Rubberwood, Engineered Wood.<br>
Color: Gray<br>
Weight: 597.22 lbs</p>",GOODDEGG,Furniture > Furniture Sets > Bedroom Furniture Sets,Bedroom Set,"Furniture of America, Quick Ship Furniture, New Arrival, Indoor Furniture, 2026",TRUE,Size,Queen,,,,,,,,FM7251GY-Q-4PC,270894,shopify,20,deny,manual,3177,,TRUE,FALSE,,,,,,https://cdn.shopify.com/s/files/1/0268/6749/9079/files/FM7251GY-1-Z.jpg,1,ventnor-4-pc-bedroom-set,FALSE,VENTNOR 4 Pc. Bedroom Set,"Shop VENTNOR 4 Pc. Bedroom Set. Glam style. Satin Fabric, Solid Wood build. Size: Queen. Free shipping. Buy now at GOODDEGG.",FM7251GY-1-Z.jpg,lb,,1299,active
ventnor-4-pc-bedroom-set,,,,,,,,,,,,,,,,,,,,,,,,,,,,,,,,https://cdn.shopify.com/s/files/1/0268/6749/9079/files/FM7251GY-2.jpg,2,ventnor-4-pc-bedroom-set,,,,,,,,
ventnor-4-pc-bedroom-set,,,,,,,,,,,,,,,,,,,,,,,,,,,,,,,,https://cdn.shopify.com/s/files/1/0268/6749/9079/files/FM7251GY-4.jpg,3,ventnor-4-pc-bedroom-set,,,,,,,,
ventnor-4-pc-bedroom-set,,,,,,,,,,,,,,,,,,,,,,,,,,,,,,,,https://cdn.shopify.com/s/files/1/0268/6749/9079/files/FM7251GY-D-1.jpg,4,ventnor-4-pc-bedroom-set,,,,,,,,
ventnor-4-pc-bedroom-set,,,,,,,,,,,,,,,,,,,,,,,,,,,,,,,,https://cdn.shopify.com/s/files/1/0268/6749/9079/files/FM7251GY-D-2.jpg,5,ventnor-4-pc-bedroom-set,,,,,,,,
ventnor-4-pc-bedroom-set,,,,,,,,,,,,,,,,,,,,,,,,,,,,,,,,FM7251GY-M-2.jpg,6,ventnor-4-pc-bedroom-set,,,,,,,,
ventnor-5-pc-bedroom-set-w-2ns,VENTNOR 5 Pc. Bedroom Set w/ 2NS,"<p><span style=""color:#1e73be;""><strong>FREE SHIPPING</strong></span><br>
VENTNOR 5 Pc. Bedroom Set w/ 2NS completes the bedroom with a relaxed, pulled-together look. As a bedroom bedroom set, it is designed to coordinate with matching pieces. The Glam character adds definition without feeling heavy. Finished in Gray tones, the Satin Fabric, Solid Wood, Rubberwood, Engineered Wood build keeps the look polished and practical.<br>
Product Dimensions: 64""W X 84""D X 58.5""H<br>
Size: Queen</p>

<p>Features<br>
- Chevron Headboard<br>
- Metal Side Glide<br>
- Felt-Lined Top Drawer<br>
- Plinth Base w/ Silver Molding<br>
- Mattress Ready Included items and dimensions:<br>
- Nightstand: color: Gray; dimensions: 27"" W x 16""D x 24"" H; feature: Glam<br>
- Dresser: color: Gray; dimensions: 61"" W x 17""D x 34"" H; feature: Glam</p>

<p>Materials: Satin Fabric, Solid Wood, Rubberwood, Engineered Wood.<br>
Color: Gray<br>
Weight: 666.32 lbs</p>",GOODDEGG,Furniture > Furniture Sets > Bedroom Furniture Sets,Bedroom Set,"Furniture of America, Quick Ship Furniture, New Arrival, Indoor Furniture, 2026",TRUE,Size,Queen,,,,,,,,FM7251GY-Q-5PC-2NS,302238,shopify,20,deny,manual,3597,,TRUE,FALSE,,,,,,https://cdn.shopify.com/s/files/1/0268/6749/9079/files/FM7251GY-1-Z.jpg,1,ventnor-5-pc-bedroom-set-w-2ns,FALSE,VENTNOR 5 Pc. Bedroom Set w/ 2NS,"Shop VENTNOR 5 Pc. Bedroom Set w/ 2NS. Glam style. Satin Fabric, Solid Wood build. Size: Queen. Free shipping. Buy now at GOODDEGG.",FM7251GY-1-Z.jpg,lb,,1489,active
ventnor-5-pc-bedroom-set-w-2ns,,,,,,,,,,,,,,,,,,,,,,,,,,,,,,,,https://cdn.shopify.com/s/files/1/0268/6749/9079/files/FM7251GY-2.jpg,2,ventnor-5-pc-bedroom-set-w-2ns,,,,,,,,
ventnor-5-pc-bedroom-set-w-2ns,,,,,,,,,,,,,,,,,,,,,,,,,,,,,,,,https://cdn.shopify.com/s/files/1/0268/6749/9079/files/FM7251GY-4.jpg,3,ventnor-5-pc-bedroom-set-w-2ns,,,,,,,,
ventnor-5-pc-bedroom-set-w-2ns,,,,,,,,,,,,,,,,,,,,,,,,,,,,,,,,https://cdn.shopify.com/s/files/1/0268/6749/9079/files/FM7251GY-D-1.jpg,4,ventnor-5-pc-bedroom-set-w-2ns,,,,,,,,
ventnor-5-pc-bedroom-set-w-2ns,,,,,,,,,,,,,,,,,,,,,,,,,,,,,,,,https://cdn.shopify.com/s/files/1/0268/6749/9079/files/FM7251GY-D-2.jpg,5,ventnor-5-pc-bedroom-set-w-2ns,,,,,,,,
ventnor-5-pc-bedroom-set-w-2ns,,,,,,,,,,,,,,,,,,,,,,,,,,,,,,,,FM7251GY-M-2.jpg,6,ventnor-5-pc-bedroom-set-w-2ns,,,,,,,,
ventnor-5-pc-bedroom-set-w-chest,VENTNOR 5 Pc. Bedroom Set w/ Chest,"<p><span style=""color:#1e73be;""><strong>FREE SHIPPING</strong></span><br>
VENTNOR 5 Pc. Bedroom Set w/ Chest brings a restful, finished feel to the bedroom. This bedroom bedroom set is made to fit naturally into the room. A Glam profile gives the space a refined, approachable look. Built from Satin Fabric, Solid Wood, Rubberwood, Engineered Wood and finished in Gray tones for a clean, cohesive look.<br>
Product Dimensions: 64""W X 84""D X 58.5""H<br>
Size: Queen</p>

<p>Features<br>
- Chevron Headboard<br>
- Metal Side Glide<br>
- Felt-Lined Top Drawer<br>
- Plinth Base w/ Silver Molding<br>
- Mattress Ready Included items and dimensions:<br>
- Nightstand: color: Gray; dimensions: 27"" W x 16""D x 24"" H; feature: Glam<br>
- Dresser: color: Gray; dimensions: 61"" W x 17""D x 34"" H; feature: Glam<br>
- Chest: color: Gray; dimensions: 34"" W x 18""D x 51"" H; feature: Glam</p>

<p>Materials: Satin Fabric, Solid Wood, Rubberwood, Engineered Wood.<br>
Color: Gray<br>
Weight: 797.73 lbs</p>",GOODDEGG,Furniture > Furniture Sets > Bedroom Furniture Sets,Bedroom Set,"Furniture of America, Quick Ship Furniture, New Arrival, Indoor Furniture, 2026",TRUE,Size,Queen,,,,,,,,FM7251GY-Q-5PC-CHEST,361844,shopify,20,deny,manual,4224,,TRUE,FALSE,,,,,,https://cdn.shopify.com/s/files/1/0268/6749/9079/files/FM7251GY-1-Z.jpg,1,ventnor-5-pc-bedroom-set-w-chest,FALSE,VENTNOR 5 Pc. Bedroom Set w/ Chest,"Shop VENTNOR 5 Pc. Bedroom Set w/ Chest. Glam style. Satin Fabric, Solid Wood build. Size: Queen. Free shipping. Buy now at GOODDEGG.",FM7251GY-1-Z.jpg,lb,,1718,active
ventnor-5-pc-bedroom-set-w-chest,,,,,,,,,,,,,,,,,,,,,,,,,,,,,,,,https://cdn.shopify.com/s/files/1/0268/6749/9079/files/FM7251GY-2.jpg,2,ventnor-5-pc-bedroom-set-w-chest,,,,,,,,
ventnor-5-pc-bedroom-set-w-chest,,,,,,,,,,,,,,,,,,,,,,,,,,,,,,,,https://cdn.shopify.com/s/files/1/0268/6749/9079/files/FM7251GY-4.jpg,3,ventnor-5-pc-bedroom-set-w-chest,,,,,,,,
ventnor-5-pc-bedroom-set-w-chest,,,,,,,,,,,,,,,,,,,,,,,,,,,,,,,,https://cdn.shopify.com/s/files/1/0268/6749/9079/files/FM7251GY-D-1.jpg,4,ventnor-5-pc-bedroom-set-w-chest,,,,,,,,
ventnor-5-pc-bedroom-set-w-chest,,,,,,,,,,,,,,,,,,,,,,,,,,,,,,,,https://cdn.shopify.com/s/files/1/0268/6749/9079/files/FM7251GY-D-2.jpg,5,ventnor-5-pc-bedroom-set-w-chest,,,,,,,,
ventnor-5-pc-bedroom-set-w-chest,,,,,,,,,,,,,,,,,,,,,,,,,,,,,,,,FM7251GY-M-2.jpg,6,ventnor-5-pc-bedroom-set-w-chest,,,,,,,,
voleta-4-pc-bedroom-set,VOLETA 4 Pc. Bedroom Set,"<p><span style=""color:#1e73be;""><strong>FREE SHIPPING</strong></span><br>
VOLETA 4 Pc. Bedroom Set completes the bedroom with a relaxed, pulled-together look. As a bedroom bedroom set, it is designed to coordinate with matching pieces. The Contemporary character adds definition without feeling heavy. With Fabric, Metal, Paper, Engineered Wood construction and Gray tones, it blends durability with visual warmth.<br>
Product Dimensions: BED: 63""W X 84""D X 51""H<br>
Size: Queen</p>

<p>Features<br>
- Footboard Storage Drawers<br>
- Padded Headboard<br>
- Crystal-like Acrylic Accents and Drawer Handles<br>
- Metal Leg Included items and dimensions:<br>
- Nightstand: color: Gray; dimensions: 23"" W x 15""D x 25"" H; feature: Contemporary<br>
- Dresser: color: Gray; dimensions: 58"" W x 18""D x 38.5"" H; feature: Contemporary</p>

<p>Materials: Fabric, Metal, Paper, Engineered Wood.<br>
Color: Gray<br>
Weight: 431.86 lbs</p>",GOODDEGG,Furniture > Furniture Sets > Bedroom Furniture Sets,Bedroom Set,"Furniture of America, Quick Ship Furniture, New Arrival, Indoor Furniture, 2026",TRUE,Size,Queen,,,,,,,,FM7212GY-Q-4PC,195888,shopify,20,deny,manual,1587,,TRUE,FALSE,,,,,,https://cdn.shopify.com/s/files/1/0268/6749/9079/files/FM7212GY-1-Z.jpg,1,voleta-4-pc-bedroom-set,FALSE,VOLETA 4 Pc. Bedroom Set,"Shop VOLETA 4 Pc. Bedroom Set. Contemporary style. Fabric, Metal build. Size: Queen. Free shipping. Buy now at GOODDEGG.",FM7212GY-1-Z.jpg,lb,,759,active
voleta-4-pc-bedroom-set,,,,,,,,,,,,,,,,,,,,,,,,,,,,,,,,https://cdn.shopify.com/s/files/1/0268/6749/9079/files/FM7212GY-WB-1.jpg,2,voleta-4-pc-bedroom-set,,,,,,,,
voleta-5-pc-bedroom-set-w-2ns,VOLETA 5 Pc. Bedroom Set w/ 2NS,"<p><span style=""color:#1e73be;""><strong>FREE SHIPPING</strong></span><br>
VOLETA 5 Pc. Bedroom Set w/ 2NS brings a restful, finished feel to the bedroom. This bedroom bedroom set is made to fit naturally into the room. A Contemporary profile gives the space a refined, approachable look. Finished in Gray tones, the Fabric, Metal, Paper, Engineered Wood build keeps the look polished and practical.<br>
Product Dimensions: BED: 63""W X 84""D X 51""H<br>
Size: Queen</p>

<p>Features<br>
- Footboard Storage Drawers<br>
- Padded Headboard<br>
- Crystal-like Acrylic Accents and Drawer Handles<br>
- Metal Leg Included items and dimensions:<br>
- Nightstand: color: Gray; dimensions: 23"" W x 15""D x 25"" H; feature: Contemporary<br>
- Dresser: color: Gray; dimensions: 58"" W x 18""D x 38.5"" H; feature: Contemporary</p>

<p>Materials: Fabric, Metal, Paper, Engineered Wood.<br>
Color: Gray<br>
Weight: 474.76 lbs</p>",GOODDEGG,Furniture > Furniture Sets > Bedroom Furniture Sets,Bedroom Set,"Furniture of America, Quick Ship Furniture, New Arrival, Indoor Furniture, 2026",TRUE,Size,Queen,,,,,,,,FM7212GY-Q-5PC-2NS,215348,shopify,20,deny,manual,1797,,TRUE,FALSE,,,,,,https://cdn.shopify.com/s/files/1/0268/6749/9079/files/FM7212GY-1-Z.jpg,1,voleta-5-pc-bedroom-set-w-2ns,FALSE,VOLETA 5 Pc. Bedroom Set w/ 2NS,"Shop VOLETA 5 Pc. Bedroom Set w/ 2NS. Contemporary style. Fabric, Metal build. Size: Queen. Free shipping. Buy now at GOODDEGG.",FM7212GY-1-Z.jpg,lb,,869,active
voleta-5-pc-bedroom-set-w-2ns,,,,,,,,,,,,,,,,,,,,,,,,,,,,,,,,https://cdn.shopify.com/s/files/1/0268/6749/9079/files/FM7212GY-WB-1.jpg,2,voleta-5-pc-bedroom-set-w-2ns,,,,,,,,
voleta-5-pc-bedroom-set-w-chest,VOLETA 5 Pc. Bedroom Set w/ Chest,"<p><span style=""color:#1e73be;""><strong>FREE SHIPPING</strong></span><br>
Create a calm, coordinated retreat with VOLETA 5 Pc. Bedroom Set w/ Chest. Designed as a bedroom bedroom set, it pairs easily with surrounding decor. Its Contemporary styling keeps the room feeling polished yet comfortable. Built from Fabric, Metal, Paper, Engineered Wood and finished in Gray tones for a clean, cohesive look.<br>
Product Dimensions: BED: 63""W X 84""D X 51""H<br>
Size: Queen</p>

<p>Features<br>
- Footboard Storage Drawers<br>
- Padded Headboard<br>
- Crystal-like Acrylic Accents and Drawer Handles<br>
- Metal Leg Included items and dimensions:<br>
- Nightstand: color: Gray; dimensions: 23"" W x 15""D x 25"" H; feature: Contemporary<br>
- Dresser: color: Gray; dimensions: 58"" W x 18""D x 38.5"" H; feature: Contemporary<br>
- Chest: color: Gray; dimensions: 30.5"" W x 18""D x 46.5"" H; feature: Contemporary</p>

<p>Materials: Fabric, Metal, Paper, Engineered Wood.<br>
Color: Gray<br>
Weight: 566.06 lbs</p>",GOODDEGG,Furniture > Furniture Sets > Bedroom Furniture Sets,Bedroom Set,"Furniture of America, Quick Ship Furniture, New Arrival, Indoor Furniture, 2026",TRUE,Size,Queen,,,,,,,,FM7212GY-Q-5PC-CHEST,256760,shopify,20,deny,manual,2094,,TRUE,FALSE,,,,,,https://cdn.shopify.com/s/files/1/0268/6749/9079/files/FM7212GY-1-Z.jpg,1,voleta-5-pc-bedroom-set-w-chest,FALSE,VOLETA 5 Pc. Bedroom Set w/ Chest,"Shop VOLETA 5 Pc. Bedroom Set w/ Chest. Contemporary style. Fabric, Metal build. Size: Queen. Free shipping. Buy now at GOODDEGG.",FM7212GY-1-Z.jpg,lb,,978,active
voleta-5-pc-bedroom-set-w-chest,,,,,,,,,,,,,,,,,,,,,,,,,,,,,,,,https://cdn.shopify.com/s/files/1/0268/6749/9079/files/FM7212GY-WB-1.jpg,2,voleta-5-pc-bedroom-set-w-chest,,,,,,,,
wellingborough-4-pc-bedroom-set,WELLINGBOROUGH 4 Pc. Bedroom Set,"<p><span style=""color:#1e73be;""><strong>FREE SHIPPING</strong></span><br>
WELLINGBOROUGH 4 Pc. Bedroom Set brings a restful, finished feel to the bedroom. This bedroom bedroom set is made to fit naturally into the room. A Transitional profile gives the space a refined, approachable look. Crafted with Solid Acacia, Engineered Wood, Oak Veneer, then finished in Light Gray tones to suit a range of interiors.<br>
Product Dimensions: 64.5""W X 85""D X 56""H<br>
Size: Queen</p>

<p>Features<br>
- LED on Headboard<br>
- Metal Side Glide<br>
- French Front & English Back Dovetail Drawers<br>
- Hidden Jewelry Tray<br>
- Felt-Lined Top Drawers<br>
- Mattress Ready Included items and dimensions:<br>
- Nightstand W or USB and LED: color: Light Gray; dimensions: 24"" W x 17""D x 27"" H; feature: Transitional<br>
- Dresser: color: Light Gray; dimensions: 62"" W x 18""D x 40"" H; feature: Transitional</p>

<p>Materials: Solid Acacia, Engineered Wood, Oak Veneer.<br>
Color: Light Gray<br>
Weight: 532.65 lbs</p>",GOODDEGG,Furniture > Furniture Sets > Bedroom Furniture Sets,Bedroom Set,"Furniture of America, Quick Ship Furniture, New Arrival, Indoor Furniture, 2026",TRUE,Size,Queen,,,,,,,,FM7703AK-Q-4PC,241606,shopify,20,deny,manual,2547,,TRUE,FALSE,,,,,,https://cdn.shopify.com/s/files/1/0268/6749/9079/files/FM7703AK-1-Z.jpg,1,wellingborough-4-pc-bedroom-set,FALSE,WELLINGBOROUGH 4 Pc. Bedroom Set,"Shop WELLINGBOROUGH 4 Pc. Bedroom Set. Transitional style. Solid Acacia, Engineered Wood build. Size: Queen. Free shipping. Buy now at GOODDEGG.",FM7703AK-1-Z.jpg,lb,,1099,active
wellingborough-4-pc-bedroom-set,,,,,,,,,,,,,,,,,,,,,,,,,,,,,,,,https://cdn.shopify.com/s/files/1/0268/6749/9079/files/FM7703AK-2.jpg,2,wellingborough-4-pc-bedroom-set,,,,,,,,
wellingborough-5-pc-bedroom-set-w-2ns,WELLINGBOROUGH 5 Pc. Bedroom Set w/ 2NS,"<p><span style=""color:#1e73be;""><strong>FREE SHIPPING</strong></span><br>
Create a calm, coordinated retreat with WELLINGBOROUGH 5 Pc. Bedroom Set w/ 2NS. Designed as a bedroom bedroom set, it pairs easily with surrounding decor. Its Transitional styling keeps the room feeling polished yet comfortable. With Solid Acacia, Engineered Wood, Oak Veneer construction and Light Gray tones, it blends durability with visual warmth.<br>
Product Dimensions: 64.5""W X 85""D X 56""H<br>
Size: Queen</p>

<p>Features<br>
- LED on Headboard<br>
- Metal Side Glide<br>
- French Front & English Back Dovetail Drawers<br>
- Hidden Jewelry Tray<br>
- Felt-Lined Top Drawers<br>
- Mattress Ready Included items and dimensions:<br>
- Nightstand W or USB and LED: color: Light Gray; dimensions: 24"" W x 17""D x 27"" H; feature: Transitional<br>
- Dresser: color: Light Gray; dimensions: 62"" W x 18""D x 40"" H; feature: Transitional</p>

<p>Materials: Solid Acacia, Engineered Wood, Oak Veneer.<br>
Color: Light Gray<br>
Weight: 594.25 lbs</p>",GOODDEGG,Furniture > Furniture Sets > Bedroom Furniture Sets,Bedroom Set,"Furniture of America, Quick Ship Furniture, New Arrival, Indoor Furniture, 2026",TRUE,Size,Queen,,,,,,,,FM7703AK-Q-5PC-2NS,269547,shopify,20,deny,manual,2907,,TRUE,FALSE,,,,,,https://cdn.shopify.com/s/files/1/0268/6749/9079/files/FM7703AK-1-Z.jpg,1,wellingborough-5-pc-bedroom-set-w-2ns,FALSE,WELLINGBOROUGH 5 Pc. Bedroom Set w/ 2NS,"Shop WELLINGBOROUGH 5 Pc. Bedroom Set w/ 2NS. Transitional style. Solid Acacia, Engineered Wood build. Size: Queen. Free shipping. Buy now at GOODDEGG.",FM7703AK-1-Z.jpg,lb,,1249,active
wellingborough-5-pc-bedroom-set-w-2ns,,,,,,,,,,,,,,,,,,,,,,,,,,,,,,,,https://cdn.shopify.com/s/files/1/0268/6749/9079/files/FM7703AK-2.jpg,2,wellingborough-5-pc-bedroom-set-w-2ns,,,,,,,,
wellingborough-5-pc-bedroom-set-w-chest,WELLINGBOROUGH 5 Pc. Bedroom Set w/ Chest,"<p><span style=""color:#1e73be;""><strong>FREE SHIPPING</strong></span><br>
WELLINGBOROUGH 5 Pc. Bedroom Set w/ Chest completes the bedroom with a relaxed, pulled-together look. As a bedroom bedroom set, it is designed to coordinate with matching pieces. The Transitional character adds definition without feeling heavy. Finished in Light Gray tones, the Solid Acacia, Engineered Wood, Oak Veneer build keeps the look polished and practical.<br>
Product Dimensions: 64.5""W X 85""D X 56""H<br>
Size: Queen</p>

<p>Features<br>
- LED on Headboard<br>
- Metal Side Glide<br>
- French Front & English Back Dovetail Drawers<br>
- Hidden Jewelry Tray<br>
- Felt-Lined Top Drawers<br>
- Mattress Ready Included items and dimensions:<br>
- Nightstand W or USB and LED: color: Light Gray; dimensions: 24"" W x 17""D x 27"" H; feature: Transitional<br>
- Dresser: color: Light Gray; dimensions: 62"" W x 18""D x 40"" H; feature: Transitional<br>
- Chest: color: Light Gray; dimensions: 38"" W x 18""D x 56"" H; feature: Transitional</p>

<p>Materials: Solid Acacia, Engineered Wood, Oak Veneer.<br>
Color: Light Gray<br>
Weight: 734.85 lbs</p>",GOODDEGG,Furniture > Furniture Sets > Bedroom Furniture Sets,Bedroom Set,"Furniture of America, Quick Ship Furniture, New Arrival, Indoor Furniture, 2026",TRUE,Size,Queen,,,,,,,,FM7703AK-Q-5PC-CHEST,333322,shopify,20,deny,manual,3444,,TRUE,FALSE,,,,,,https://cdn.shopify.com/s/files/1/0268/6749/9079/files/FM7703AK-1-Z.jpg,1,wellingborough-5-pc-bedroom-set-w-chest,FALSE,WELLINGBOROUGH 5 Pc. Bedroom Set w/ Chest,"Shop WELLINGBOROUGH 5 Pc. Bedroom Set w/ Chest. Transitional style. Solid Acacia, Engineered Wood build. Size: Queen. Free shipping. Buy now at GOODDEGG.",FM7703AK-1-Z.jpg,lb,,1518,active
wellingborough-5-pc-bedroom-set-w-chest,,,,,,,,,,,,,,,,,,,,,,,,,,,,,,,,https://cdn.shopify.com/s/files/1/0268/6749/9079/files/FM7703AK-2.jpg,2,wellingborough-5-pc-bedroom-set-w-chest,,,,,,,,
wells-4-pc-bedroom-set,WELLS 4 Pc. Bedroom Set,"<p><span style=""color:#1e73be;""><strong>FREE SHIPPING</strong></span><br>
WELLS 4 Pc. Bedroom Set brings a restful, finished feel to the bedroom. This bedroom bedroom set is made to fit naturally into the room. A Transitional profile gives the space a refined, approachable look. Built from Solid Wood, Wood Veneer, and finished in Gray tones for a clean, cohesive look.<br>
Size: Queen</p>

<p>Features<br>
- Footboard Drawers<br>
- Bun Feet<br>
- Ball Bearing Metal Glides<br>
- Felt-lined Top Drawer & Cedar Wood Bottom Drawer<br>
- Hidden Drawer on Night Stand & Dresser<br>
- USB Charger on Night Stand<br>
- Mattress Ready Included items and dimensions:<br>
- Nightstand w/ USB: color: Gray; dimensions: 28 3 or 4"" W x 18""D x 29 3 or 4"" H; feature: Transitional<br>
- Dresser: color: Gray; dimensions: 65 1 or 2"" W x 18""D x 39 3 or 4"" H; feature: Transitional</p>

<p>Materials: Solid Wood, Wood Veneer.<br>
Color: Gray<br>
Weight: 483.18 lbs</p>",GOODDEGG,Furniture > Furniture Sets > Bedroom Furniture Sets,Bedroom Set,"Furniture of America, Quick Ship Furniture, New Arrival, Indoor Furniture, 2026",TRUE,Size,Queen,,,,,,,,CM7568Q-4PC,219167,shopify,20,deny,manual,3027,,TRUE,FALSE,,,,,,https://cdn.shopify.com/s/files/1/0268/6749/9079/files/CM7568-1-Z.jpg,1,wells-4-pc-bedroom-set,FALSE,WELLS 4 Pc. Bedroom Set,"Shop WELLS 4 Pc. Bedroom Set. Transitional style. Solid Wood, Wood Veneer build. Size: Queen. Free shipping. Buy now at GOODDEGG.",CM7568-1-Z.jpg,lb,,1299,active
wells-4-pc-bedroom-set,,,,,,,,,,,,,,,,,,,,,,,,,,,,,,,,https://cdn.shopify.com/s/files/1/0268/6749/9079/files/CM7568C-2.jpg,2,wells-4-pc-bedroom-set,,,,,,,,
wells-4-pc-bedroom-set,,,,,,,,,,,,,,,,,,,,,,,,,,,,,,,,https://cdn.shopify.com/s/files/1/0268/6749/9079/files/CM7568N-2.jpg,3,wells-4-pc-bedroom-set,,,,,,,,
wells-4-pc-bedroom-set,,,,,,,,,,,,,,,,,,,,,,,,,,,,,,,,https://cdn.shopify.com/s/files/1/0268/6749/9079/files/CM7568-2.jpg,4,wells-4-pc-bedroom-set,,,,,,,,
wells-5-pc-bedroom-set-w-2ns,WELLS 5 Pc. Bedroom Set w/ 2NS,"<p><span style=""color:#1e73be;""><strong>FREE SHIPPING</strong></span><br>
Create a calm, coordinated retreat with WELLS 5 Pc. Bedroom Set w/ 2NS. Designed as a bedroom bedroom set, it pairs easily with surrounding decor. Its Transitional styling keeps the room feeling polished yet comfortable. Crafted with Solid Wood, Wood Veneer, then finished in Gray tones to suit a range of interiors.<br>
Size: Queen</p>

<p>Features<br>
- Footboard Drawers<br>
- Bun Feet<br>
- Ball Bearing Metal Glides<br>
- Felt-lined Top Drawer & Cedar Wood Bottom Drawer<br>
- Hidden Drawer on Night Stand & Dresser<br>
- USB Charger on Night Stand<br>
- Mattress Ready Included items and dimensions:<br>
- Nightstand w/ USB: color: Gray; dimensions: 28 3 or 4"" W x 18""D x 29 3 or 4"" H; feature: Transitional<br>
- Dresser: color: Gray; dimensions: 65 1 or 2"" W x 18""D x 39 3 or 4"" H; feature: Transitional</p>

<p>Materials: Solid Wood, Wood Veneer.<br>
Color: Gray<br>
Weight: 549.58 lbs</p>",GOODDEGG,Furniture > Furniture Sets > Bedroom Furniture Sets,Bedroom Set,"Furniture of America, Quick Ship Furniture, New Arrival, Indoor Furniture, 2026",TRUE,Size,Queen,,,,,,,,CM7568Q-5PC-2NS,249285,shopify,20,deny,manual,3477,,TRUE,FALSE,,,,,,https://cdn.shopify.com/s/files/1/0268/6749/9079/files/CM7568-1-Z.jpg,1,wells-5-pc-bedroom-set-w-2ns,FALSE,WELLS 5 Pc. Bedroom Set w/ 2NS,"Shop WELLS 5 Pc. Bedroom Set w/ 2NS. Transitional style. Solid Wood, Wood Veneer build. Size: Queen. Free shipping. Buy now at GOODDEGG.",CM7568-1-Z.jpg,lb,,1489,active
wells-5-pc-bedroom-set-w-2ns,,,,,,,,,,,,,,,,,,,,,,,,,,,,,,,,https://cdn.shopify.com/s/files/1/0268/6749/9079/files/CM7568C-2.jpg,2,wells-5-pc-bedroom-set-w-2ns,,,,,,,,
wells-5-pc-bedroom-set-w-2ns,,,,,,,,,,,,,,,,,,,,,,,,,,,,,,,,https://cdn.shopify.com/s/files/1/0268/6749/9079/files/CM7568N-2.jpg,3,wells-5-pc-bedroom-set-w-2ns,,,,,,,,
wells-5-pc-bedroom-set-w-2ns,,,,,,,,,,,,,,,,,,,,,,,,,,,,,,,,https://cdn.shopify.com/s/files/1/0268/6749/9079/files/CM7568-2.jpg,4,wells-5-pc-bedroom-set-w-2ns,,,,,,,,
wells-5-pc-bedroom-set-w-chest,WELLS 5 Pc. Bedroom Set w/ Chest,"<p><span style=""color:#1e73be;""><strong>FREE SHIPPING</strong></span><br>
WELLS 5 Pc. Bedroom Set w/ Chest completes the bedroom with a relaxed, pulled-together look. As a bedroom bedroom set, it is designed to coordinate with matching pieces. The Transitional character adds definition without feeling heavy. With Solid Wood, Wood Veneer, construction and Gray tones, it blends durability with visual warmth.<br>
Size: Queen</p>

<p>Features<br>
- Footboard Drawers<br>
- Bun Feet<br>
- Ball Bearing Metal Glides<br>
- Felt-lined Top Drawer & Cedar Wood Bottom Drawer<br>
- Hidden Drawer on Night Stand & Dresser<br>
- USB Charger on Night Stand<br>
- Mattress Ready Included items and dimensions:<br>
- Nightstand w/ USB: color: Gray; dimensions: 28 3 or 4"" W x 18""D x 29 3 or 4"" H; feature: Transitional<br>
- Dresser: color: Gray; dimensions: 65 1 or 2"" W x 18""D x 39 3 or 4"" H; feature: Transitional<br>
- Chest: color: Gray; dimensions: 39 1 or 2"" W x 18""D x 57 3 or 4"" H; feature: Transitional</p>

<p>Materials: Solid Wood, Wood Veneer.<br>
Color: Gray<br>
Weight: 662.18 lbs</p>",GOODDEGG,Furniture > Furniture Sets > Bedroom Furniture Sets,Bedroom Set,"Furniture of America, Quick Ship Furniture, New Arrival, Indoor Furniture, 2026",TRUE,Size,Queen,,,,,,,,CM7568Q-5PC-CHEST,300360,shopify,20,deny,manual,3984,,TRUE,FALSE,,,,,,https://cdn.shopify.com/s/files/1/0268/6749/9079/files/CM7568-1-Z.jpg,1,wells-5-pc-bedroom-set-w-chest,FALSE,WELLS 5 Pc. Bedroom Set w/ Chest,"Shop WELLS 5 Pc. Bedroom Set w/ Chest. Transitional style. Solid Wood, Wood Veneer build. Size: Queen. Free shipping. Buy now at GOODDEGG.",CM7568-1-Z.jpg,lb,,1699,active
wells-5-pc-bedroom-set-w-chest,,,,,,,,,,,,,,,,,,,,,,,,,,,,,,,,https://cdn.shopify.com/s/files/1/0268/6749/9079/files/CM7568C-2.jpg,2,wells-5-pc-bedroom-set-w-chest,,,,,,,,
wells-5-pc-bedroom-set-w-chest,,,,,,,,,,,,,,,,,,,,,,,,,,,,,,,,https://cdn.shopify.com/s/files/1/0268/6749/9079/files/CM7568N-2.jpg,3,wells-5-pc-bedroom-set-w-chest,,,,,,,,
wells-5-pc-bedroom-set-w-chest,,,,,,,,,,,,,,,,,,,,,,,,,,,,,,,,https://cdn.shopify.com/s/files/1/0268/6749/9079/files/CM7568-2.jpg,4,wells-5-pc-bedroom-set-w-chest,,,,,,,,
westerham-4-pc-bedroom-set,WESTERHAM 4 Pc. Bedroom Set,"<p><span style=""color:#1e73be;""><strong>FREE SHIPPING</strong></span><br>
WESTERHAM 4 Pc. Bedroom Set brings a restful, finished feel to the bedroom. This bedroom bedroom set is made to fit naturally into the room.<br>
Product Dimensions: 65""W X 89""D X 60""H<br>
Size: Queen Included items and dimensions:<br>
- Queen Panel Headboard w/ LED: dimensions: 64.4"" W x 4.6""D x 60"" H<br>
- Queen Panel Footboard and 5 Slats and 5 Supports: dimensions: 65"" W x 3.9""D x 19.1"" H<br>
- Queen or King Rails: dimensions: 81"" W x 1.5""D x 9.4"" H<br>
- Nightstand w/ Power Outlet & LED: color: Dark Cherry; dimensions: 30.5"" W x 19""D x 26.5"" H; feature: Transitional<br>
- Dresser: color: Dark Cherry; dimensions: 66"" W x 19""D x 36"" H; feature: Transitional</p>",GOODDEGG,Furniture > Furniture Sets > Bedroom Furniture Sets,Bedroom Set,"Furniture of America, Quick Ship Furniture, New Arrival, Indoor Furniture, 2026",TRUE,Size,Queen,,,,,,,,FM74001CH-Q-4PC,,shopify,20,deny,manual,3807,,TRUE,FALSE,,,,,,https://cdn.shopify.com/s/files/1/0268/6749/9079/files/FM74001CH-1.jpg,1,westerham-4-pc-bedroom-set,FALSE,WESTERHAM 4 Pc. Bedroom Set,Shop WESTERHAM 4 Pc. Bedroom Set. Size: Queen. Free shipping. Buy now at GOODDEGG.,FM74001CH-1.jpg,lb,,1599,active
westerham-4-pc-bedroom-set,,,,,,,,,,,,,,,,,,,,,,,,,,,,,,,,https://cdn.shopify.com/s/files/1/0268/6749/9079/files/FM74001CH-2.jpg,2,westerham-4-pc-bedroom-set,,,,,,,,
westerham-4-pc-bedroom-set,,,,,,,,,,,,,,,,,,,,,,,,,,,,,,,,https://cdn.shopify.com/s/files/1/0268/6749/9079/files/FM74001CH-3.jpg,3,westerham-4-pc-bedroom-set,,,,,,,,
westerham-5-pc-bedroom-set-w-2ns,WESTERHAM 5 Pc. Bedroom Set w/ 2NS,"<p><span style=""color:#1e73be;""><strong>FREE SHIPPING</strong></span><br>
Create a calm, coordinated retreat with WESTERHAM 5 Pc. Bedroom Set w/ 2NS. Designed as a bedroom bedroom set, it pairs easily with surrounding decor.<br>
Product Dimensions: 65""W X 89""D X 60""H<br>
Size: Queen Included items and dimensions:<br>
- Queen Panel Headboard w/ LED: dimensions: 64.4"" W x 4.6""D x 60"" H<br>
- Queen Panel Footboard and 5 Slats and 5 Supports: dimensions: 65"" W x 3.9""D x 19.1"" H<br>
- Queen or King Rails: dimensions: 81"" W x 1.5""D x 9.4"" H<br>
- Nightstand w/ Power Outlet & LED: color: Dark Cherry; dimensions: 30.5"" W x 19""D x 26.5"" H; feature: Transitional<br>
- Dresser: color: Dark Cherry; dimensions: 66"" W x 19""D x 36"" H; feature: Transitional</p>",GOODDEGG,Furniture > Furniture Sets > Bedroom Furniture Sets,Bedroom Set,"Furniture of America, Quick Ship Furniture, New Arrival, Indoor Furniture, 2026",TRUE,Size,Queen,,,,,,,,FM74001CH-Q-5PC-2NS,,shopify,20,deny,manual,4467,,TRUE,FALSE,,,,,,https://cdn.shopify.com/s/files/1/0268/6749/9079/files/FM74001CH-1.jpg,1,westerham-5-pc-bedroom-set-w-2ns,FALSE,WESTERHAM 5 Pc. Bedroom Set w/ 2NS,Shop WESTERHAM 5 Pc. Bedroom Set w/ 2NS. Size: Queen. Free shipping. Buy now at GOODDEGG.,FM74001CH-1.jpg,lb,,1859,active
westerham-5-pc-bedroom-set-w-2ns,,,,,,,,,,,,,,,,,,,,,,,,,,,,,,,,https://cdn.shopify.com/s/files/1/0268/6749/9079/files/FM74001CH-2.jpg,2,westerham-5-pc-bedroom-set-w-2ns,,,,,,,,
westerham-5-pc-bedroom-set-w-2ns,,,,,,,,,,,,,,,,,,,,,,,,,,,,,,,,https://cdn.shopify.com/s/files/1/0268/6749/9079/files/FM74001CH-3.jpg,3,westerham-5-pc-bedroom-set-w-2ns,,,,,,,,
westerham-5-pc-bedroom-set-w-chest,WESTERHAM 5 Pc. Bedroom Set w/ Chest,"<p><span style=""color:#1e73be;""><strong>FREE SHIPPING</strong></span><br>
WESTERHAM 5 Pc. Bedroom Set w/ Chest completes the bedroom with a relaxed, pulled-together look. As a bedroom bedroom set, it is designed to coordinate with matching pieces.<br>
Product Dimensions: 65""W X 89""D X 60""H<br>
Size: Queen Included items and dimensions:<br>
- Queen Panel Headboard w/ LED: dimensions: 64.4"" W x 4.6""D x 60"" H<br>
- Queen Panel Footboard and 5 Slats and 5 Supports: dimensions: 65"" W x 3.9""D x 19.1"" H<br>
- Queen or King Rails: dimensions: 81"" W x 1.5""D x 9.4"" H<br>
- Nightstand w/ Power Outlet & LED: color: Dark Cherry; dimensions: 30.5"" W x 19""D x 26.5"" H; feature: Transitional<br>
- Dresser: color: Dark Cherry; dimensions: 66"" W x 19""D x 36"" H; feature: Transitional<br>
- Chest: color: Dark Cherry; dimensions: 44"" W x 19""D x 54"" H; feature: Transitional</p>",GOODDEGG,Furniture > Furniture Sets > Bedroom Furniture Sets,Bedroom Set,"Furniture of America, Quick Ship Furniture, New Arrival, Indoor Furniture, 2026",TRUE,Size,Queen,,,,,,,,FM74001CH-Q-5PC-CHE,,shopify,20,deny,manual,5274,,TRUE,FALSE,,,,,,https://cdn.shopify.com/s/files/1/0268/6749/9079/files/FM74001CH-1.jpg,1,westerham-5-pc-bedroom-set-w-chest,FALSE,WESTERHAM 5 Pc. Bedroom Set w/ Chest,Shop WESTERHAM 5 Pc. Bedroom Set w/ Chest. Size: Queen. Free shipping. Buy now at GOODDEGG.,FM74001CH-1.jpg,lb,,2199,active
westerham-5-pc-bedroom-set-w-chest,,,,,,,,,,,,,,,,,,,,,,,,,,,,,,,,https://cdn.shopify.com/s/files/1/0268/6749/9079/files/FM74001CH-2.jpg,2,westerham-5-pc-bedroom-set-w-chest,,,,,,,,
westerham-5-pc-bedroom-set-w-chest,,,,,,,,,,,,,,,,,,,,,,,,,,,,,,,,https://cdn.shopify.com/s/files/1/0268/6749/9079/files/FM74001CH-3.jpg,3,westerham-5-pc-bedroom-set-w-chest,,,,,,,,
whitby-4-pc-bedroom-set,WHITBY 4 Pc. Bedroom Set,"<p><span style=""color:#1e73be;""><strong>FREE SHIPPING</strong></span><br>
Create a calm, coordinated retreat with WHITBY 4 Pc. Bedroom Set. Designed as a bedroom bedroom set, it pairs easily with surrounding decor. Its Glam styling keeps the room feeling polished yet comfortable. With Engineered Wood, Metal construction and White tones, it blends durability with visual warmth.<br>
Product Dimensions: 61""W X 81""D X 57""H<br>
Size: Queen</p>

<p>Features<br>
- High Gloss Finish<br>
- LED on Headboard<br>
- Metal Side Glide<br>
- Wooden Legs<br>
- Chrome Hardware<br>
- Foundation Required Included items and dimensions:<br>
- Nightstand: color: White; dimensions: 25.5"" W x 15.5""D x 25"" H; feature: Glam<br>
- Dresser: color: White; dimensions: 63"" W x 18""D x 36.5"" H; feature: Glam</p>

<p>Materials: Engineered Wood, Metal.<br>
Color: White<br>
Weight: 431.15 lbs</p>",GOODDEGG,Furniture > Furniture Sets > Bedroom Furniture Sets,Bedroom Set,"Furniture of America, Quick Ship Furniture, New Arrival, Indoor Furniture, 2026",TRUE,Size,Queen,,,,,,,,FM7216WH-Q-4PC,195566,shopify,20,deny,manual,1887,,TRUE,FALSE,,,,,,https://cdn.shopify.com/s/files/1/0268/6749/9079/files/FM7216WH-Q-1.jpg,1,whitby-4-pc-bedroom-set,FALSE,WHITBY 4 Pc. Bedroom Set,"Shop WHITBY 4 Pc. Bedroom Set. Glam style. Engineered Wood, Metal build. Size: Queen. Free shipping. Buy now at GOODDEGG.",FM7216WH-Q-1.jpg,lb,,949,active
whitby-4-pc-bedroom-set,,,,,,,,,,,,,,,,,,,,,,,,,,,,,,,,https://cdn.shopify.com/s/files/1/0268/6749/9079/files/FM7216WH-Q-2.jpg,2,whitby-4-pc-bedroom-set,,,,,,,,
whitby-4-pc-bedroom-set,,,,,,,,,,,,,,,,,,,,,,,,,,,,,,,,https://cdn.shopify.com/s/files/1/0268/6749/9079/files/FM7216WH-3.jpg,3,whitby-4-pc-bedroom-set,,,,,,,,
whitby-4-pc-bedroom-set,,,,,,,,,,,,,,,,,,,,,,,,,,,,,,,,https://cdn.shopify.com/s/files/1/0268/6749/9079/files/FM7216WH-4.jpg,4,whitby-4-pc-bedroom-set,,,,,,,,
whitby-4-pc-bedroom-set,,,,,,,,,,,,,,,,,,,,,,,,,,,,,,,,https://cdn.shopify.com/s/files/1/0268/6749/9079/files/FM7216WH-5.jpg,5,whitby-4-pc-bedroom-set,,,,,,,,
whitby-4-pc-bedroom-set,,,,,,,,,,,,,,,,,,,,,,,,,,,,,,,,https://cdn.shopify.com/s/files/1/0268/6749/9079/files/FM7216WH-D-3.jpg,6,whitby-4-pc-bedroom-set,,,,,,,,
whitby-4-pc-bedroom-set,,,,,,,,,,,,,,,,,,,,,,,,,,,,,,,,https://cdn.shopify.com/s/files/1/0268/6749/9079/files/FM7216WH-D-2.jpg,7,whitby-4-pc-bedroom-set,,,,,,,,
whitby-5-pc-bedroom-set-w-2ns,WHITBY 5 Pc. Bedroom Set w/ 2NS,"<p><span style=""color:#1e73be;""><strong>FREE SHIPPING</strong></span><br>
WHITBY 5 Pc. Bedroom Set w/ 2NS completes the bedroom with a relaxed, pulled-together look. As a bedroom bedroom set, it is designed to coordinate with matching pieces. The Glam character adds definition without feeling heavy. Finished in White tones, the Engineered Wood, Metal build keeps the look polished and practical.<br>
Product Dimensions: 61""W X 81""D X 57""H<br>
Size: Queen</p>

<p>Features<br>
- High Gloss Finish<br>
- LED on Headboard<br>
- Metal Side Glide<br>
- Wooden Legs<br>
- Chrome Hardware<br>
- Foundation Required Included items and dimensions:<br>
- Nightstand: color: White; dimensions: 25.5"" W x 15.5""D x 25"" H; feature: Glam<br>
- Dresser: color: White; dimensions: 63"" W x 18""D x 36.5"" H; feature: Glam</p>

<p>Materials: Engineered Wood, Metal.<br>
Color: White<br>
Weight: 493.3 lbs</p>",GOODDEGG,Furniture > Furniture Sets > Bedroom Furniture Sets,Bedroom Set,"Furniture of America, Quick Ship Furniture, New Arrival, Indoor Furniture, 2026",TRUE,Size,Queen,,,,,,,,FM7216WH-Q-5PC-2NS,223757,shopify,20,deny,manual,2157,,TRUE,FALSE,,,,,,https://cdn.shopify.com/s/files/1/0268/6749/9079/files/FM7216WH-Q-1.jpg,1,whitby-5-pc-bedroom-set-w-2ns,FALSE,WHITBY 5 Pc. Bedroom Set w/ 2NS,"Shop WHITBY 5 Pc. Bedroom Set w/ 2NS. Glam style. Engineered Wood, Metal build. Size: Queen. Free shipping. Buy now at GOODDEGG.",FM7216WH-Q-1.jpg,lb,,1089,active
whitby-5-pc-bedroom-set-w-2ns,,,,,,,,,,,,,,,,,,,,,,,,,,,,,,,,https://cdn.shopify.com/s/files/1/0268/6749/9079/files/FM7216WH-Q-2.jpg,2,whitby-5-pc-bedroom-set-w-2ns,,,,,,,,
whitby-5-pc-bedroom-set-w-2ns,,,,,,,,,,,,,,,,,,,,,,,,,,,,,,,,https://cdn.shopify.com/s/files/1/0268/6749/9079/files/FM7216WH-3.jpg,3,whitby-5-pc-bedroom-set-w-2ns,,,,,,,,
whitby-5-pc-bedroom-set-w-2ns,,,,,,,,,,,,,,,,,,,,,,,,,,,,,,,,https://cdn.shopify.com/s/files/1/0268/6749/9079/files/FM7216WH-4.jpg,4,whitby-5-pc-bedroom-set-w-2ns,,,,,,,,
whitby-5-pc-bedroom-set-w-2ns,,,,,,,,,,,,,,,,,,,,,,,,,,,,,,,,https://cdn.shopify.com/s/files/1/0268/6749/9079/files/FM7216WH-5.jpg,5,whitby-5-pc-bedroom-set-w-2ns,,,,,,,,
whitby-5-pc-bedroom-set-w-2ns,,,,,,,,,,,,,,,,,,,,,,,,,,,,,,,,https://cdn.shopify.com/s/files/1/0268/6749/9079/files/FM7216WH-D-3.jpg,6,whitby-5-pc-bedroom-set-w-2ns,,,,,,,,
whitby-5-pc-bedroom-set-w-2ns,,,,,,,,,,,,,,,,,,,,,,,,,,,,,,,,https://cdn.shopify.com/s/files/1/0268/6749/9079/files/FM7216WH-D-2.jpg,7,whitby-5-pc-bedroom-set-w-2ns,,,,,,,,
whitby-5-pc-bedroom-set-w-chest,WHITBY 5 Pc. Bedroom Set w/ Chest,"<p><span style=""color:#1e73be;""><strong>FREE SHIPPING</strong></span><br>
WHITBY 5 Pc. Bedroom Set w/ Chest brings a restful, finished feel to the bedroom. This bedroom bedroom set is made to fit naturally into the room. A Glam profile gives the space a refined, approachable look. Built from Engineered Wood, Metal and finished in White tones for a clean, cohesive look.<br>
Product Dimensions: 61""W X 81""D X 57""H<br>
Size: Queen</p>

<p>Features<br>
- High Gloss Finish<br>
- LED on Headboard<br>
- Metal Side Glide<br>
- Wooden Legs<br>
- Chrome Hardware<br>
- Foundation Required Included items and dimensions:<br>
- Nightstand: color: White; dimensions: 25.5"" W x 15.5""D x 25"" H; feature: Glam<br>
- Dresser: color: White; dimensions: 63"" W x 18""D x 36.5"" H; feature: Glam<br>
- Chest: color: White; dimensions: 35.5"" W x 18""D x 48.5"" H; feature: Glam</p>

<p>Materials: Engineered Wood, Metal.<br>
Color: White<br>
Weight: 598.65 lbs</p>",GOODDEGG,Furniture > Furniture Sets > Bedroom Furniture Sets,Bedroom Set,"Furniture of America, Quick Ship Furniture, New Arrival, Indoor Furniture, 2026",TRUE,Size,Queen,,,,,,,,FM7216WH-Q-5PC-CHEST,271543,shopify,20,deny,manual,2664,,TRUE,FALSE,,,,,,https://cdn.shopify.com/s/files/1/0268/6749/9079/files/FM7216WH-Q-1.jpg,1,whitby-5-pc-bedroom-set-w-chest,FALSE,WHITBY 5 Pc. Bedroom Set w/ Chest,"Shop WHITBY 5 Pc. Bedroom Set w/ Chest. Glam style. Engineered Wood, Metal build. Size: Queen. Free shipping. Buy now at GOODDEGG.",FM7216WH-Q-1.jpg,lb,,1288,active
whitby-5-pc-bedroom-set-w-chest,,,,,,,,,,,,,,,,,,,,,,,,,,,,,,,,https://cdn.shopify.com/s/files/1/0268/6749/9079/files/FM7216WH-Q-2.jpg,2,whitby-5-pc-bedroom-set-w-chest,,,,,,,,
whitby-5-pc-bedroom-set-w-chest,,,,,,,,,,,,,,,,,,,,,,,,,,,,,,,,https://cdn.shopify.com/s/files/1/0268/6749/9079/files/FM7216WH-3.jpg,3,whitby-5-pc-bedroom-set-w-chest,,,,,,,,
whitby-5-pc-bedroom-set-w-chest,,,,,,,,,,,,,,,,,,,,,,,,,,,,,,,,https://cdn.shopify.com/s/files/1/0268/6749/9079/files/FM7216WH-4.jpg,4,whitby-5-pc-bedroom-set-w-chest,,,,,,,,
whitby-5-pc-bedroom-set-w-chest,,,,,,,,,,,,,,,,,,,,,,,,,,,,,,,,https://cdn.shopify.com/s/files/1/0268/6749/9079/files/FM7216WH-5.jpg,5,whitby-5-pc-bedroom-set-w-chest,,,,,,,,
whitby-5-pc-bedroom-set-w-chest,,,,,,,,,,,,,,,,,,,,,,,,,,,,,,,,https://cdn.shopify.com/s/files/1/0268/6749/9079/files/FM7216WH-D-3.jpg,6,whitby-5-pc-bedroom-set-w-chest,,,,,,,,
whitby-5-pc-bedroom-set-w-chest,,,,,,,,,,,,,,,,,,,,,,,,,,,,,,,,https://cdn.shopify.com/s/files/1/0268/6749/9079/files/FM7216WH-D-2.jpg,7,whitby-5-pc-bedroom-set-w-chest,,,,,,,,
whitehaven-4-pc-bedroom-set,WHITEHAVEN 4 Pc. Bedroom Set,"<p><span style=""color:#1e73be;""><strong>FREE SHIPPING</strong></span><br>
WHITEHAVEN 4 Pc. Bedroom Set brings a restful, finished feel to the bedroom. This bedroom bedroom set is made to fit naturally into the room. A Transitional or Coastal profile gives the space a refined, approachable look. Finished in Antique White tones, the Rubberwood, Engineered Wood Veneer build keeps the look polished and practical.<br>
Product Dimensions: 65""W X 87""D X 68""H<br>
Size: Queen</p>

<p>Features<br>
- Transitional or Coastal<br>
- Louvered Style Headboard<br>
- Ball-Bearing Glides<br>
- French Front & English Back Dovetail Drawers<br>
- Foundation Required Included items and dimensions:<br>
- Nightstand: color: Antique White; dimensions: 28"" W x 18""D x 28"" H; feature: Transitional or Coastal<br>
- Dresser: color: Antique White; dimensions: 64"" W x 18""D x 38"" H; feature: Transitional or Coastal</p>

<p>Materials: Rubberwood, Engineered Wood Veneer.<br>
Color: Antique White<br>
Weight: 511.5 lbs</p>",GOODDEGG,Furniture > Furniture Sets > Bedroom Furniture Sets,Bedroom Set,"Furniture of America, Quick Ship Furniture, New Arrival, Indoor Furniture, 2026",TRUE,Size,Queen,,,,,,,,FM7708WH-Q-4PC,232012,shopify,20,deny,manual,2517,,TRUE,FALSE,,,,,,https://cdn.shopify.com/s/files/1/0268/6749/9079/files/FM7708WH-1-Z.jpg,1,whitehaven-4-pc-bedroom-set,FALSE,WHITEHAVEN 4 Pc. Bedroom Set,"Shop WHITEHAVEN 4 Pc. Bedroom Set. Transitional/Coastal style. Rubberwood, Engineered Wood Veneer build. Size: Queen. Free shipping. Buy now at GOODDEGG.",FM7708WH-1-Z.jpg,lb,,1099,active
whitehaven-4-pc-bedroom-set,,,,,,,,,,,,,,,,,,,,,,,,,,,,,,,,https://cdn.shopify.com/s/files/1/0268/6749/9079/files/FM7708WH-2.jpg,2,whitehaven-4-pc-bedroom-set,,,,,,,,
whitehaven-4-pc-bedroom-set,,,,,,,,,,,,,,,,,,,,,,,,,,,,,,,,https://cdn.shopify.com/s/files/1/0268/6749/9079/files/FM7708WH-WB-1.jpg,3,whitehaven-4-pc-bedroom-set,,,,,,,,
whitehaven-4-pc-bedroom-set,,,,,,,,,,,,,,,,,,,,,,,,,,,,,,,,https://cdn.shopify.com/s/files/1/0268/6749/9079/files/FM7708WH-WB-2.jpg,4,whitehaven-4-pc-bedroom-set,,,,,,,,
whitehaven-4-pc-bedroom-set,,,,,,,,,,,,,,,,,,,,,,,,,,,,,,,,https://cdn.shopify.com/s/files/1/0268/6749/9079/files/FM7708WH-WB-3.jpg,5,whitehaven-4-pc-bedroom-set,,,,,,,,
whitehaven-4-pc-bedroom-set,,,,,,,,,,,,,,,,,,,,,,,,,,,,,,,,https://cdn.shopify.com/s/files/1/0268/6749/9079/files/FM7708WH-WB-4.jpg,6,whitehaven-4-pc-bedroom-set,,,,,,,,
whitehaven-5-pc-bedroom-set-w-2ns,WHITEHAVEN 5 Pc. Bedroom Set w/ 2NS,"<p><span style=""color:#1e73be;""><strong>FREE SHIPPING</strong></span><br>
Create a calm, coordinated retreat with WHITEHAVEN 5 Pc. Bedroom Set w/ 2NS. Designed as a bedroom bedroom set, it pairs easily with surrounding decor. Its Transitional or Coastal styling keeps the room feeling polished yet comfortable. Built from Rubberwood, Engineered Wood Veneer and finished in Antique White tones for a clean, cohesive look.<br>
Product Dimensions: 65""W X 87""D X 68""H<br>
Size: Queen</p>

<p>Features<br>
- Transitional or Coastal<br>
- Louvered Style Headboard<br>
- Ball-Bearing Glides<br>
- French Front & English Back Dovetail Drawers<br>
- Foundation Required Included items and dimensions:<br>
- Nightstand: color: Antique White; dimensions: 28"" W x 18""D x 28"" H; feature: Transitional or Coastal<br>
- Dresser: color: Antique White; dimensions: 64"" W x 18""D x 38"" H; feature: Transitional or Coastal</p>

<p>Materials: Rubberwood, Engineered Wood Veneer.<br>
Color: Antique White<br>
Weight: 584.1 lbs</p>",GOODDEGG,Furniture > Furniture Sets > Bedroom Furniture Sets,Bedroom Set,"Furniture of America, Quick Ship Furniture, New Arrival, Indoor Furniture, 2026",TRUE,Size,Queen,,,,,,,,FM7708WH-Q-5PC-2NS,264943,shopify,20,deny,manual,2907,,TRUE,FALSE,,,,,,https://cdn.shopify.com/s/files/1/0268/6749/9079/files/FM7708WH-1-Z.jpg,1,whitehaven-5-pc-bedroom-set-w-2ns,FALSE,WHITEHAVEN 5 Pc. Bedroom Set w/ 2NS,"Shop WHITEHAVEN 5 Pc. Bedroom Set w/ 2NS. Transitional/Coastal style. Rubberwood, Engineered Wood Veneer build. Size: Queen. Free shipping. Buy now at GOODDEGG.",FM7708WH-1-Z.jpg,lb,,1279,active
whitehaven-5-pc-bedroom-set-w-2ns,,,,,,,,,,,,,,,,,,,,,,,,,,,,,,,,https://cdn.shopify.com/s/files/1/0268/6749/9079/files/FM7708WH-2.jpg,2,whitehaven-5-pc-bedroom-set-w-2ns,,,,,,,,
whitehaven-5-pc-bedroom-set-w-2ns,,,,,,,,,,,,,,,,,,,,,,,,,,,,,,,,https://cdn.shopify.com/s/files/1/0268/6749/9079/files/FM7708WH-WB-1.jpg,3,whitehaven-5-pc-bedroom-set-w-2ns,,,,,,,,
whitehaven-5-pc-bedroom-set-w-2ns,,,,,,,,,,,,,,,,,,,,,,,,,,,,,,,,https://cdn.shopify.com/s/files/1/0268/6749/9079/files/FM7708WH-WB-2.jpg,4,whitehaven-5-pc-bedroom-set-w-2ns,,,,,,,,
whitehaven-5-pc-bedroom-set-w-2ns,,,,,,,,,,,,,,,,,,,,,,,,,,,,,,,,https://cdn.shopify.com/s/files/1/0268/6749/9079/files/FM7708WH-WB-3.jpg,5,whitehaven-5-pc-bedroom-set-w-2ns,,,,,,,,
whitehaven-5-pc-bedroom-set-w-2ns,,,,,,,,,,,,,,,,,,,,,,,,,,,,,,,,https://cdn.shopify.com/s/files/1/0268/6749/9079/files/FM7708WH-WB-4.jpg,6,whitehaven-5-pc-bedroom-set-w-2ns,,,,,,,,
whitehaven-5-pc-bedroom-set-w-chest,WHITEHAVEN 5 Pc. Bedroom Set w/ Chest,"<p><span style=""color:#1e73be;""><strong>FREE SHIPPING</strong></span><br>
WHITEHAVEN 5 Pc. Bedroom Set w/ Chest completes the bedroom with a relaxed, pulled-together look. As a bedroom bedroom set, it is designed to coordinate with matching pieces. The Transitional or Coastal character adds definition without feeling heavy. Crafted with Rubberwood, Engineered Wood Veneer, then finished in Antique White tones to suit a range of interiors.<br>
Product Dimensions: 65""W X 87""D X 68""H<br>
Size: Queen</p>

<p>Features<br>
- Transitional or Coastal<br>
- Louvered Style Headboard<br>
- Ball-Bearing Glides<br>
- French Front & English Back Dovetail Drawers<br>
- Foundation Required Included items and dimensions:<br>
- Nightstand: color: Antique White; dimensions: 28"" W x 18""D x 28"" H; feature: Transitional or Coastal<br>
- Dresser: color: Antique White; dimensions: 64"" W x 18""D x 38"" H; feature: Transitional or Coastal<br>
- Chest: color: Antique White; dimensions: 38"" W x 18""D x 54"" H; feature: Transitional or Coastal</p>

<p>Materials: Rubberwood, Engineered Wood Veneer.<br>
Color: Antique White<br>
Weight: 713.5 lbs</p>",GOODDEGG,Furniture > Furniture Sets > Bedroom Furniture Sets,Bedroom Set,"Furniture of America, Quick Ship Furniture, New Arrival, Indoor Furniture, 2026",TRUE,Size,Queen,,,,,,,,FM7708WH-Q-5PC-CHEST,323638,shopify,20,deny,manual,3444,,TRUE,FALSE,,,,,,https://cdn.shopify.com/s/files/1/0268/6749/9079/files/FM7708WH-1-Z.jpg,1,whitehaven-5-pc-bedroom-set-w-chest,FALSE,WHITEHAVEN 5 Pc. Bedroom Set w/ Chest,Shop WHITEHAVEN 5 Pc. Bedroom Set w/ Chest. Size: Queen. Free shipping from GOODDEGG. Buy now.,FM7708WH-1-Z.jpg,lb,,1399,active
whitehaven-5-pc-bedroom-set-w-chest,,,,,,,,,,,,,,,,,,,,,,,,,,,,,,,,https://cdn.shopify.com/s/files/1/0268/6749/9079/files/FM7708WH-2.jpg,2,whitehaven-5-pc-bedroom-set-w-chest,,,,,,,,
whitehaven-5-pc-bedroom-set-w-chest,,,,,,,,,,,,,,,,,,,,,,,,,,,,,,,,https://cdn.shopify.com/s/files/1/0268/6749/9079/files/FM7708WH-WB-1.jpg,3,whitehaven-5-pc-bedroom-set-w-chest,,,,,,,,
whitehaven-5-pc-bedroom-set-w-chest,,,,,,,,,,,,,,,,,,,,,,,,,,,,,,,,https://cdn.shopify.com/s/files/1/0268/6749/9079/files/FM7708WH-WB-2.jpg,4,whitehaven-5-pc-bedroom-set-w-chest,,,,,,,,
whitehaven-5-pc-bedroom-set-w-chest,,,,,,,,,,,,,,,,,,,,,,,,,,,,,,,,https://cdn.shopify.com/s/files/1/0268/6749/9079/files/FM7708WH-WB-3.jpg,5,whitehaven-5-pc-bedroom-set-w-chest,,,,,,,,
whitehaven-5-pc-bedroom-set-w-chest,,,,,,,,,,,,,,,,,,,,,,,,,,,,,,,,https://cdn.shopify.com/s/files/1/0268/6749/9079/files/FM7708WH-WB-4.jpg,6,whitehaven-5-pc-bedroom-set-w-chest,,,,,,,,
wynton-4-pc-bedroom-set,WYNTON 4 Pc. Bedroom Set,"<p><span style=""color:#1e73be;""><strong>FREE SHIPPING</strong></span><br>
WYNTON 4 Pc. Bedroom Set completes the bedroom with a relaxed, pulled-together look. As a bedroom bedroom set, it is designed to coordinate with matching pieces. The Rustic character adds definition without feeling heavy. Finished in Weathered Light Oak tones, the Solid Wood, Wood Veneer, Engineered Wood build keeps the look polished and practical.<br>
Product Dimensions: 88 3/8""L X 67 1/2""W X 56""H<br>
Size: Queen</p>

<p>Features<br>
- Rustic<br>
- Footboard Drawers<br>
- USB Charger on both sides of H or B<br>
- Antique Drawer Pulls<br>
- Felt-lined Top Drawers<br>
- Ball Bearing Metal Glides<br>
- Mattress Ready Included items and dimensions:<br>
- Nightstand: color: Weathered Light Oak; dimensions: 25"" W x 18""D x 27"" H; feature: Rustic<br>
- Dresser: color: Weathered Light Oak; dimensions: 62"" W x 18""D x 38"" H; feature: Rustic</p>

<p>Materials: Solid Wood, Wood Veneer, Engineered Wood.<br>
Color: Weathered Light Oak<br>
Weight: 477.4 lbs</p>",GOODDEGG,Furniture > Furniture Sets > Bedroom Furniture Sets,Bedroom Set,"Furniture of America, Quick Ship Furniture, New Arrival, Indoor Furniture, 2026",TRUE,Size,Queen,,,,,,,,CM7360Q-4PC,216545,shopify,20,deny,manual,2967,,TRUE,FALSE,,,,,,https://cdn.shopify.com/s/files/1/0268/6749/9079/files/CM7360-1.jpg,1,wynton-4-pc-bedroom-set,FALSE,WYNTON 4 Pc. Bedroom Set,"Shop WYNTON 4 Pc. Bedroom Set. Rustic style. Solid Wood, Wood Veneer build. Size: Queen. Free shipping. Buy now at GOODDEGG.",CM7360-1.jpg,lb,,1179,active
wynton-4-pc-bedroom-set,,,,,,,,,,,,,,,,,,,,,,,,,,,,,,,,https://cdn.shopify.com/s/files/1/0268/6749/9079/files/CM7360-2.jpg,2,wynton-4-pc-bedroom-set,,,,,,,,
wynton-4-pc-bedroom-set,,,,,,,,,,,,,,,,,,,,,,,,,,,,,,,,https://cdn.shopify.com/s/files/1/0268/6749/9079/files/CM7360-3.jpg,3,wynton-4-pc-bedroom-set,,,,,,,,
wynton-4-pc-bedroom-set,,,,,,,,,,,,,,,,,,,,,,,,,,,,,,,,https://cdn.shopify.com/s/files/1/0268/6749/9079/files/CM7360-4.jpg,4,wynton-4-pc-bedroom-set,,,,,,,,
wynton-4-pc-bedroom-set,,,,,,,,,,,,,,,,,,,,,,,,,,,,,,,,https://cdn.shopify.com/s/files/1/0268/6749/9079/files/CM7360-1-Z.jpg,5,wynton-4-pc-bedroom-set,,,,,,,,
wynton-5-pc-bedroom-set-w-2ns,WYNTON 5 Pc. Bedroom Set w/ 2NS,"<p><span style=""color:#1e73be;""><strong>FREE SHIPPING</strong></span><br>
WYNTON 5 Pc. Bedroom Set w/ 2NS brings a restful, finished feel to the bedroom. This bedroom bedroom set is made to fit naturally into the room. A Rustic profile gives the space a refined, approachable look. Built from Solid Wood, Wood Veneer, Engineered Wood and finished in Weathered Light Oak tones for a clean, cohesive look.<br>
Product Dimensions: 88 3/8""L X 67 1/2""W X 56""H<br>
Size: Queen</p>

<p>Features<br>
- Rustic<br>
- Footboard Drawers<br>
- USB Charger on both sides of H or B<br>
- Antique Drawer Pulls<br>
- Felt-lined Top Drawers<br>
- Ball Bearing Metal Glides<br>
- Mattress Ready Included items and dimensions:<br>
- Nightstand: color: Weathered Light Oak; dimensions: 25"" W x 18""D x 27"" H; feature: Rustic<br>
- Dresser: color: Weathered Light Oak; dimensions: 62"" W x 18""D x 38"" H; feature: Rustic</p>

<p>Materials: Solid Wood, Wood Veneer, Engineered Wood.<br>
Color: Weathered Light Oak<br>
Weight: 533.5 lbs</p>",GOODDEGG,Furniture > Furniture Sets > Bedroom Furniture Sets,Bedroom Set,"Furniture of America, Quick Ship Furniture, New Arrival, Indoor Furniture, 2026",TRUE,Size,Queen,,,,,,,,CM7360Q-5PC-2NS,241992,shopify,20,deny,manual,3357,,TRUE,FALSE,,,,,,https://cdn.shopify.com/s/files/1/0268/6749/9079/files/CM7360-1.jpg,1,wynton-5-pc-bedroom-set-w-2ns,FALSE,WYNTON 5 Pc. Bedroom Set w/ 2NS,"Shop WYNTON 5 Pc. Bedroom Set w/ 2NS. Rustic style. Solid Wood, Wood Veneer build. Size: Queen. Free shipping. Buy now at GOODDEGG.",CM7360-1.jpg,lb,,1329,active
wynton-5-pc-bedroom-set-w-2ns,,,,,,,,,,,,,,,,,,,,,,,,,,,,,,,,https://cdn.shopify.com/s/files/1/0268/6749/9079/files/CM7360-2.jpg,2,wynton-5-pc-bedroom-set-w-2ns,,,,,,,,
wynton-5-pc-bedroom-set-w-2ns,,,,,,,,,,,,,,,,,,,,,,,,,,,,,,,,https://cdn.shopify.com/s/files/1/0268/6749/9079/files/CM7360-3.jpg,3,wynton-5-pc-bedroom-set-w-2ns,,,,,,,,
wynton-5-pc-bedroom-set-w-2ns,,,,,,,,,,,,,,,,,,,,,,,,,,,,,,,,https://cdn.shopify.com/s/files/1/0268/6749/9079/files/CM7360-4.jpg,4,wynton-5-pc-bedroom-set-w-2ns,,,,,,,,
wynton-5-pc-bedroom-set-w-2ns,,,,,,,,,,,,,,,,,,,,,,,,,,,,,,,,https://cdn.shopify.com/s/files/1/0268/6749/9079/files/CM7360-1-Z.jpg,5,wynton-5-pc-bedroom-set-w-2ns,,,,,,,,
wynton-5-pc-bedroom-set-w-chest,WYNTON 5 Pc. Bedroom Set w/ Chest,"<p><span style=""color:#1e73be;""><strong>FREE SHIPPING</strong></span><br>
Create a calm, coordinated retreat with WYNTON 5 Pc. Bedroom Set w/ Chest. Designed as a bedroom bedroom set, it pairs easily with surrounding decor. Its Rustic styling keeps the room feeling polished yet comfortable. Crafted with Solid Wood, Wood Veneer, Engineered Wood, then finished in Weathered Light Oak tones to suit a range of interiors.<br>
Product Dimensions: 88 3/8""L X 67 1/2""W X 56""H<br>
Size: Queen</p>

<p>Features<br>
- Rustic<br>
- Footboard Drawers<br>
- USB Charger on both sides of H or B<br>
- Antique Drawer Pulls<br>
- Felt-lined Top Drawers<br>
- Ball Bearing Metal Glides<br>
- Mattress Ready Included items and dimensions:<br>
- Nightstand: color: Weathered Light Oak; dimensions: 25"" W x 18""D x 27"" H; feature: Rustic<br>
- Dresser: color: Weathered Light Oak; dimensions: 62"" W x 18""D x 38"" H; feature: Rustic<br>
- Chest: color: Weathered Light Oak; dimensions: 36"" W x 18""D x 51 7 or 8"" H; feature: Rustic</p>

<p>Materials: Solid Wood, Wood Veneer, Engineered Wood.<br>
Color: Weathered Light Oak<br>
Weight: 613.8 lbs</p>",GOODDEGG,Furniture > Furniture Sets > Bedroom Furniture Sets,Bedroom Set,"Furniture of America, Quick Ship Furniture, New Arrival, Indoor Furniture, 2026",TRUE,Size,Queen,,,,,,,,CM7360Q-5PC-CHEST,278415,shopify,20,deny,manual,3834,,TRUE,FALSE,,,,,,https://cdn.shopify.com/s/files/1/0268/6749/9079/files/CM7360-1.jpg,1,wynton-5-pc-bedroom-set-w-chest,FALSE,WYNTON 5 Pc. Bedroom Set w/ Chest,"Shop WYNTON 5 Pc. Bedroom Set w/ Chest. Rustic style. Solid Wood, Wood Veneer build. Size: Queen. Free shipping. Buy now at GOODDEGG.",CM7360-1.jpg,lb,,1538,active
wynton-5-pc-bedroom-set-w-chest,,,,,,,,,,,,,,,,,,,,,,,,,,,,,,,,https://cdn.shopify.com/s/files/1/0268/6749/9079/files/CM7360-2.jpg,2,wynton-5-pc-bedroom-set-w-chest,,,,,,,,
wynton-5-pc-bedroom-set-w-chest,,,,,,,,,,,,,,,,,,,,,,,,,,,,,,,,https://cdn.shopify.com/s/files/1/0268/6749/9079/files/CM7360-3.jpg,3,wynton-5-pc-bedroom-set-w-chest,,,,,,,,
wynton-5-pc-bedroom-set-w-chest,,,,,,,,,,,,,,,,,,,,,,,,,,,,,,,,https://cdn.shopify.com/s/files/1/0268/6749/9079/files/CM7360-4.jpg,4,wynton-5-pc-bedroom-set-w-chest,,,,,,,,
wynton-5-pc-bedroom-set-w-chest,,,,,,,,,,,,,,,,,,,,,,,,,,,,,,,,https://cdn.shopify.com/s/files/1/0268/6749/9079/files/CM7360-1-Z.jpg,5,wynton-5-pc-bedroom-set-w-chest,,,,,,,,
zosimo-4-pc-bedroom-set,ZOSIMO 4 Pc. Bedroom Set,"<p><span style=""color:#1e73be;""><strong>FREE SHIPPING</strong></span><br>
Elevate your space with ZOSIMO, styled in Transitional and designed for everyday comfort.<br>
This bedroom bedroom set is made to fit naturally into the room. With Solid Wood, Engineered Wood, Others and Dark Cherry or Black or Gray tones, it blends structure and softness in one clean profile.<br>
Product Dimensions: BED: 63&quot;W X 92&quot;D X 56&quot;H<br>
Size: Queen</p>

<p>Features<br>
- Solid Wood<br>
- Engineered Wood<br>
- Others<br>
- Footboard Drawers and Side Drawers<br>
- Headboard Bookcase<br>
<strong>Variant Details</strong><br>
- <strong>Size: Queen | Color: Dark Cherry | Dimensions: BED: 63&quot;W X 92&quot;D X 56&quot;H | Weight: 570.53 lbs | Volume: 80.4 cuft</strong><br>
- <strong>Size: Queen | Color: Black | Dimensions: BED: 63&quot;W X 92&quot;D X 56&quot;H | Weight: 567.42 lbs | Volume: 80.1 cuft</strong><br>
- <strong>Size: Queen | Color: Gray | Dimensions: BED: 63&quot;W X 92&quot;D X 56&quot;H | Weight: 566.41 lbs | Volume: 81.6 cuft</strong><br>
</p>

<p>Materials: Solid Wood, Engineered Wood, Others.<br>
Color: Dark Cherry or Black or Gray<br>
Weight: 566.41 - 570.53 lbs</p>",GOODDEGG,Furniture > Furniture Sets > Bedroom Furniture Sets,Bedroom Set,"Furniture of America, Quick Ship Furniture, New Arrival, Indoor Furniture, 2026",TRUE,Color,Dark Cherry,,,,,,,,FM7210CH-Q-4PC,258788,shopify,20,deny,manual,2187,,TRUE,FALSE,,,,,,https://cdn.shopify.com/s/files/1/0268/6749/9079/files/FM7210CH-1-Z.jpg,1,zosimo-4-pc-bedroom-set,FALSE,ZOSIMO 4 Pc. Bedroom Set,"Shop ZOSIMO 4 Pc. Bedroom Set. Transitional style. Solid Wood, Engineered Wood build. Multiple colors available. Free shipping. Buy now at GOODDEGG.",FM7210CH-1-Z.jpg,lb,,1069,active
zosimo-4-pc-bedroom-set,,,,,,,,,Black,,,,,,,,FM7210BK-Q-4PC,257377,shopify,20,deny,manual,2187,,TRUE,FALSE,,,,,,https://cdn.shopify.com/s/files/1/0268/6749/9079/files/FM7210BK-1-Z.jpg,2,zosimo-4-pc-bedroom-set,,,,FM7210BK-1-Z.jpg,lb,,1069,
zosimo-4-pc-bedroom-set,,,,,,,,,Gray,,,,,,,,FM7210GY-Q-4PC,256919,shopify,20,deny,manual,2187,,TRUE,FALSE,,,,,,https://cdn.shopify.com/s/files/1/0268/6749/9079/files/FM7210GY-1-Z.jpg,3,zosimo-4-pc-bedroom-set,,,,FM7210GY-1-Z.jpg,lb,,1069,
zosimo-5-pc-bedroom-set-w-2ns,ZOSIMO 5 Pc. Bedroom Set w/2NS,"<p><span style=""color:#1e73be;""><strong>FREE SHIPPING</strong></span><br>
Elevate your space with ZOSIMO, styled in Transitional and designed for everyday comfort.<br>
This bedroom bedroom set is made to fit naturally into the room. With Solid Wood, Engineered Wood, Others and Dark Cherry or Black or Gray tones, it blends structure and softness in one clean profile.<br>
Product Dimensions: BED: 63&quot;W X 92&quot;D X 56&quot;H<br>
Size: Queen</p>

<p>Features<br>
- Solid Wood<br>
- Engineered Wood<br>
- Others<br>
- Footboard Drawers and Side Drawers<br>
- Headboard Bookcase<br>
<strong>Variant Details</strong><br>
- <strong>Size: Queen | Color: Dark Cherry | Dimensions: BED: 63&quot;W X 92&quot;D X 56&quot;H | Weight: 621.13 lbs | Volume: 89.2 cuft</strong><br>
- <strong>Size: Queen | Color: Black | Dimensions: BED: 63&quot;W X 92&quot;D X 56&quot;H | Weight: 618.99 lbs | Volume: 88.9 cuft</strong><br>
- <strong>Size: Queen | Color: Gray | Dimensions: BED: 63&quot;W X 92&quot;D X 56&quot;H | Weight: 618.2 lbs | Volume: 90.5 cuft</strong><br>
</p>

<p>Materials: Solid Wood, Engineered Wood, Others.<br>
Color: Dark Cherry or Black or Gray<br>
Weight: 618.2 - 621.13 lbs</p>",GOODDEGG,Furniture > Furniture Sets > Bedroom Furniture Sets,Bedroom Set,"Furniture of America, Quick Ship Furniture, New Arrival, Indoor Furniture, 2026",TRUE,Color,Dark Cherry,,,,,,,,FM7210CH-Q-5PC-2NS,281740,shopify,20,deny,manual,2397,,TRUE,FALSE,,,,,,https://cdn.shopify.com/s/files/1/0268/6749/9079/files/FM7210CH-1-Z.jpg,1,zosimo-5-pc-bedroom-set-w-2ns,FALSE,ZOSIMO 5 Pc. Bedroom Set w/2NS,"Shop ZOSIMO 5 Pc. Bedroom Set w/2NS. Transitional style. Solid Wood, Engineered Wood build. Multiple colors available. Free shipping. Buy now at GOODDEGG.",FM7210CH-1-Z.jpg,lb,,1199,active
zosimo-5-pc-bedroom-set-w-2ns,,,,,,,,,Black,,,,,,,,FM7210BK-Q-5PC-2NS,280769,shopify,20,deny,manual,2397,,TRUE,FALSE,,,,,,https://cdn.shopify.com/s/files/1/0268/6749/9079/files/FM7210BK-1-Z.jpg,2,zosimo-5-pc-bedroom-set-w-2ns,,,,FM7210BK-1-Z.jpg,lb,,1199,
zosimo-5-pc-bedroom-set-w-2ns,,,,,,,,,Gray,,,,,,,,FM7210GY-Q-5PC-2NS,280411,shopify,20,deny,manual,2397,,TRUE,FALSE,,,,,,https://cdn.shopify.com/s/files/1/0268/6749/9079/files/FM7210GY-1-Z.jpg,3,zosimo-5-pc-bedroom-set-w-2ns,,,,FM7210GY-1-Z.jpg,lb,,1199,
zosimo-5-pc-bedroom-set-w-chest,ZOSIMO 5 Pc. Bedroom Set w/Chest,"<p><span style=""color:#1e73be;""><strong>FREE SHIPPING</strong></span><br>
Elevate your space with ZOSIMO, styled in Transitional and designed for everyday comfort.<br>
This bedroom bedroom set is made to fit naturally into the room. With Solid Wood, Engineered Wood, Others and Dark Cherry or Black or Gray tones, it blends structure and softness in one clean profile.<br>
Product Dimensions: BED: 63&quot;W X 92&quot;D X 56&quot;H<br>
Size: Queen</p>

<p>Features<br>
- Solid Wood<br>
- Engineered Wood<br>
- Others<br>
- Footboard Drawers and Side Drawers<br>
- Headboard Bookcase<br>
<strong>Variant Details</strong><br>
- <strong>Size: Queen | Color: Dark Cherry | Dimensions: BED: 63&quot;W X 92&quot;D X 56&quot;H | Weight: 719.73 lbs | Volume: 99.1 cuft</strong><br>
- <strong>Size: Queen | Color: Black | Dimensions: BED: 63&quot;W X 92&quot;D X 56&quot;H | Weight: 717.29 lbs | Volume: 99.5 cuft</strong><br>
- <strong>Size: Queen | Color: Gray | Dimensions: BED: 63&quot;W X 92&quot;D X 56&quot;H | Weight: 714.07 lbs | Volume: 101.2 cuft</strong><br>
</p>

<p>Materials: Solid Wood, Engineered Wood, Others.<br>
Color: Dark Cherry or Black or Gray<br>
Weight: 714.07 - 719.73 lbs</p>",GOODDEGG,Furniture > Furniture Sets > Bedroom Furniture Sets,Bedroom Set,"Furniture of America, Quick Ship Furniture, New Arrival, Indoor Furniture, 2026",TRUE,Color,Dark Cherry,,,,,,,,FM7210CH-Q-5PC-CHEST,326464,shopify,20,deny,manual,2694,,TRUE,FALSE,,,,,,https://cdn.shopify.com/s/files/1/0268/6749/9079/files/FM7210CH-1-Z.jpg,1,zosimo-5-pc-bedroom-set-w-chest,FALSE,ZOSIMO 5 Pc. Bedroom Set w/Chest,"Shop ZOSIMO 5 Pc. Bedroom Set w/Chest. Transitional style. Solid Wood, Engineered Wood build. Multiple colors available. Free shipping. Buy now at GOODDEGG.",FM7210CH-1-Z.jpg,lb,,1299,active
zosimo-5-pc-bedroom-set-w-chest,,,,,,,,,Black,,,,,,,,FM7210BK-Q-5PC-CHEST,325357,shopify,20,deny,manual,2664,,TRUE,FALSE,,,,,,https://cdn.shopify.com/s/files/1/0268/6749/9079/files/FM7210BK-1-Z.jpg,2,zosimo-5-pc-bedroom-set-w-chest,,,,FM7210BK-1-Z.jpg,lb,,1299,
zosimo-5-pc-bedroom-set-w-chest,,,,,,,,,Gray,,,,,,,,FM7210GY-Q-5PC-CHEST,323897,shopify,20,deny,manual,2694,,TRUE,FALSE,,,,,,https://cdn.shopify.com/s/files/1/0268/6749/9079/files/FM7210GY-1-Z.jpg,3,zosimo-5-pc-bedroom-set-w-chest,,,,FM7210GY-1-Z.jpg,lb,,1299,
stella-mia-bedroom-set,Bedroom Set,"<p><span style=""color:#1e73be;""><strong>FREE SHIPPING</strong></span><br>
Elevate your space with STELLA MIA, styled in Traditional and designed for everyday comfort.<br>
This bedroom bedroom set is made to fit naturally into the room. With Pinewood, Ash Burl Veneer, Oak Veneer, Fabric, Foam, Engineered Wood and Creamy White tones, it blends structure and softness in one clean profile.<br>
Product Dimensions: 66.5&quot;W X 90&quot;D X 68.5&quot;H<br>
Size: Varies by variant</p>

<p>Features<br>
- Pinewood<br>
- Ash Burl Veneer<br>
- Oak Veneer<br>
- Fabric<br>
- Foam<br>
- Engineered Wood<br>
- Ash Burl &amp; Silver Brushed Ornate Accent<br>
- Diamond Button Tufting<br>
- French Front &amp; English Back Dovetail Drawers<br>
- Resin Drawer Overlay &amp; Felt-Lined Top Drawer<br>
- Ornate Round Knobs w/ Metal Silver Finish<br>
- Jewelry Tray on Dresser<br>
<strong>Variant Details</strong><br>
- <strong>Size: - | Color: Creamy White | Dimensions: 66.5&quot;W X 90&quot;D X 68.5&quot;H | Weight: 574.7 lbs | Volume: 85.8 cuft</strong><br>
- <strong>Size: - | Color: Creamy White | Dimensions: 66.5&quot;W X 90&quot;D X 68.5&quot;H | Weight: 655.4 lbs | Volume: 99.1 cuft</strong><br>
- <strong>Size: - | Color: Creamy White | Dimensions: 66.5&quot;W X 90&quot;D X 68.5&quot;H | Weight: 759.1 lbs | Volume: 119.5 cuft</strong><br>
</p>

<p>Materials: Pinewood, Ash Burl Veneer, Oak Veneer, Fabric, Foam, Engineered Wood.<br>
Color: Creamy White<br>
Weight: 574.7 - 759.1 lbs</p>",GOODDEGG,Furniture > Furniture Sets > Bedroom Furniture Sets,Bedroom Set,"Furniture of America, Quick Ship Furniture, New Arrival, Indoor Furniture, 2026",TRUE,Color,Creamy White,,,,,,,,FM70000WH-Q-F-4PC,260680,shopify,20,deny,manual,3177,,TRUE,FALSE,,,,,,https://cdn.shopify.com/s/files/1/0268/6749/9079/files/FM70000WH-F-1-Z.jpg,1,stella-mia-bedroom-set,FALSE,Bedroom Set,"Shop Bedroom Set. Traditional style. Pinewood, Ash Burl Veneer build. Color: Creamy White. Free shipping. Buy now at GOODDEGG.",FM70000WH-F-1-Z.jpg,lb,,1459,active
stella-mia-bedroom-set,,,,,,,,,Creamy White,,,,,,,,FM70000WH-Q-F-5PC-2N,297284,shopify,20,deny,manual,3687,,TRUE,FALSE,,,,,,https://cdn.shopify.com/s/files/1/0268/6749/9079/files/FM70000WH-F-2.jpg,2,stella-mia-bedroom-set,,,,FM70000WH-F-1-Z.jpg,lb,,1699,
stella-mia-bedroom-set,,,,,,,,,Creamy White,,,,,,,,FM70000WH-Q-F-5PC-C,344322,shopify,20,deny,manual,4284,,TRUE,FALSE,,,,,,https://cdn.shopify.com/s/files/1/0268/6749/9079/files/FM70000WH-F-3.jpg,3,stella-mia-bedroom-set,,,,FM70000WH-F-1-Z.jpg,lb,,2049,
stella-mia-bedroom-set,,,,,,,,,,,,,,,,,,,,,,,,,,,,,,,,https://cdn.shopify.com/s/files/1/0268/6749/9079/files/FM70000WH-F-WB-1.jpg,4,stella-mia-bedroom-set,,,,,,,,
stella-mia-bedroom-set,,,,,,,,,,,,,,,,,,,,,,,,,,,,,,,,https://cdn.shopify.com/s/files/1/0268/6749/9079/files/FM70000WH-F-WB-2.jpg,5,stella-mia-bedroom-set,,,,,,,,
stella-mia-bedroom-set,,,,,,,,,,,,,,,,,,,,,,,,,,,,,,,,https://cdn.shopify.com/s/files/1/0268/6749/9079/files/FM70000WH-F-WB-3.jpg,6,stella-mia-bedroom-set,,,,,,,,
stella-mia-bedroom-set,,,,,,,,,,,,,,,,,,,,,,,,,,,,,,,,https://cdn.shopify.com/s/files/1/0268/6749/9079/files/FM70000WH-F-WB-4.jpg,7,stella-mia-bedroom-set,,,,,,,,
stella-mia-bedroom-set,,,,,,,,,,,,,,,,,,,,,,,,,,,,,,,,https://cdn.shopify.com/s/files/1/0268/6749/9079/files/FM70000WH-F-WB-5.jpg,8,stella-mia-bedroom-set,,,,,,,,
stella-mia-bedroom-set,,,,,,,,,,,,,,,,,,,,,,,,,,,,,,,,https://cdn.shopify.com/s/files/1/0268/6749/9079/files/FM70000WH-F-WB-6.jpg,9,stella-mia-bedroom-set,,,,,,,,
belleterre-4-pc-bedroom-set,BELLETERRE 4 Pc. Bedroom Set,"<p><span style=""color:#1e73be;""><strong>FREE SHIPPING</strong></span><br>
BELLETERRE 4 Pc. Bedroom Set completes the bedroom with a relaxed, pulled-together look. As a bedroom bed, it is designed to coordinate with matching pieces. The Glam character adds definition without feeling heavy. Crafted with Velvet-Like Fabric, Solid Wood, Wood Veneer, then finished in Silver tones to suit a range of interiors.<br>
Product Dimensions: 86 1/2""L X 63 1/2""W X 61 3/4""H<br>
Size: Queen</p>

<p>Features<br>
- Button Tufted Headboard<br>
- Crystal Acrylic Details on Headboard and Footboard<br>
- Ball Bearing Glides<br>
- Felt-Lined Top Drawer<br>
- Hidden Jewelry Drawer in Night Stand and Dresser<br>
- USB Charger on Night Stand<br>
- Foundation Required Included items and dimensions:<br>
- Nightstand w/ USB: color: Silver; dimensions: 28"" W x 18 1 or 4""D x 28 1 or 2"" H; feature: Glam<br>
- Dresser: color: Silver; dimensions: 62"" W x 18 1 or 4""D x 37 1 or 2"" H; feature: Glam</p>

<p>Materials: Velvet-Like Fabric, Solid Wood, Wood Veneer.<br>
Color: Silver<br>
Weight: 508.2 lbs</p>",GOODDEGG,Furniture > Beds & Accessories > Beds & Bed Frames,Bed,"Furniture of America, Quick Ship Furniture, New Arrival, Indoor Furniture, 2026",TRUE,Size,Queen,,,,,,,,CM7518Q-4PC,230516,shopify,20,deny,manual,3177,,TRUE,FALSE,,,,,,https://cdn.shopify.com/s/files/1/0268/6749/9079/files/CM7518-1-Z.jpg,1,belleterre-4-pc-bedroom-set,FALSE,BELLETERRE 4 Pc. Bedroom Set,"Shop BELLETERRE 4 Pc. Bedroom Set. Glam style. Velvet-Like Fabric, Solid Wood build. Size: Queen. Free shipping. Buy now at GOODDEGG.",CM7518-1-Z.jpg,lb,,1399,active
belleterre-4-pc-bedroom-set,,,,,,,,,,,,,,,,,,,,,,,,,,,,,,,,https://cdn.shopify.com/s/files/1/0268/6749/9079/files/CM7518-2.jpg,2,belleterre-4-pc-bedroom-set,,,,,,,,
belleterre-4-pc-bedroom-set,,,,,,,,,,,,,,,,,,,,,,,,,,,,,,,,https://cdn.shopify.com/s/files/1/0268/6749/9079/files/CM7518-3.jpg,3,belleterre-4-pc-bedroom-set,,,,,,,,
belleterre-4-pc-bedroom-set,,,,,,,,,,,,,,,,,,,,,,,,,,,,,,,,https://cdn.shopify.com/s/files/1/0268/6749/9079/files/CM7518-4.jpg,4,belleterre-4-pc-bedroom-set,,,,,,,,
belleterre-5-pc-bedroom-set-w-2ns,BELLETERRE 5 Pc. Bedroom Set w/ 2NS,"<p><span style=""color:#1e73be;""><strong>FREE SHIPPING</strong></span><br>
BELLETERRE 5 Pc. Bedroom Set w/ 2NS brings a restful, finished feel to the bedroom. This bedroom bed is made to fit naturally into the room. A Glam profile gives the space a refined, approachable look. With Velvet-Like Fabric, Solid Wood, Wood Veneer, construction and Silver tones, it blends durability with visual warmth.<br>
Product Dimensions: 86 1/2""L X 63 1/2""W X 61 3/4""H<br>
Size: Queen</p>

<p>Features<br>
- Button Tufted Headboard<br>
- Crystal Acrylic Details on Headboard and Footboard<br>
- Ball Bearing Glides<br>
- Felt-Lined Top Drawer<br>
- Hidden Jewelry Drawer in Night Stand and Dresser<br>
- USB Charger on Night Stand<br>
- Foundation Required Included items and dimensions:<br>
- Nightstand w/ USB: color: Silver; dimensions: 28"" W x 18 1 or 4""D x 28 1 or 2"" H; feature: Glam<br>
- Dresser: color: Silver; dimensions: 62"" W x 18 1 or 4""D x 37 1 or 2"" H; feature: Glam</p>

<p>Materials: Velvet-Like Fabric, Solid Wood, Wood Veneer.<br>
Color: Silver<br>
Weight: 587.4 lbs</p>",GOODDEGG,Furniture > Beds & Accessories > Beds & Bed Frames,Bed,"Furniture of America, Quick Ship Furniture, New Arrival, Indoor Furniture, 2026",TRUE,Size,Queen,,,,,,,,CM7518Q-5PC-2NS,266440,shopify,20,deny,manual,3687,,TRUE,FALSE,,,,,,https://cdn.shopify.com/s/files/1/0268/6749/9079/files/CM7518-1-Z.jpg,1,belleterre-5-pc-bedroom-set-w-2ns,FALSE,BELLETERRE 5 Pc. Bedroom Set w/ 2NS,"Shop BELLETERRE 5 Pc. Bedroom Set w/ 2NS. Glam style. Velvet-Like Fabric, Solid Wood build. Size: Queen. Free shipping. Buy now at GOODDEGG.",CM7518-1-Z.jpg,lb,,1629,active
belleterre-5-pc-bedroom-set-w-2ns,,,,,,,,,,,,,,,,,,,,,,,,,,,,,,,,https://cdn.shopify.com/s/files/1/0268/6749/9079/files/CM7518-2.jpg,2,belleterre-5-pc-bedroom-set-w-2ns,,,,,,,,
belleterre-5-pc-bedroom-set-w-2ns,,,,,,,,,,,,,,,,,,,,,,,,,,,,,,,,https://cdn.shopify.com/s/files/1/0268/6749/9079/files/CM7518-3.jpg,3,belleterre-5-pc-bedroom-set-w-2ns,,,,,,,,
belleterre-5-pc-bedroom-set-w-2ns,,,,,,,,,,,,,,,,,,,,,,,,,,,,,,,,https://cdn.shopify.com/s/files/1/0268/6749/9079/files/CM7518-4.jpg,4,belleterre-5-pc-bedroom-set-w-2ns,,,,,,,,
belleterre-5-pc-bedroom-set-w-chest,BELLETERRE 5 Pc. Bedroom Set w/ Chest,"<p><span style=""color:#1e73be;""><strong>FREE SHIPPING</strong></span><br>
Create a calm, coordinated retreat with BELLETERRE 5 Pc. Bedroom Set w/ Chest. Designed as a bedroom bed, it pairs easily with surrounding decor. Its Glam styling keeps the room feeling polished yet comfortable. Finished in Silver tones, the Velvet-Like Fabric, Solid Wood, Wood Veneer, build keeps the look polished and practical.<br>
Product Dimensions: 86 1/2""L X 63 1/2""W X 61 3/4""H<br>
Size: Queen</p>

<p>Features<br>
- Button Tufted Headboard<br>
- Crystal Acrylic Details on Headboard and Footboard<br>
- Ball Bearing Glides<br>
- Felt-Lined Top Drawer<br>
- Hidden Jewelry Drawer in Night Stand and Dresser<br>
- USB Charger on Night Stand<br>
- Foundation Required Included items and dimensions:<br>
- Nightstand w/ USB: color: Silver; dimensions: 28"" W x 18 1 or 4""D x 28 1 or 2"" H; feature: Glam<br>
- Dresser: color: Silver; dimensions: 62"" W x 18 1 or 4""D x 37 1 or 2"" H; feature: Glam<br>
- Chest: color: Silver; dimensions: 36"" W x 18 1 or 4""D x 51 1 or 2"" H; feature: Glam</p>

<p>Materials: Velvet-Like Fabric, Solid Wood, Wood Veneer.<br>
Color: Silver<br>
Weight: 670.2 lbs</p>",GOODDEGG,Furniture > Beds & Accessories > Beds & Bed Frames,Bed,"Furniture of America, Quick Ship Furniture, New Arrival, Indoor Furniture, 2026",TRUE,Size,Queen,,,,,,,,CM7518Q-5PC-CHEST,303998,shopify,20,deny,manual,4104,,TRUE,FALSE,,,,,,https://cdn.shopify.com/s/files/1/0268/6749/9079/files/CM7518-1-Z.jpg,1,belleterre-5-pc-bedroom-set-w-chest,FALSE,BELLETERRE 5 Pc. Bedroom Set w/ Chest,"Shop BELLETERRE 5 Pc. Bedroom Set w/ Chest. Glam style. Velvet-Like Fabric, Solid Wood build. Size: Queen. Free shipping. Buy now at GOODDEGG.",CM7518-1-Z.jpg,lb,,1799,active
belleterre-5-pc-bedroom-set-w-chest,,,,,,,,,,,,,,,,,,,,,,,,,,,,,,,,https://cdn.shopify.com/s/files/1/0268/6749/9079/files/CM7518-2.jpg,2,belleterre-5-pc-bedroom-set-w-chest,,,,,,,,
belleterre-5-pc-bedroom-set-w-chest,,,,,,,,,,,,,,,,,,,,,,,,,,,,,,,,https://cdn.shopify.com/s/files/1/0268/6749/9079/files/CM7518-3.jpg,3,belleterre-5-pc-bedroom-set-w-chest,,,,,,,,
belleterre-5-pc-bedroom-set-w-chest,,,,,,,,,,,,,,,,,,,,,,,,,,,,,,,,https://cdn.shopify.com/s/files/1/0268/6749/9079/files/CM7518-4.jpg,4,belleterre-5-pc-bedroom-set-w-chest,,,,,,,,
gervais-3-pc-bedroom-set,GERVAIS 3 Pc. Bedroom Set,"<p><span style=""color:#1e73be;""><strong>FREE SHIPPING</strong></span><br>
GERVAIS 3 Pc. Bedroom Set completes the bedroom with a relaxed, pulled-together look. As a bedroom bed, it is designed to coordinate with matching pieces. The Mid-Century Modern character adds definition without feeling heavy. Finished in White Wash tones, the Solid Rubberwood, Engineered Wood build keeps the look polished and practical.<br>
Product Dimensions: BED: 65""W X 84""D X 40""H<br>
Size: Queen</p>

<p>Features<br>
- Vertical Reeding<br>
- Hidden Handles on Case Goods<br>
- Mortise & Tenon Joint<br>
- Splayed Bracket Feet Included items and dimensions:<br>
- Nightstand: color: White Wash; dimensions: 21"" W x 17.5""D x 20.5"" H; feature: Mid-Century Modern<br>
- Dresser: color: White Wash; dimensions: 48"" W x 17.5""D x 31.5"" H; feature: Mid-Century Modern</p>

<p>Materials: Solid Rubberwood, Engineered Wood.<br>
Color: White Wash<br>
Weight: 323.99 lbs</p>",GOODDEGG,Furniture > Beds & Accessories > Beds & Bed Frames,Bed,"Furniture of America, Quick Ship Furniture, New Arrival, Indoor Furniture, 2026",TRUE,Size,Queen,,,,,,,,FM7105WH-Q-3PC,146959,shopify,20,deny,manual,1617,,TRUE,FALSE,,,,,,https://cdn.shopify.com/s/files/1/0268/6749/9079/files/FM7105WH-1-Z.jpg,1,gervais-3-pc-bedroom-set,FALSE,GERVAIS 3 Pc. Bedroom Set,"Shop GERVAIS 3 Pc. Bedroom Set. Mid-Century Modern style. Solid Rubberwood, Engineered Wood build. Size: Queen. Free shipping. Buy now at GOODDEGG.",FM7105WH-1-Z.jpg,lb,,659,active
gervais-3-pc-bedroom-set,,,,,,,,,,,,,,,,,,,,,,,,,,,,,,,,https://cdn.shopify.com/s/files/1/0268/6749/9079/files/FM7105WH-1.jpg,2,gervais-3-pc-bedroom-set,,,,,,,,
gervais-3-pc-bedroom-set,,,,,,,,,,,,,,,,,,,,,,,,,,,,,,,,https://cdn.shopify.com/s/files/1/0268/6749/9079/files/FM7105WH-Q-2.jpg,3,gervais-3-pc-bedroom-set,,,,,,,,
gervais-3-pc-bedroom-set,,,,,,,,,,,,,,,,,,,,,,,,,,,,,,,,https://cdn.shopify.com/s/files/1/0268/6749/9079/files/FM7105WH-Q-3.jpg,4,gervais-3-pc-bedroom-set,,,,,,,,
gervais-3-pc-bedroom-set,,,,,,,,,,,,,,,,,,,,,,,,,,,,,,,,https://cdn.shopify.com/s/files/1/0268/6749/9079/files/FM7105WH-Q-4.jpg,5,gervais-3-pc-bedroom-set,,,,,,,,
gervais-4-pc-bedroom-set-w-chest,GERVAIS 4 Pc. Bedroom Set w/ Chest,"<p><span style=""color:#1e73be;""><strong>FREE SHIPPING</strong></span><br>
GERVAIS 4 Pc. Bedroom Set w/ Chest brings a restful, finished feel to the bedroom. This bedroom bed is made to fit naturally into the room. A Mid-Century Modern profile gives the space a refined, approachable look. Built from Solid Rubberwood, Engineered Wood and finished in White Wash tones for a clean, cohesive look.<br>
Product Dimensions: BED: 65""W X 84""D X 40""H<br>
Size: Queen</p>

<p>Features<br>
- Vertical Reeding<br>
- Hidden Handles on Case Goods<br>
- Mortise & Tenon Joint<br>
- Splayed Bracket Feet Included items and dimensions:<br>
- Nightstand: color: White Wash; dimensions: 21"" W x 17.5""D x 20.5"" H; feature: Mid-Century Modern<br>
- Chest: color: White Wash; dimensions: 32.5"" W x 17.5""D x 48"" H; feature: Mid-Century Modern<br>
- Dresser: color: White Wash; dimensions: 48"" W x 17.5""D x 31.5"" H; feature: Mid-Century Modern</p>

<p>Materials: Solid Rubberwood, Engineered Wood.<br>
Color: White Wash<br>
Weight: 474.61 lbs</p>",GOODDEGG,Furniture > Beds & Accessories > Beds & Bed Frames,Bed,"Furniture of America, Quick Ship Furniture, New Arrival, Indoor Furniture, 2026",TRUE,Size,Queen,,,,,,,,FM7105WH-Q-4PC-CHEST,215279,shopify,20,deny,manual,2334,,TRUE,FALSE,,,,,,https://cdn.shopify.com/s/files/1/0268/6749/9079/files/FM7105WH-1-Z.jpg,1,gervais-4-pc-bedroom-set-w-chest,FALSE,GERVAIS 4 Pc. Bedroom Set w/ Chest,"Shop GERVAIS 4 Pc. Bedroom Set w/ Chest. Mid-Century Modern style. Solid Rubberwood, Engineered Wood build. Size: Queen. Free shipping. Buy now at GOODDEGG.",FM7105WH-1-Z.jpg,lb,,999,active
gervais-4-pc-bedroom-set-w-chest,,,,,,,,,,,,,,,,,,,,,,,,,,,,,,,,https://cdn.shopify.com/s/files/1/0268/6749/9079/files/FM7105WH-1.jpg,2,gervais-4-pc-bedroom-set-w-chest,,,,,,,,
gervais-4-pc-bedroom-set-w-chest,,,,,,,,,,,,,,,,,,,,,,,,,,,,,,,,https://cdn.shopify.com/s/files/1/0268/6749/9079/files/FM7105WH-Q-2.jpg,3,gervais-4-pc-bedroom-set-w-chest,,,,,,,,
gervais-4-pc-bedroom-set-w-chest,,,,,,,,,,,,,,,,,,,,,,,,,,,,,,,,https://cdn.shopify.com/s/files/1/0268/6749/9079/files/FM7105WH-Q-3.jpg,4,gervais-4-pc-bedroom-set-w-chest,,,,,,,,
gervais-4-pc-bedroom-set-w-chest,,,,,,,,,,,,,,,,,,,,,,,,,,,,,,,,https://cdn.shopify.com/s/files/1/0268/6749/9079/files/FM7105WH-Q-4.jpg,5,gervais-4-pc-bedroom-set-w-chest,,,,,,,,
dortmund-4-pc-bedroom-set,DORTMUND 4 Pc. Bedroom Set,"<p><span style=""color:#1e73be;""><strong>FREE SHIPPING</strong></span><br>
Create a calm, coordinated retreat with DORTMUND 4 Pc. Bedroom Set. Designed as a bedroom bedroom, it pairs easily with surrounding decor. Its Contemporary styling keeps the room feeling polished yet comfortable. Crafted with Solid Wood, then finished in White tones to suit a range of interiors.<br>
Product Dimensions: BED: 84 5/8""L X 63 3/8""W X 51 7/8""H<br>
Size: Queen</p>

<p>Features<br>
- Mitered Corner Design<br>
- Wave Texture<br>
- Angled Legs on Case Goods<br>
- Bronze Round Knobs<br>
- Foundation Required Included items and dimensions:<br>
- Nightstand: color: White; dimensions: 22 5 or 8"" W x 15 3 or 4""D x 24 3 or 8"" H; feature: Contemporary<br>
- Dresser: color: White; dimensions: 56 3 or 4"" W x 16 1 or 2""D x 35 1 or 2"" H; feature: Contemporary</p>

<p>Materials: Solid Wood.<br>
Color: White<br>
Weight: 293.2 lbs</p>",GOODDEGG,Furniture > Furniture Sets > Bedroom Furniture Sets,Bedroom,"Furniture of America, Quick Ship Furniture, New Arrival, Indoor Furniture, 2026",TRUE,Size,Queen,,,,,,,,CM7465WH-Q-4PC,132993,shopify,20,deny,manual,1647,,TRUE,FALSE,,,,,,https://cdn.shopify.com/s/files/1/0268/6749/9079/files/CM7465WH-1.jpg,1,dortmund-4-pc-bedroom-set,FALSE,DORTMUND 4 Pc. Bedroom Set,"Shop DORTMUND 4 Pc. Bedroom Set. Contemporary style. Solid Wood, Others build. Size: Queen. Free shipping. Buy now at GOODDEGG.",CM7465WH-1.jpg,lb,,699,active
dortmund-4-pc-bedroom-set,,,,,,,,,,,,,,,,,,,,,,,,,,,,,,,,https://cdn.shopify.com/s/files/1/0268/6749/9079/files/CM7465WH-2.jpg,2,dortmund-4-pc-bedroom-set,,,,,,,,
dortmund-4-pc-bedroom-set,,,,,,,,,,,,,,,,,,,,,,,,,,,,,,,,https://cdn.shopify.com/s/files/1/0268/6749/9079/files/CM7465WH-3.jpg,3,dortmund-4-pc-bedroom-set,,,,,,,,
dortmund-4-pc-bedroom-set,,,,,,,,,,,,,,,,,,,,,,,,,,,,,,,,https://cdn.shopify.com/s/files/1/0268/6749/9079/files/CM7465WH-WB-1.jpg,4,dortmund-4-pc-bedroom-set,,,,,,,,
dortmund-5-pc-bedroom-set-w-2ns,DORTMUND 5 Pc. Bedroom Set w/ 2NS,"<p><span style=""color:#1e73be;""><strong>FREE SHIPPING</strong></span><br>
DORTMUND 5 Pc. Bedroom Set w/ 2NS completes the bedroom with a relaxed, pulled-together look. As a bedroom bedroom, it is designed to coordinate with matching pieces. The Contemporary character adds definition without feeling heavy. With Solid Wood, construction and White tones, it blends durability with visual warmth.<br>
Product Dimensions: BED: 84 5/8""L X 63 3/8""W X 51 7/8""H<br>
Size: Queen</p>

<p>Features<br>
- Mitered Corner Design<br>
- Wave Texture<br>
- Angled Legs on Case Goods<br>
- Bronze Round Knobs<br>
- Foundation Required Included items and dimensions:<br>
- Nightstand: color: White; dimensions: 22 5 or 8"" W x 15 3 or 4""D x 24 3 or 8"" H; feature: Contemporary<br>
- Dresser: color: White; dimensions: 56 3 or 4"" W x 16 1 or 2""D x 35 1 or 2"" H; feature: Contemporary</p>

<p>Materials: Solid Wood.<br>
Color: White<br>
Weight: 335.1 lbs</p>",GOODDEGG,Furniture > Furniture Sets > Bedroom Furniture Sets,Bedroom,"Furniture of America, Quick Ship Furniture, New Arrival, Indoor Furniture, 2026",TRUE,Size,Queen,,,,,,,,CM7465WH-Q-5PC-2NS,151999,shopify,20,deny,manual,1887,,TRUE,FALSE,,,,,,https://cdn.shopify.com/s/files/1/0268/6749/9079/files/CM7465WH-1.jpg,1,dortmund-5-pc-bedroom-set-w-2ns,FALSE,DORTMUND 5 Pc. Bedroom Set w/ 2NS,"Shop DORTMUND 5 Pc. Bedroom Set w/ 2NS. Contemporary style. Solid Wood, Others build. Size: Queen. Free shipping. Buy now at GOODDEGG.",CM7465WH-1.jpg,lb,,749,active
dortmund-5-pc-bedroom-set-w-2ns,,,,,,,,,,,,,,,,,,,,,,,,,,,,,,,,https://cdn.shopify.com/s/files/1/0268/6749/9079/files/CM7465WH-2.jpg,2,dortmund-5-pc-bedroom-set-w-2ns,,,,,,,,
dortmund-5-pc-bedroom-set-w-2ns,,,,,,,,,,,,,,,,,,,,,,,,,,,,,,,,https://cdn.shopify.com/s/files/1/0268/6749/9079/files/CM7465WH-3.jpg,3,dortmund-5-pc-bedroom-set-w-2ns,,,,,,,,
dortmund-5-pc-bedroom-set-w-2ns,,,,,,,,,,,,,,,,,,,,,,,,,,,,,,,,https://cdn.shopify.com/s/files/1/0268/6749/9079/files/CM7465WH-WB-1.jpg,4,dortmund-5-pc-bedroom-set-w-2ns,,,,,,,,
dortmund-5-pc-bedroom-set-w-chest,DORTMUND 5 Pc. Bedroom Set w/ Chest,"<p><span style=""color:#1e73be;""><strong>FREE SHIPPING</strong></span><br>
DORTMUND 5 Pc. Bedroom Set w/ Chest brings a restful, finished feel to the bedroom. This bedroom bedroom is made to fit naturally into the room. A Contemporary profile gives the space a refined, approachable look. Finished in White tones, the Solid Wood, build keeps the look polished and practical.<br>
Product Dimensions: BED: 84 5/8""L X 63 3/8""W X 51 7/8""H<br>
Size: Queen</p>

<p>Features<br>
- Mitered Corner Design<br>
- Wave Texture<br>
- Angled Legs on Case Goods<br>
- Bronze Round Knobs<br>
- Foundation Required Included items and dimensions:<br>
- Nightstand: color: White; dimensions: 22 5 or 8"" W x 15 3 or 4""D x 24 3 or 8"" H; feature: Contemporary<br>
- Dresser: color: White; dimensions: 56 3 or 4"" W x 16 1 or 2""D x 35 1 or 2"" H; feature: Contemporary<br>
- Chest: color: White; dimensions: 29 1 or 2"" W x 16 1 or 2""D x 47 7 or 8"" H; feature: Contemporary</p>

<p>Materials: Solid Wood.<br>
Color: White<br>
Weight: 411.2 lbs</p>",GOODDEGG,Furniture > Furniture Sets > Bedroom Furniture Sets,Bedroom,"Furniture of America, Quick Ship Furniture, New Arrival, Indoor Furniture, 2026",TRUE,Size,Queen,,,,,,,,CM7465WH-Q-5PC-CHEST,186517,shopify,20,deny,manual,2214,,TRUE,FALSE,,,,,,https://cdn.shopify.com/s/files/1/0268/6749/9079/files/CM7465WH-1.jpg,1,dortmund-5-pc-bedroom-set-w-chest,FALSE,DORTMUND 5 Pc. Bedroom Set w/ Chest,"Shop DORTMUND 5 Pc. Bedroom Set w/ Chest. Contemporary style. Solid Wood, Others build. Size: Queen. Free shipping. Buy now at GOODDEGG.",CM7465WH-1.jpg,lb,,948,active
dortmund-5-pc-bedroom-set-w-chest,,,,,,,,,,,,,,,,,,,,,,,,,,,,,,,,https://cdn.shopify.com/s/files/1/0268/6749/9079/files/CM7465WH-2.jpg,2,dortmund-5-pc-bedroom-set-w-chest,,,,,,,,
dortmund-5-pc-bedroom-set-w-chest,,,,,,,,,,,,,,,,,,,,,,,,,,,,,,,,https://cdn.shopify.com/s/files/1/0268/6749/9079/files/CM7465WH-3.jpg,3,dortmund-5-pc-bedroom-set-w-chest,,,,,,,,
dortmund-5-pc-bedroom-set-w-chest,,,,,,,,,,,,,,,,,,,,,,,,,,,,,,,,https://cdn.shopify.com/s/files/1/0268/6749/9079/files/CM7465WH-WB-1.jpg,4,dortmund-5-pc-bedroom-set-w-chest,,,,,,,,
durango-4-pc-bedroom-set,DURANGO 4 Pc. Bedroom Set,"<p><span style=""color:#1e73be;""><strong>FREE SHIPPING</strong></span><br>
DURANGO 4 Pc. Bedroom Set brings a restful, finished feel to the bedroom. This bedroom bedroom is made to fit naturally into the room. A Transitional profile gives the space a refined, approachable look. Crafted with Solid Wood, Wood Veneer, then finished in Warm Gray tones to suit a range of interiors.<br>
Product Dimensions: BED: 87 1/4""L X 65 3/4""W X 64""H<br>
Size: Queen</p>

<p>Features<br>
- Wire-brushed Finish<br>
- Dovetail Drawers<br>
- Felt-lined Top and Cedar Wood Bottom Drawers<br>
- Footbard Drawers w/ Full extension Glides<br>
- Ball-bearing Glides for Case Good Drawers<br>
- USB Port and Hidden Drawer on Nightstand<br>
- Foundation Required Included items and dimensions:<br>
- Nightstand w/ USB: color: Warm Gray; dimensions: 28"" W x 17""D x 28"" H; feature: Transitional<br>
- Dresser: color: Warm Gray; dimensions: 60"" W x 18""D x 38"" H; feature: Transitional</p>

<p>Materials: Solid Wood, Wood Veneer.<br>
Color: Warm Gray<br>
Weight: 464 lbs</p>",GOODDEGG,Furniture > Furniture Sets > Bedroom Furniture Sets,Bedroom,"Furniture of America, Quick Ship Furniture, New Arrival, Indoor Furniture, 2026",TRUE,Size,Queen,,,,,,,,CM7461GY-Q-4PC,210467,shopify,20,deny,manual,3027,,TRUE,FALSE,,,,,,https://cdn.shopify.com/s/files/1/0268/6749/9079/files/CM7461GY-1.jpg,1,durango-4-pc-bedroom-set,FALSE,DURANGO 4 Pc. Bedroom Set,"Shop DURANGO 4 Pc. Bedroom Set. Transitional style. Solid Wood, Wood Veneer build. Size: Queen. Free shipping. Buy now at GOODDEGG.",CM7461GY-1.jpg,lb,,1219,active
durango-4-pc-bedroom-set,,,,,,,,,,,,,,,,,,,,,,,,,,,,,,,,https://cdn.shopify.com/s/files/1/0268/6749/9079/files/CM7461GY-2.jpg,2,durango-4-pc-bedroom-set,,,,,,,,
durango-4-pc-bedroom-set,,,,,,,,,,,,,,,,,,,,,,,,,,,,,,,,https://cdn.shopify.com/s/files/1/0268/6749/9079/files/CM7461GY-3.jpg,3,durango-4-pc-bedroom-set,,,,,,,,
durango-4-pc-bedroom-set,,,,,,,,,,,,,,,,,,,,,,,,,,,,,,,,https://cdn.shopify.com/s/files/1/0268/6749/9079/files/CM7461GY-4.jpg,4,durango-4-pc-bedroom-set,,,,,,,,
durango-5-pc-bedroom-set-w-2ns,DURANGO 5 Pc. Bedroom Set w/ 2NS,"<p><span style=""color:#1e73be;""><strong>FREE SHIPPING</strong></span><br>
Create a calm, coordinated retreat with DURANGO 5 Pc. Bedroom Set w/ 2NS. Designed as a bedroom bedroom, it pairs easily with surrounding decor. Its Transitional styling keeps the room feeling polished yet comfortable. With Solid Wood, Wood Veneer, construction and Metallic Gray tones, it blends durability with visual warmth.<br>
Product Dimensions: BED: 87 1/4""L X 65 3/4""W X 64""H<br>
Size: Queen</p>

<p>Features<br>
- #REF! Included items and dimensions:<br>
- Nightstand w/ USB: color: Warm Gray; dimensions: 28"" W x 17""D x 28"" H; feature: Transitional<br>
- Dresser: color: Warm Gray; dimensions: 60"" W x 18""D x 38"" H; feature: Transitional</p>

<p>Materials: Solid Wood, Wood Veneer.<br>
Color: Metallic Gray<br>
Weight: 528.9 lbs</p>",GOODDEGG,Furniture > Furniture Sets > Bedroom Furniture Sets,Bedroom,"Furniture of America, Quick Ship Furniture, New Arrival, Indoor Furniture, 2026",TRUE,Size,Queen,,,,,,,,CM7461GY-Q-5PC-2NS,239905,shopify,20,deny,manual,3507,,TRUE,FALSE,,,,,,https://cdn.shopify.com/s/files/1/0268/6749/9079/files/CM7461GY-1.jpg,1,durango-5-pc-bedroom-set-w-2ns,FALSE,DURANGO 5 Pc. Bedroom Set w/ 2NS,"Shop DURANGO 5 Pc. Bedroom Set w/ 2NS. Transitional style. Solid Wood, Wood Veneer build. Size: Queen. Free shipping. Buy now at GOODDEGG.",CM7461GY-1.jpg,lb,,1409,active
durango-5-pc-bedroom-set-w-2ns,,,,,,,,,,,,,,,,,,,,,,,,,,,,,,,,https://cdn.shopify.com/s/files/1/0268/6749/9079/files/CM7461GY-2.jpg,2,durango-5-pc-bedroom-set-w-2ns,,,,,,,,
durango-5-pc-bedroom-set-w-2ns,,,,,,,,,,,,,,,,,,,,,,,,,,,,,,,,https://cdn.shopify.com/s/files/1/0268/6749/9079/files/CM7461GY-3.jpg,3,durango-5-pc-bedroom-set-w-2ns,,,,,,,,
durango-5-pc-bedroom-set-w-2ns,,,,,,,,,,,,,,,,,,,,,,,,,,,,,,,,https://cdn.shopify.com/s/files/1/0268/6749/9079/files/CM7461GY-4.jpg,4,durango-5-pc-bedroom-set-w-2ns,,,,,,,,
durango-5-pc-bedroom-set-w-chest,DURANGO 5 Pc. Bedroom Set w/ Chest,"<p><span style=""color:#1e73be;""><strong>FREE SHIPPING</strong></span><br>
DURANGO 5 Pc. Bedroom Set w/ Chest completes the bedroom with a relaxed, pulled-together look. As a bedroom bedroom, it is designed to coordinate with matching pieces. The Transitional character adds definition without feeling heavy. Finished in Metallic Gray tones, the Solid Wood, Wood Veneer, build keeps the look polished and practical.<br>
Product Dimensions: BED: 87 1/4""L X 65 3/4""W X 64""H<br>
Size: Queen</p>

<p>Features<br>
- #REF! Included items and dimensions:<br>
- Nightstand w/ USB: color: Warm Gray; dimensions: 28"" W x 17""D x 28"" H; feature: Transitional<br>
- Dresser: color: Warm Gray; dimensions: 60"" W x 18""D x 38"" H; feature: Transitional<br>
- Chest: color: Warm Gray; dimensions: 40"" W x 18""D x 53"" H; feature: Transitional</p>

<p>Materials: Solid Wood, Wood Veneer.<br>
Color: Metallic Gray<br>
Weight: 601.7 lbs</p>",GOODDEGG,Furniture > Furniture Sets > Bedroom Furniture Sets,Bedroom,"Furniture of America, Quick Ship Furniture, New Arrival, Indoor Furniture, 2026",TRUE,Size,Queen,,,,,,,,CM7461GY-Q-5PC-CHEST,272927,shopify,20,deny,manual,4104,,TRUE,FALSE,,,,,,https://cdn.shopify.com/s/files/1/0268/6749/9079/files/CM7461GY-1.jpg,1,durango-5-pc-bedroom-set-w-chest,FALSE,DURANGO 5 Pc. Bedroom Set w/ Chest,"Shop DURANGO 5 Pc. Bedroom Set w/ Chest. Transitional style. Solid Wood, Wood Veneer build. Size: Queen. Free shipping. Buy now at GOODDEGG.",CM7461GY-1.jpg,lb,,1658,active
durango-5-pc-bedroom-set-w-chest,,,,,,,,,,,,,,,,,,,,,,,,,,,,,,,,https://cdn.shopify.com/s/files/1/0268/6749/9079/files/CM7461GY-2.jpg,2,durango-5-pc-bedroom-set-w-chest,,,,,,,,
durango-5-pc-bedroom-set-w-chest,,,,,,,,,,,,,,,,,,,,,,,,,,,,,,,,https://cdn.shopify.com/s/files/1/0268/6749/9079/files/CM7461GY-3.jpg,3,durango-5-pc-bedroom-set-w-chest,,,,,,,,
durango-5-pc-bedroom-set-w-chest,,,,,,,,,,,,,,,,,,,,,,,,,,,,,,,,https://cdn.shopify.com/s/files/1/0268/6749/9079/files/CM7461GY-4.jpg,4,durango-5-pc-bedroom-set-w-chest,,,,,,,,
esparanza-4-pc-bedroom-set,ESPARANZA 4 Pc. Bedroom Set,"<p><span style=""color:#1e73be;""><strong>FREE SHIPPING</strong></span><br>
Elevate your space with ESPARANZA, styled in Traditional and designed for everyday comfort.<br>
This bedroom bedroom is made to fit naturally into the room. With Leatherette, Marble, Polyresin, Solid Wood, Engineered Wood and Brown Cherry or Pearl White tones, it blends structure and softness in one clean profile.<br>
Product Dimensions: BED: 91&quot;L X 69 1/2&quot;W X 72 1/4&quot;H<br>
Size: Queen</p>

<p>Features<br>
- Leatherette<br>
- Marble<br>
- Polyresin<br>
- Solid Wood<br>
- Engineered Wood<br>
- Button-tufted Headboard<br>
- Faux Wood Carved Details<br>
- Genuine Marble Top on Nightstand and Dresser<br>
- Felt-lined Top<br>
- Birch Middle<br>
- and Cedar Bottom Drawers<br>
- Ball-bearing Glides<br>
<strong>Variant Details</strong><br>
- <strong>Size: Queen | Color: Brown Cherry | Dimensions: BED: 91&quot;L X 69 1/2&quot;W X 72 1/4&quot;H | Weight: 662.3 lbs | Volume: 91.8 cuft</strong><br>
- <strong>Size: Queen | Color: Pearl White | Dimensions: BED: 91&quot;L X 69 1/2&quot;W X 72 1/4&quot;H | Weight: 661.4 lbs | Volume: 92.9 cuft</strong><br>
</p>

<p>Materials: Leatherette, Marble, Polyresin, Solid Wood, Engineered Wood.<br>
Color: Brown Cherry or Pearl White<br>
Weight: 661.4 - 662.3 lbs</p>",GOODDEGG,Furniture > Furniture Sets > Bedroom Furniture Sets,Bedroom,"Furniture of America, Quick Ship Furniture, New Arrival, Indoor Furniture, 2026",TRUE,Color,Brown Cherry,,,,,,,,CM7478CH-Q-4PC,300414,shopify,20,deny,manual,4137,,TRUE,FALSE,,,,,,https://cdn.shopify.com/s/files/1/0268/6749/9079/files/CM7478CH-1.jpg,1,esparanza-4-pc-bedroom-set,FALSE,ESPARANZA 4 Pc. Bedroom Set,"Shop ESPARANZA 4 Pc. Bedroom Set. Traditional style. Leatherette, Marble build. Multiple colors available. Free shipping. Buy now at GOODDEGG.",CM7478CH-1.jpg,lb,,1749,active
esparanza-4-pc-bedroom-set,,,,,,,,,Pearl White,,,,,,,,CM7478WH-Q-4PC,300006,shopify,20,deny,manual,4137,,TRUE,FALSE,,,,,,https://cdn.shopify.com/s/files/1/0268/6749/9079/files/CM7478CH-2.jpg,2,esparanza-4-pc-bedroom-set,,,,CM7478WH-1.jpg,lb,,1749,
esparanza-4-pc-bedroom-set,,,,,,,,,,,,,,,,,,,,,,,,,,,,,,,,https://cdn.shopify.com/s/files/1/0268/6749/9079/files/CM7478CH-3.jpg,3,esparanza-4-pc-bedroom-set,,,,,,,,
esparanza-4-pc-bedroom-set,,,,,,,,,,,,,,,,,,,,,,,,,,,,,,,,https://cdn.shopify.com/s/files/1/0268/6749/9079/files/CM7478WH-1.jpg,4,esparanza-4-pc-bedroom-set,,,,,,,,
esparanza-4-pc-bedroom-set,,,,,,,,,,,,,,,,,,,,,,,,,,,,,,,,https://cdn.shopify.com/s/files/1/0268/6749/9079/files/CM7478WH-2.jpg,5,esparanza-4-pc-bedroom-set,,,,,,,,
esparanza-4-pc-bedroom-set,,,,,,,,,,,,,,,,,,,,,,,,,,,,,,,,https://cdn.shopify.com/s/files/1/0268/6749/9079/files/CM7478WH-3.jpg,6,esparanza-4-pc-bedroom-set,,,,,,,,
esparanza-4-pc-bedroom-set,,,,,,,,,,,,,,,,,,,,,,,,,,,,,,,,https://cdn.shopify.com/s/files/1/0268/6749/9079/files/CM7478WH-D-2.jpg,7,esparanza-4-pc-bedroom-set,,,,,,,,
esparanza-4-pc-bedroom-set,,,,,,,,,,,,,,,,,,,,,,,,,,,,,,,,https://cdn.shopify.com/s/files/1/0268/6749/9079/files/CM7478WH-D-3.jpg,8,esparanza-4-pc-bedroom-set,,,,,,,,
esparanza-4-pc-bedroom-set,,,,,,,,,,,,,,,,,,,,,,,,,,,,,,,,https://cdn.shopify.com/s/files/1/0268/6749/9079/files/CM7478WH-D-4.jpg,9,esparanza-4-pc-bedroom-set,,,,,,,,
esparanza-5-pc-bedroom-set-w-2ns,ESPARANZA 5 Pc. Bedroom Set w/2NS,"<p><span style=""color:#1e73be;""><strong>FREE SHIPPING</strong></span><br>
Elevate your space with ESPARANZA, styled in Traditional and designed for everyday comfort.<br>
This bedroom bedroom is made to fit naturally into the room. With Leatherette, Marble, Polyresin, Solid Wood, Engineered Wood and Brown Cherry or Pearl White tones, it blends structure and softness in one clean profile.<br>
Product Dimensions: BED: 91&quot;L X 69 1/2&quot;W X 72 1/4&quot;H<br>
Size: Queen</p>

<p>Features<br>
- Leatherette<br>
- Marble<br>
- Polyresin<br>
- Solid Wood<br>
- Engineered Wood<br>
- #REF!<br>
<strong>Variant Details</strong><br>
- <strong>Size: Queen | Color: Brown Cherry | Dimensions: BED: 91&quot;L X 69 1/2&quot;W X 72 1/4&quot;H | Weight: 764.6 lbs | Volume: 105.6 cuft</strong><br>
- <strong>Size: Queen | Color: Pearl White | Dimensions: BED: 91&quot;L X 69 1/2&quot;W X 72 1/4&quot;H | Weight: 763.7 lbs | Volume: 106.9 cuft</strong><br>
</p>

<p>Materials: Leatherette, Marble, Polyresin, Solid Wood, Engineered Wood.<br>
Color: Brown Cherry or Pearl White<br>
Weight: 763.7 - 764.6 lbs</p>",GOODDEGG,Furniture > Furniture Sets > Bedroom Furniture Sets,Bedroom,"Furniture of America, Quick Ship Furniture, New Arrival, Indoor Furniture, 2026",TRUE,Color,Brown Cherry,,,,,,,,CM7478CH-Q-5PC-2NS,346817,shopify,20,deny,manual,4737,,TRUE,FALSE,,,,,,https://cdn.shopify.com/s/files/1/0268/6749/9079/files/CM7478CH-1.jpg,1,esparanza-5-pc-bedroom-set-w-2ns,FALSE,ESPARANZA 5 Pc. Bedroom Set w/2NS,"Shop ESPARANZA 5 Pc. Bedroom Set w/2NS. Traditional style. Leatherette, Marble build. Multiple colors available. Free shipping. Buy now at GOODDEGG.",CM7478CH-1.jpg,lb,,1999,active
esparanza-5-pc-bedroom-set-w-2ns,,,,,,,,,Pearl White,,,,,,,,CM7478WH-Q-5PC-2NS,346408,shopify,20,deny,manual,4737,,TRUE,FALSE,,,,,,https://cdn.shopify.com/s/files/1/0268/6749/9079/files/CM7478CH-2.jpg,2,esparanza-5-pc-bedroom-set-w-2ns,,,,CM7478WH-1.jpg,lb,,1999,
esparanza-5-pc-bedroom-set-w-2ns,,,,,,,,,,,,,,,,,,,,,,,,,,,,,,,,https://cdn.shopify.com/s/files/1/0268/6749/9079/files/CM7478CH-3.jpg,3,esparanza-5-pc-bedroom-set-w-2ns,,,,,,,,
esparanza-5-pc-bedroom-set-w-2ns,,,,,,,,,,,,,,,,,,,,,,,,,,,,,,,,https://cdn.shopify.com/s/files/1/0268/6749/9079/files/CM7478WH-1.jpg,4,esparanza-5-pc-bedroom-set-w-2ns,,,,,,,,
esparanza-5-pc-bedroom-set-w-2ns,,,,,,,,,,,,,,,,,,,,,,,,,,,,,,,,https://cdn.shopify.com/s/files/1/0268/6749/9079/files/CM7478WH-2.jpg,5,esparanza-5-pc-bedroom-set-w-2ns,,,,,,,,
esparanza-5-pc-bedroom-set-w-2ns,,,,,,,,,,,,,,,,,,,,,,,,,,,,,,,,https://cdn.shopify.com/s/files/1/0268/6749/9079/files/CM7478WH-3.jpg,6,esparanza-5-pc-bedroom-set-w-2ns,,,,,,,,
esparanza-5-pc-bedroom-set-w-2ns,,,,,,,,,,,,,,,,,,,,,,,,,,,,,,,,https://cdn.shopify.com/s/files/1/0268/6749/9079/files/CM7478WH-C-2.jpg,7,esparanza-5-pc-bedroom-set-w-2ns,,,,,,,,
esparanza-5-pc-bedroom-set-w-2ns,,,,,,,,,,,,,,,,,,,,,,,,,,,,,,,,https://cdn.shopify.com/s/files/1/0268/6749/9079/files/CM7478WH-D-2.jpg,8,esparanza-5-pc-bedroom-set-w-2ns,,,,,,,,
esparanza-5-pc-bedroom-set-w-2ns,,,,,,,,,,,,,,,,,,,,,,,,,,,,,,,,https://cdn.shopify.com/s/files/1/0268/6749/9079/files/CM7478WH-D-3.jpg,9,esparanza-5-pc-bedroom-set-w-2ns,,,,,,,,
esparanza-5-pc-bedroom-set-w-2ns,,,,,,,,,,,,,,,,,,,,,,,,,,,,,,,,https://cdn.shopify.com/s/files/1/0268/6749/9079/files/CM7478WH-D-4.jpg,10,esparanza-5-pc-bedroom-set-w-2ns,,,,,,,,
esparanza-5-pc-bedroom-set-w-chest,ESPARANZA 5 Pc. Bedroom Set w/Chest,"<p><span style=""color:#1e73be;""><strong>FREE SHIPPING</strong></span><br>
Elevate your space with ESPARANZA, styled in Traditional and designed for everyday comfort.<br>
This bedroom bedroom is made to fit naturally into the room. With Leatherette, Marble, Polyresin, Solid Wood, Engineered Wood and Brown Cherry or Pearl White tones, it blends structure and softness in one clean profile.<br>
Product Dimensions: BED: 91&quot;L X 69 1/2&quot;W X 72 1/4&quot;H<br>
Size: Queen</p>

<p>Features<br>
- Leatherette<br>
- Marble<br>
- Polyresin<br>
- Solid Wood<br>
- Engineered Wood<br>
- #REF!<br>
<strong>Variant Details</strong><br>
- <strong>Size: Queen | Color: Brown Cherry | Dimensions: BED: 91&quot;L X 69 1/2&quot;W X 72 1/4&quot;H | Weight: 853.7 lbs | Volume: 122.6 cuft</strong><br>
- <strong>Size: Queen | Color: Pearl White | Dimensions: BED: 91&quot;L X 69 1/2&quot;W X 72 1/4&quot;H | Weight: 850.4 lbs | Volume: 125.2 cuft</strong><br>
</p>

<p>Materials: Leatherette, Marble, Polyresin, Solid Wood, Engineered Wood.<br>
Color: Brown Cherry or Pearl White<br>
Weight: 850.4 - 853.7 lbs</p>",GOODDEGG,Furniture > Furniture Sets > Bedroom Furniture Sets,Bedroom,"Furniture of America, Quick Ship Furniture, New Arrival, Indoor Furniture, 2026",TRUE,Color,Brown Cherry,,,,,,,,CM7478CH-Q-5PC-CHEST,387232,shopify,20,deny,manual,5154,,TRUE,FALSE,,,,,,https://cdn.shopify.com/s/files/1/0268/6749/9079/files/CM7478CH-1.jpg,1,esparanza-5-pc-bedroom-set-w-chest,FALSE,ESPARANZA 5 Pc. Bedroom Set w/Chest,"Shop ESPARANZA 5 Pc. Bedroom Set w/Chest. Traditional style. Leatherette, Marble build. Multiple colors available. Free shipping. Buy now at GOODDEGG.",CM7478CH-1.jpg,lb,,2199,active
esparanza-5-pc-bedroom-set-w-chest,,,,,,,,,Pearl White,,,,,,,,CM7478WH-Q-5PC-CHEST,385735,shopify,20,deny,manual,5154,,TRUE,FALSE,,,,,,https://cdn.shopify.com/s/files/1/0268/6749/9079/files/CM7478CH-2.jpg,2,esparanza-5-pc-bedroom-set-w-chest,,,,CM7478WH-1.jpg,lb,,2199,
esparanza-5-pc-bedroom-set-w-chest,,,,,,,,,,,,,,,,,,,,,,,,,,,,,,,,https://cdn.shopify.com/s/files/1/0268/6749/9079/files/CM7478CH-3.jpg,3,esparanza-5-pc-bedroom-set-w-chest,,,,,,,,
esparanza-5-pc-bedroom-set-w-chest,,,,,,,,,,,,,,,,,,,,,,,,,,,,,,,,https://cdn.shopify.com/s/files/1/0268/6749/9079/files/CM7478WH-1.jpg,4,esparanza-5-pc-bedroom-set-w-chest,,,,,,,,
esparanza-5-pc-bedroom-set-w-chest,,,,,,,,,,,,,,,,,,,,,,,,,,,,,,,,https://cdn.shopify.com/s/files/1/0268/6749/9079/files/CM7478WH-2.jpg,5,esparanza-5-pc-bedroom-set-w-chest,,,,,,,,
esparanza-5-pc-bedroom-set-w-chest,,,,,,,,,,,,,,,,,,,,,,,,,,,,,,,,https://cdn.shopify.com/s/files/1/0268/6749/9079/files/CM7478WH-3.jpg,6,esparanza-5-pc-bedroom-set-w-chest,,,,,,,,
esparanza-5-pc-bedroom-set-w-chest,,,,,,,,,,,,,,,,,,,,,,,,,,,,,,,,https://cdn.shopify.com/s/files/1/0268/6749/9079/files/CM7478WH-C-2.jpg,7,esparanza-5-pc-bedroom-set-w-chest,,,,,,,,
esparanza-5-pc-bedroom-set-w-chest,,,,,,,,,,,,,,,,,,,,,,,,,,,,,,,,https://cdn.shopify.com/s/files/1/0268/6749/9079/files/CM7478WH-D-2.jpg,8,esparanza-5-pc-bedroom-set-w-chest,,,,,,,,
esparanza-5-pc-bedroom-set-w-chest,,,,,,,,,,,,,,,,,,,,,,,,,,,,,,,,https://cdn.shopify.com/s/files/1/0268/6749/9079/files/CM7478WH-D-3.jpg,9,esparanza-5-pc-bedroom-set-w-chest,,,,,,,,
esparanza-5-pc-bedroom-set-w-chest,,,,,,,,,,,,,,,,,,,,,,,,,,,,,,,,https://cdn.shopify.com/s/files/1/0268/6749/9079/files/CM7478WH-D-4.jpg,10,esparanza-5-pc-bedroom-set-w-chest,,,,,,,,
manzanillo-4-pc-bedroom-set,MANZANILLO 4 Pc. Bedroom Set,"<p><span style=""color:#1e73be;""><strong>FREE SHIPPING</strong></span><br>
MANZANILLO 4 Pc. Bedroom Set completes the bedroom with a relaxed, pulled-together look. As a bedroom bedroom, it is designed to coordinate with matching pieces. The Transitional character adds definition without feeling heavy. With Solid Wood, construction and Slate Blue tones, it blends durability with visual warmth.<br>
Product Dimensions: BED: 30""W X 17""D X 29 1/2""H<br>
Size: Queen</p>

<p>Features<br>
- Panel Headboard w/ Molding Details<br>
- Footbard Drawers w/ Full-extension Glides<br>
- Ball-bearing Glides for Case Good Drawers<br>
- Felt-lined Top Drawer<br>
- Nickel Round Knobs and Cup Pulls<br>
- Mattress Ready Included items and dimensions:<br>
- Nightstand: color: Slate Blue; dimensions: 30"" W x 17""D x 29 1 or 2"" H; feature: Transitional<br>
- Dresser: color: Slate Blue; dimensions: 63 7 or 8"" W x 18""D x 38"" H; feature: Transitional</p>

<p>Materials: Solid Wood.<br>
Color: Slate Blue<br>
Weight: 544.1 lbs</p>",GOODDEGG,Furniture > Furniture Sets > Bedroom Furniture Sets,Bedroom,"Furniture of America, Quick Ship Furniture, New Arrival, Indoor Furniture, 2026",TRUE,Size,Queen,,,,,,,,CM7470BL-Q-4PC,246800,shopify,20,deny,manual,2877,,TRUE,FALSE,,,,,,https://cdn.shopify.com/s/files/1/0268/6749/9079/files/CM7470BL-1.jpg,1,manzanillo-4-pc-bedroom-set,FALSE,MANZANILLO 4 Pc. Bedroom Set,"Shop MANZANILLO 4 Pc. Bedroom Set. Transitional style. Solid Wood, Others build. Size: Queen. Free shipping. Buy now at GOODDEGG.",CM7470BL-1.jpg,lb,,1249,active
manzanillo-4-pc-bedroom-set,,,,,,,,,,,,,,,,,,,,,,,,,,,,,,,,https://cdn.shopify.com/s/files/1/0268/6749/9079/files/CM7470BL-2.jpg,2,manzanillo-4-pc-bedroom-set,,,,,,,,
manzanillo-4-pc-bedroom-set,,,,,,,,,,,,,,,,,,,,,,,,,,,,,,,,https://cdn.shopify.com/s/files/1/0268/6749/9079/files/CM7470BL-3.jpg,3,manzanillo-4-pc-bedroom-set,,,,,,,,
manzanillo-4-pc-bedroom-set,,,,,,,,,,,,,,,,,,,,,,,,,,,,,,,,https://cdn.shopify.com/s/files/1/0268/6749/9079/files/CM7470BL-4.jpg,4,manzanillo-4-pc-bedroom-set,,,,,,,,
manzanillo-5-pc-bedroom-set-w-2ns,MANZANILLO 5 Pc. Bedroom Set w/ 2NS,"<p><span style=""color:#1e73be;""><strong>FREE SHIPPING</strong></span><br>
MANZANILLO 5 Pc. Bedroom Set w/ 2NS brings a restful, finished feel to the bedroom. This bedroom bedroom is made to fit naturally into the room. A Transitional profile gives the space a refined, approachable look. Finished in Slate Blue tones, the Solid Wood, build keeps the look polished and practical.<br>
Product Dimensions: BED: 30""W X 17""D X 29 1/2""H<br>
Size: Queen</p>

<p>Features<br>
- Panel Headboard w/ Molding Details<br>
- Footbard Drawers w/ Full-extension Glides<br>
- Ball-bearing Glides for Case Good Drawers<br>
- Felt-lined Top Drawer<br>
- Nickel Round Knobs and Cup Pulls<br>
- Mattress Ready Included items and dimensions:<br>
- Nightstand: color: Slate Blue; dimensions: 30"" W x 17""D x 29 1 or 2"" H; feature: Transitional<br>
- Dresser: color: Slate Blue; dimensions: 63 7 or 8"" W x 18""D x 38"" H; feature: Transitional</p>

<p>Materials: Solid Wood.<br>
Color: Slate Blue<br>
Weight: 621.1 lbs</p>",GOODDEGG,Furniture > Furniture Sets > Bedroom Furniture Sets,Bedroom,"Furniture of America, Quick Ship Furniture, New Arrival, Indoor Furniture, 2026",TRUE,Size,Queen,,,,,,,,CM7470BL-Q-5PC-2NS,281726,shopify,20,deny,manual,3297,,TRUE,FALSE,,,,,,https://cdn.shopify.com/s/files/1/0268/6749/9079/files/CM7470BL-1.jpg,1,manzanillo-5-pc-bedroom-set-w-2ns,FALSE,MANZANILLO 5 Pc. Bedroom Set w/ 2NS,"Shop MANZANILLO 5 Pc. Bedroom Set w/ 2NS. Transitional style. Solid Wood, Others build. Size: Queen. Free shipping. Buy now at GOODDEGG.",CM7470BL-1.jpg,lb,,1429,active
manzanillo-5-pc-bedroom-set-w-2ns,,,,,,,,,,,,,,,,,,,,,,,,,,,,,,,,https://cdn.shopify.com/s/files/1/0268/6749/9079/files/CM7470BL-2.jpg,2,manzanillo-5-pc-bedroom-set-w-2ns,,,,,,,,
manzanillo-5-pc-bedroom-set-w-2ns,,,,,,,,,,,,,,,,,,,,,,,,,,,,,,,,https://cdn.shopify.com/s/files/1/0268/6749/9079/files/CM7470BL-3.jpg,3,manzanillo-5-pc-bedroom-set-w-2ns,,,,,,,,
manzanillo-5-pc-bedroom-set-w-2ns,,,,,,,,,,,,,,,,,,,,,,,,,,,,,,,,https://cdn.shopify.com/s/files/1/0268/6749/9079/files/CM7470BL-4.jpg,4,manzanillo-5-pc-bedroom-set-w-2ns,,,,,,,,
manzanillo-5-pc-bedroom-set-w-chest,MANZANILLO 5 Pc. Bedroom Set w/ Chest,"<p><span style=""color:#1e73be;""><strong>FREE SHIPPING</strong></span><br>
Create a calm, coordinated retreat with MANZANILLO 5 Pc. Bedroom Set w/ Chest. Designed as a bedroom bedroom, it pairs easily with surrounding decor. Its Transitional styling keeps the room feeling polished yet comfortable. Built from Solid Wood, and finished in Slate Blue tones for a clean, cohesive look.<br>
Product Dimensions: BED: 30""W X 17""D X 29 1/2""H<br>
Size: Queen</p>

<p>Features<br>
- Panel Headboard w/ Molding Details<br>
- Footbard Drawers w/ Full-extension Glides<br>
- Ball-bearing Glides for Case Good Drawers<br>
- Felt-lined Top Drawer<br>
- Nickel Round Knobs and Cup Pulls<br>
- Mattress Ready Included items and dimensions:<br>
- Nightstand: color: Slate Blue; dimensions: 30"" W x 17""D x 29 1 or 2"" H; feature: Transitional<br>
- Dresser: color: Slate Blue; dimensions: 63 7 or 8"" W x 18""D x 38"" H; feature: Transitional<br>
- Chest: color: Slate Blue; dimensions: 38"" W x 18""D x 54"" H; feature: Transitional</p>

<p>Materials: Solid Wood.<br>
Color: Slate Blue<br>
Weight: 721.1 lbs</p>",GOODDEGG,Furniture > Furniture Sets > Bedroom Furniture Sets,Bedroom,"Furniture of America, Quick Ship Furniture, New Arrival, Indoor Furniture, 2026",TRUE,Size,Queen,,,,,,,,CM7470BL-Q-5PC-CHEST,327085,shopify,20,deny,manual,3834,,TRUE,FALSE,,,,,,https://cdn.shopify.com/s/files/1/0268/6749/9079/files/CM7470BL-1.jpg,1,manzanillo-5-pc-bedroom-set-w-chest,FALSE,MANZANILLO 5 Pc. Bedroom Set w/ Chest,"Shop MANZANILLO 5 Pc. Bedroom Set w/ Chest. Transitional style. Solid Wood, Others build. Size: Queen. Free shipping. Buy now at GOODDEGG.",CM7470BL-1.jpg,lb,,1628,active
manzanillo-5-pc-bedroom-set-w-chest,,,,,,,,,,,,,,,,,,,,,,,,,,,,,,,,https://cdn.shopify.com/s/files/1/0268/6749/9079/files/CM7470BL-2.jpg,2,manzanillo-5-pc-bedroom-set-w-chest,,,,,,,,
manzanillo-5-pc-bedroom-set-w-chest,,,,,,,,,,,,,,,,,,,,,,,,,,,,,,,,https://cdn.shopify.com/s/files/1/0268/6749/9079/files/CM7470BL-3.jpg,3,manzanillo-5-pc-bedroom-set-w-chest,,,,,,,,
manzanillo-5-pc-bedroom-set-w-chest,,,,,,,,,,,,,,,,,,,,,,,,,,,,,,,,https://cdn.shopify.com/s/files/1/0268/6749/9079/files/CM7470BL-4.jpg,4,manzanillo-5-pc-bedroom-set-w-chest,,,,,,,,
regulus-4-pc-bedroom-set,REGULUS 4 Pc. Bedroom Set,"<p><span style=""color:#1e73be;""><strong>FREE SHIPPING</strong></span><br>
Create a calm, coordinated retreat with REGULUS 4 Pc. Bedroom Set. Designed as a bedroom bedroom, it pairs easily with surrounding decor. Its Contemporary styling keeps the room feeling polished yet comfortable. Finished in Gray tones, the Solid Wood, Engineered Veneer build keeps the look polished and practical.<br>
Product Dimensions: BED: 85""L X 63""W X 56 1/4""H<br>
Size: Queen</p>

<p>Features<br>
- LED Lighting on Headboard<br>
- Footboard Drawers w/ Full-extension Glides<br>
- Ball-bearing Glides for Case Good Drawers<br>
- Felt-lined Top Drawer<br>
- Nickel Finger Pulls<br>
- Dovetail Drawers<br>
- Mattress Ready Included items and dimensions:<br>
- Nightstand: color: Gray; dimensions: 26"" W x 16""D x 27"" H; feature: Contemporary<br>
- Dresser: color: Gray; dimensions: 58"" W x 17 1 or 2""D x 36"" H; feature: Contemporary</p>

<p>Materials: Solid Wood, Engineered Veneer.<br>
Color: Gray<br>
Weight: 517.7 lbs</p>",GOODDEGG,Furniture > Furniture Sets > Bedroom Furniture Sets,Bedroom,"Furniture of America, Quick Ship Furniture, New Arrival, Indoor Furniture, 2026",TRUE,Size,Queen,,,,,,,,CM7475GY-Q-4PC,234825,shopify,20,deny,manual,2427,,TRUE,FALSE,,,,,,https://cdn.shopify.com/s/files/1/0268/6749/9079/files/CM7475GY-1.jpg,1,regulus-4-pc-bedroom-set,FALSE,REGULUS 4 Pc. Bedroom Set,"Shop REGULUS 4 Pc. Bedroom Set. Contemporary style. Solid Wood, Engineered Veneer build. Size: Queen. Free shipping. Buy now at GOODDEGG.",CM7475GY-1.jpg,lb,,999,active
regulus-4-pc-bedroom-set,,,,,,,,,,,,,,,,,,,,,,,,,,,,,,,,https://cdn.shopify.com/s/files/1/0268/6749/9079/files/CM7475GY-2.jpg,2,regulus-4-pc-bedroom-set,,,,,,,,
regulus-4-pc-bedroom-set,,,,,,,,,,,,,,,,,,,,,,,,,,,,,,,,https://cdn.shopify.com/s/files/1/0268/6749/9079/files/CM7475GY-3.jpg,3,regulus-4-pc-bedroom-set,,,,,,,,
regulus-4-pc-bedroom-set,,,,,,,,,,,,,,,,,,,,,,,,,,,,,,,,https://cdn.shopify.com/s/files/1/0268/6749/9079/files/CM7475GY-4.jpg,4,regulus-4-pc-bedroom-set,,,,,,,,
regulus-5-pc-bedroom-set-w-2ns,REGULUS 5 Pc. Bedroom Set w/ 2NS,"<p><span style=""color:#1e73be;""><strong>FREE SHIPPING</strong></span><br>
REGULUS 5 Pc. Bedroom Set w/ 2NS completes the bedroom with a relaxed, pulled-together look. As a bedroom bedroom, it is designed to coordinate with matching pieces. The Contemporary character adds definition without feeling heavy. Built from Solid Wood, Engineered Veneer and finished in Gray tones for a clean, cohesive look.<br>
Product Dimensions: BED: 85""L X 63""W X 56 1/4""H<br>
Size: Queen</p>

<p>Features<br>
- #REF! Included items and dimensions:<br>
- Nightstand: color: Gray; dimensions: 26"" W x 16""D x 27"" H; feature: Contemporary<br>
- Dresser: color: Gray; dimensions: 58"" W x 17 1 or 2""D x 36"" H; feature: Contemporary</p>

<p>Materials: Solid Wood, Engineered Veneer.<br>
Color: Gray<br>
Weight: 591 lbs</p>",GOODDEGG,Furniture > Furniture Sets > Bedroom Furniture Sets,Bedroom,"Furniture of America, Quick Ship Furniture, New Arrival, Indoor Furniture, 2026",TRUE,Size,Queen,,,,,,,,CM7475GY-Q-5PC-2NS,268073,shopify,20,deny,manual,2757,,TRUE,FALSE,,,,,,https://cdn.shopify.com/s/files/1/0268/6749/9079/files/CM7475GY-1.jpg,1,regulus-5-pc-bedroom-set-w-2ns,FALSE,REGULUS 5 Pc. Bedroom Set w/ 2NS,"Shop REGULUS 5 Pc. Bedroom Set w/ 2NS. Contemporary style. Solid Wood, Engineered Veneer build. Size: Queen. Free shipping. Buy now at GOODDEGG.",CM7475GY-1.jpg,lb,,1149,active
regulus-5-pc-bedroom-set-w-2ns,,,,,,,,,,,,,,,,,,,,,,,,,,,,,,,,https://cdn.shopify.com/s/files/1/0268/6749/9079/files/CM7475GY-2.jpg,2,regulus-5-pc-bedroom-set-w-2ns,,,,,,,,
regulus-5-pc-bedroom-set-w-2ns,,,,,,,,,,,,,,,,,,,,,,,,,,,,,,,,https://cdn.shopify.com/s/files/1/0268/6749/9079/files/CM7475GY-3.jpg,3,regulus-5-pc-bedroom-set-w-2ns,,,,,,,,
regulus-5-pc-bedroom-set-w-2ns,,,,,,,,,,,,,,,,,,,,,,,,,,,,,,,,https://cdn.shopify.com/s/files/1/0268/6749/9079/files/CM7475GY-4.jpg,4,regulus-5-pc-bedroom-set-w-2ns,,,,,,,,
regulus-5-pc-bedroom-set-w-chest,REGULUS 5 Pc. Bedroom Set w/ Chest,"<p><span style=""color:#1e73be;""><strong>FREE SHIPPING</strong></span><br>
REGULUS 5 Pc. Bedroom Set w/ Chest brings a restful, finished feel to the bedroom. This bedroom bedroom is made to fit naturally into the room. A Contemporary profile gives the space a refined, approachable look. Crafted with Solid Wood, Engineered Veneer, then finished in Gray tones to suit a range of interiors.<br>
Product Dimensions: BED: 85""L X 63""W X 56 1/4""H<br>
Size: Queen</p>

<p>Features<br>
- #REF! Included items and dimensions:<br>
- Nightstand: color: Gray; dimensions: 26"" W x 16""D x 27"" H; feature: Contemporary<br>
- Dresser: color: Gray; dimensions: 58"" W x 17 1 or 2""D x 36"" H; feature: Contemporary<br>
- Chest: color: Gray; dimensions: 33"" W x 17 1 or 2""D x 51 1 or 4"" H; feature: Contemporary</p>

<p>Materials: Solid Wood, Engineered Veneer.<br>
Color: Gray<br>
Weight: 702.5 lbs</p>",GOODDEGG,Furniture > Furniture Sets > Bedroom Furniture Sets,Bedroom,"Furniture of America, Quick Ship Furniture, New Arrival, Indoor Furniture, 2026",TRUE,Size,Queen,,,,,,,,CM7475GY-Q-5PC-CHEST,318649,shopify,20,deny,manual,3204,,TRUE,FALSE,,,,,,https://cdn.shopify.com/s/files/1/0268/6749/9079/files/CM7475GY-1.jpg,1,regulus-5-pc-bedroom-set-w-chest,FALSE,REGULUS 5 Pc. Bedroom Set w/ Chest,"Shop REGULUS 5 Pc. Bedroom Set w/ Chest. Contemporary style. Solid Wood, Engineered Veneer build. Size: Queen. Free shipping. Buy now at GOODDEGG.",CM7475GY-1.jpg,lb,,1299,active
regulus-5-pc-bedroom-set-w-chest,,,,,,,,,,,,,,,,,,,,,,,,,,,,,,,,https://cdn.shopify.com/s/files/1/0268/6749/9079/files/CM7475GY-2.jpg,2,regulus-5-pc-bedroom-set-w-chest,,,,,,,,
regulus-5-pc-bedroom-set-w-chest,,,,,,,,,,,,,,,,,,,,,,,,,,,,,,,,https://cdn.shopify.com/s/files/1/0268/6749/9079/files/CM7475GY-3.jpg,3,regulus-5-pc-bedroom-set-w-chest,,,,,,,,
regulus-5-pc-bedroom-set-w-chest,,,,,,,,,,,,,,,,,,,,,,,,,,,,,,,,https://cdn.shopify.com/s/files/1/0268/6749/9079/files/CM7475GY-4.jpg,4,regulus-5-pc-bedroom-set-w-chest,,,,,,,,
vagan-4-pc-bedroom-set,VAGAN 4 Pc. Bedroom Set,"<p><span style=""color:#1e73be;""><strong>FREE SHIPPING</strong></span><br>
VAGAN 4 Pc. Bedroom Set completes the bedroom with a relaxed, pulled-together look. As a bedroom bedroom, it is designed to coordinate with matching pieces. The Contemporary character adds definition without feeling heavy. With Solid Wood, Paper Veneer, Engineered Wood construction and Gray tones, it blends durability with visual warmth.<br>
Product Dimensions: BED: 83 3/4""L X 62 3/4""W X 53 3/4""H<br>
Size: Queen</p>

<p>Features<br>
- Chevron Pattern<br>
- Replicated Wood Grain<br>
- Black Angled Wooden Legs<br>
- Black Finger Pulls<br>
- Foundation Required Included items and dimensions:<br>
- Nightstand: color: Gray; dimensions: 23 1 or 8"" W x 16 3 or 8""D x 24 3 or 4"" H; feature: Contemporary<br>
- Dresser: color: Gray; dimensions: 57"" W x 16 3 or 8""D x 35"" H; feature: Contemporary</p>

<p>Materials: Solid Wood, Paper Veneer, Engineered Wood.<br>
Color: Gray<br>
Weight: 337 lbs</p>",GOODDEGG,Furniture > Furniture Sets > Bedroom Furniture Sets,Bedroom,"Furniture of America, Quick Ship Furniture, New Arrival, Indoor Furniture, 2026",TRUE,Size,Queen,,,,,,,,CM7472GY-Q-4PC,152861,shopify,20,deny,manual,1587,,TRUE,FALSE,,,,,,https://cdn.shopify.com/s/files/1/0268/6749/9079/files/CM7472GY-1.jpg,1,vagan-4-pc-bedroom-set,FALSE,VAGAN 4 Pc. Bedroom Set,"Shop VAGAN 4 Pc. Bedroom Set. Contemporary style. Solid Wood, Paper Veneer build. Size: Queen. Free shipping. Buy now at GOODDEGG.",CM7472GY-1.jpg,lb,,619,active
vagan-4-pc-bedroom-set,,,,,,,,,,,,,,,,,,,,,,,,,,,,,,,,https://cdn.shopify.com/s/files/1/0268/6749/9079/files/CM7472GY-2.jpg,2,vagan-4-pc-bedroom-set,,,,,,,,
vagan-4-pc-bedroom-set,,,,,,,,,,,,,,,,,,,,,,,,,,,,,,,,https://cdn.shopify.com/s/files/1/0268/6749/9079/files/CM7472GY-3.jpg,3,vagan-4-pc-bedroom-set,,,,,,,,
vagan-4-pc-bedroom-set,,,,,,,,,,,,,,,,,,,,,,,,,,,,,,,,https://cdn.shopify.com/s/files/1/0268/6749/9079/files/CM7472GY-WB-1.jpg,4,vagan-4-pc-bedroom-set,,,,,,,,
vagan-5-pc-bedroom-set-w-2ns,VAGAN 5 Pc. Bedroom Set w/ 2NS,"<p><span style=""color:#1e73be;""><strong>FREE SHIPPING</strong></span><br>
VAGAN 5 Pc. Bedroom Set w/ 2NS brings a restful, finished feel to the bedroom. This bedroom bedroom is made to fit naturally into the room. A Contemporary profile gives the space a refined, approachable look. Finished in Gray tones, the Solid Wood, Paper Veneer, Engineered Wood build keeps the look polished and practical.<br>
Product Dimensions: BED: 83 3/4""L X 62 3/4""W X 53 3/4""H<br>
Size: Queen</p>

<p>Features<br>
- Chevron Pattern<br>
- Replicated Wood Grain<br>
- Black Angled Wooden Legs<br>
- Black Finger Pulls<br>
- Foundation Required Included items and dimensions:<br>
- Nightstand: color: Gray; dimensions: 23 1 or 8"" W x 16 3 or 8""D x 24 3 or 4"" H; feature: Contemporary<br>
- Dresser: color: Gray; dimensions: 57"" W x 16 3 or 8""D x 35"" H; feature: Contemporary</p>

<p>Materials: Solid Wood, Paper Veneer, Engineered Wood.<br>
Color: Gray<br>
Weight: 383 lbs</p>",GOODDEGG,Furniture > Furniture Sets > Bedroom Furniture Sets,Bedroom,"Furniture of America, Quick Ship Furniture, New Arrival, Indoor Furniture, 2026",TRUE,Size,Queen,,,,,,,,CM7472GY-Q-5PC-2NS,173726,shopify,20,deny,manual,1827,,TRUE,FALSE,,,,,,https://cdn.shopify.com/s/files/1/0268/6749/9079/files/CM7472GY-1.jpg,1,vagan-5-pc-bedroom-set-w-2ns,FALSE,VAGAN 5 Pc. Bedroom Set w/ 2NS,"Shop VAGAN 5 Pc. Bedroom Set w/ 2NS. Contemporary style. Solid Wood, Paper Veneer build. Size: Queen. Free shipping. Buy now at GOODDEGG.",CM7472GY-1.jpg,lb,,719,active
vagan-5-pc-bedroom-set-w-2ns,,,,,,,,,,,,,,,,,,,,,,,,,,,,,,,,https://cdn.shopify.com/s/files/1/0268/6749/9079/files/CM7472GY-2.jpg,2,vagan-5-pc-bedroom-set-w-2ns,,,,,,,,
vagan-5-pc-bedroom-set-w-2ns,,,,,,,,,,,,,,,,,,,,,,,,,,,,,,,,https://cdn.shopify.com/s/files/1/0268/6749/9079/files/CM7472GY-3.jpg,3,vagan-5-pc-bedroom-set-w-2ns,,,,,,,,
vagan-5-pc-bedroom-set-w-2ns,,,,,,,,,,,,,,,,,,,,,,,,,,,,,,,,https://cdn.shopify.com/s/files/1/0268/6749/9079/files/CM7472GY-WB-1.jpg,4,vagan-5-pc-bedroom-set-w-2ns,,,,,,,,
vagan-5-pc-bedroom-set-w-chest,VAGAN 5 Pc. Bedroom Set w/ Chest,"<p><span style=""color:#1e73be;""><strong>FREE SHIPPING</strong></span><br>
Create a calm, coordinated retreat with VAGAN 5 Pc. Bedroom Set w/ Chest. Designed as a bedroom bedroom, it pairs easily with surrounding decor. Its Contemporary styling keeps the room feeling polished yet comfortable. Built from Solid Wood, Paper Veneer, Engineered Wood and finished in Gray tones for a clean, cohesive look.<br>
Product Dimensions: BED: 83 3/4""L X 62 3/4""W X 53 3/4""H<br>
Size: Queen</p>

<p>Features<br>
- Chevron Pattern<br>
- Replicated Wood Grain<br>
- Black Angled Wooden Legs<br>
- Black Finger Pulls<br>
- Foundation Required Included items and dimensions:<br>
- Nightstand: color: Gray; dimensions: 23 1 or 8"" W x 16 3 or 8""D x 24 3 or 4"" H; feature: Contemporary<br>
- Dresser: color: Gray; dimensions: 57"" W x 16 3 or 8""D x 35"" H; feature: Contemporary<br>
- Chest: color: Gray; dimensions: 30 1 or 2"" W x 16 3 or 8""D x 47 1 or 2"" H; feature: Contemporary</p>

<p>Materials: Solid Wood, Paper Veneer, Engineered Wood.<br>
Color: Gray<br>
Weight: 478 lbs</p>",GOODDEGG,Furniture > Furniture Sets > Bedroom Furniture Sets,Bedroom,"Furniture of America, Quick Ship Furniture, New Arrival, Indoor Furniture, 2026",TRUE,Size,Queen,,,,,,,,CM7472GY-Q-5PC-CHEST,216817,shopify,20,deny,manual,2094,,TRUE,FALSE,,,,,,https://cdn.shopify.com/s/files/1/0268/6749/9079/files/CM7472GY-1.jpg,1,vagan-5-pc-bedroom-set-w-chest,FALSE,VAGAN 5 Pc. Bedroom Set w/ Chest,"Shop VAGAN 5 Pc. Bedroom Set w/ Chest. Contemporary style. Solid Wood, Paper Veneer build. Size: Queen. Free shipping. Buy now at GOODDEGG.",CM7472GY-1.jpg,lb,,828,active
vagan-5-pc-bedroom-set-w-chest,,,,,,,,,,,,,,,,,,,,,,,,,,,,,,,,https://cdn.shopify.com/s/files/1/0268/6749/9079/files/CM7472GY-2.jpg,2,vagan-5-pc-bedroom-set-w-chest,,,,,,,,
vagan-5-pc-bedroom-set-w-chest,,,,,,,,,,,,,,,,,,,,,,,,,,,,,,,,https://cdn.shopify.com/s/files/1/0268/6749/9079/files/CM7472GY-3.jpg,3,vagan-5-pc-bedroom-set-w-chest,,,,,,,,
vagan-5-pc-bedroom-set-w-chest,,,,,,,,,,,,,,,,,,,,,,,,,,,,,,,,https://cdn.shopify.com/s/files/1/0268/6749/9079/files/CM7472GY-WB-1.jpg,4,vagan-5-pc-bedroom-set-w-chest,,,,,,,,
lycoris-daybed-w-trundle,LYCORIS Daybed w/Trundle,"<p><span style=""color:#1e73be;""><strong>FREE SHIPPING</strong></span><br>
Elevate your space with LYCORIS, styled in Transitional and designed for everyday comfort.<br>
This bedroom day bed is made to fit naturally into the room. With Solid Wood, Engineered Wood and Light Gray or White tones, it blends structure and softness in one clean profile.<br>
Product Dimensions: Varies by variant (see Variant Details below).<br>
Size: Twin</p>

<p>Features<br>
- Solid Wood<br>
- Engineered Wood<br>
<strong>Variant Details</strong><br>
- <strong>Size: Twin | Color: Light Gray | Dimensions: 81 3/8&quot;L X 43 1/8&quot;W X 47 1/8&quot;H | Weight: 226.6 lbs | Volume: 21.4 cuft</strong><br>
- <strong>Size: Twin | Color: White | Dimensions: 81.5&quot;W X 43&quot;D X 47&quot;H | Weight: 225.5 lbs | Volume: 22 cuft</strong><br>
</p>

<p>Materials: Solid Wood, Engineered Wood.<br>
Color: Light Gray or White<br>
Weight: 225.5 - 226.6 lbs</p>",GOODDEGG,Furniture > Daybeds,Day Bed,"Furniture of America, Quick Ship Furniture, New Arrival, Indoor Furniture, 2026",TRUE,Color,Light Gray,,,,,,,,CM1477GY-BED+TR,102784,shopify,20,deny,manual,1107,,TRUE,FALSE,,,,,,https://cdn.shopify.com/s/files/1/0268/6749/9079/files/CM1477GY-1-z.jpg,1,lycoris-daybed-w-trundle,FALSE,LYCORIS Daybed w/Trundle,"Shop LYCORIS Daybed w/Trundle Day Bed. Transitional style. Solid Wood, Engineered Wood build. Multiple colors available. Free shipping. Buy now at GOODDEGG.",CM1477GY-1-Z.jpg,lb,,439,active
lycoris-daybed-w-trundle,,,,,,,,,White,,,,,,,,CM1477WH-BED+TR,102285,shopify,20,deny,manual,1107,,TRUE,FALSE,,,,,,https://cdn.shopify.com/s/files/1/0268/6749/9079/files/CM1477GY-2.jpg,2,lycoris-daybed-w-trundle,,,,CM1477WH-1-Z.jpg,lb,,439,
lycoris-daybed-w-trundle,,,,,,,,,,,,,,,,,,,,,,,,,,,,,,,,https://cdn.shopify.com/s/files/1/0268/6749/9079/files/CM1477GY-3.jpg,3,lycoris-daybed-w-trundle,,,,,,,,
lycoris-daybed-w-trundle,,,,,,,,,,,,,,,,,,,,,,,,,,,,,,,,https://cdn.shopify.com/s/files/1/0268/6749/9079/files/CM1477GY-4.jpg,4,lycoris-daybed-w-trundle,,,,,,,,
lycoris-daybed-w-trundle,,,,,,,,,,,,,,,,,,,,,,,,,,,,,,,,https://cdn.shopify.com/s/files/1/0268/6749/9079/files/CM1477GY-5.jpg,5,lycoris-daybed-w-trundle,,,,,,,,
lycoris-daybed-w-trundle,,,,,,,,,,,,,,,,,,,,,,,,,,,,,,,,https://cdn.shopify.com/s/files/1/0268/6749/9079/files/CM1477WH-1-Z.jpg,6,lycoris-daybed-w-trundle,,,,,,,,
lycoris-daybed-w-trundle,,,,,,,,,,,,,,,,,,,,,,,,,,,,,,,,https://cdn.shopify.com/s/files/1/0268/6749/9079/files/CM1477WH-2.jpg,7,lycoris-daybed-w-trundle,,,,,,,,
